i,k,old_q,old_q_ch_in,old_q_ch_out,qlat_ch_old
1,1,649.530518,0.00000000,32.3535118,7.45119643E-04
1,2,649.530518,32.3535118,64.8655777,7.45119643E-04
1,3,649.530518,64.8655777,96.4546661,7.45119643E-04
1,4,649.530518,96.4546661,130.773560,7.45119643E-04
1,5,649.530518,130.773560,161.473450,7.45119643E-04
1,6,649.530518,161.473450,191.150208,7.45119643E-04
1,7,649.530518,191.150208,229.962860,7.45119643E-04
1,8,649.530518,229.962860,261.331085,7.45119643E-04
1,9,649.530518,261.331085,288.441345,7.45119643E-04
1,10,649.530518,288.441345,319.488251,7.45119643E-04
1,11,649.530518,319.488251,354.638824,7.45119643E-04
1,12,649.530518,354.638824,396.236298,7.45119643E-04
1,13,649.530518,396.236298,427.722321,7.45119643E-04
1,14,649.530518,427.722321,447.173828,7.45119643E-04
1,15,649.530518,447.173828,474.256104,7.45119643E-04
1,16,649.530518,474.256104,515.093445,7.45119643E-04
1,17,649.530518,515.093445,556.489685,7.45119643E-04
1,18,649.530518,556.489685,590.117676,7.45119643E-04
1,19,649.530518,590.117676,619.979492,7.45119643E-04
1,20,649.530518,619.979492,649.530518,7.45119643E-04
2,1,0.00000000,0.00000000,0.00000000,-3.80025525E-03
2,2,0.00000000,0.00000000,0.00000000,-3.80025525E-03
2,3,0.00000000,0.00000000,0.00000000,-3.80025525E-03
2,4,0.00000000,0.00000000,0.00000000,-3.80025525E-03
2,5,0.00000000,0.00000000,0.00000000,-3.80025525E-03
2,6,0.00000000,0.00000000,0.00000000,-3.80025525E-03
2,7,0.00000000,0.00000000,0.00000000,-3.80025525E-03
2,8,0.00000000,0.00000000,0.00000000,-3.80025525E-03
2,9,0.00000000,0.00000000,0.00000000,-3.80025525E-03
2,10,0.00000000,0.00000000,0.00000000,-3.80025525E-03
2,11,0.00000000,0.00000000,0.00000000,-3.80025525E-03
2,12,0.00000000,0.00000000,0.00000000,-3.80025525E-03
2,13,0.00000000,0.00000000,0.00000000,-3.80025525E-03
2,14,0.00000000,0.00000000,0.00000000,-3.80025525E-03
2,15,0.00000000,0.00000000,0.00000000,-3.80025525E-03
2,16,0.00000000,0.00000000,0.00000000,-3.80025525E-03
2,17,0.00000000,0.00000000,0.00000000,-3.80025525E-03
2,18,0.00000000,0.00000000,0.00000000,-3.80025525E-03
2,19,0.00000000,0.00000000,0.00000000,-3.80025525E-03
2,20,0.00000000,0.00000000,0.00000000,-3.80025525E-03
3,1,16.6736526,0.00000000,0.850041449,1.27075073E-05
3,2,16.6736526,0.850041449,1.70008290,1.27075073E-05
3,3,16.6736526,1.70008290,2.55012441,1.27075073E-05
3,4,16.6736526,2.55012441,3.40016580,1.27075073E-05
3,5,16.6736526,3.40016580,4.25020695,1.27075073E-05
3,6,16.6736526,4.25020695,5.10025406,1.27075073E-05
3,7,16.6736526,5.10025406,5.95024300,1.27075073E-05
3,8,16.6736526,5.95024300,6.80066347,1.27075073E-05
3,9,16.6736526,6.80066347,7.64854240,1.27075073E-05
3,10,16.6736526,7.64854240,8.50838089,1.27075073E-05
3,11,16.6736526,8.50838089,9.32337379,1.27075073E-05
3,12,16.6736526,9.32337379,10.2704706,1.27075073E-05
3,13,16.6736526,10.2704706,10.9211597,1.27075073E-05
3,14,16.6736526,10.9211597,12.0468092,1.27075073E-05
3,15,16.6736526,12.0468092,12.7097330,1.27075073E-05
3,16,16.6736526,12.7097330,13.5005217,1.27075073E-05
3,17,16.6736526,13.5005217,14.3706284,1.27075073E-05
3,18,16.6736526,14.3706284,15.9599848,1.27075073E-05
3,19,16.6736526,15.9599848,15.4186449,1.27075073E-05
3,20,16.6736526,15.4186449,16.6736526,1.27075073E-05
4,1,23.5536747,0.00000000,1.21650958,1.94909517E-05
4,2,23.5536747,1.21650958,2.25488830,1.94909517E-05
4,3,23.5536747,2.25488830,3.82549047,1.94909517E-05
4,4,23.5536747,3.82549047,4.75549173,1.94909517E-05
4,5,23.5536747,4.75549173,5.72615290,1.94909517E-05
4,6,23.5536747,5.72615290,7.08210659,1.94909517E-05
4,7,23.5536747,7.08210659,8.54866982,1.94909517E-05
4,8,23.5536747,8.54866982,9.80598640,1.94909517E-05
4,9,23.5536747,9.80598640,10.8180676,1.94909517E-05
4,10,23.5536747,10.8180676,11.7684937,1.94909517E-05
4,11,23.5536747,11.7684937,12.8518314,1.94909517E-05
4,12,23.5536747,12.8518314,14.1341801,1.94909517E-05
4,13,23.5536747,14.1341801,15.5433102,1.94909517E-05
4,14,23.5536747,15.5433102,16.9435806,1.94909517E-05
4,15,23.5536747,16.9435806,18.2235222,1.94909517E-05
4,16,23.5536747,18.2235222,19.3473816,1.94909517E-05
4,17,23.5536747,19.3473816,20.3575783,1.94909517E-05
4,18,23.5536747,20.3575783,21.3418427,1.94909517E-05
4,19,23.5536747,21.3418427,22.3889618,1.94909517E-05
4,20,23.5536747,22.3889618,23.5536747,1.94909517E-05
5,1,0.00000000,0.00000000,0.00000000,-9.89233627E-07
5,2,0.00000000,0.00000000,0.00000000,-9.89233627E-07
5,3,0.00000000,0.00000000,0.00000000,-9.89233627E-07
5,4,0.00000000,0.00000000,0.00000000,-9.89233627E-07
5,5,0.00000000,0.00000000,0.00000000,-9.89233627E-07
5,6,0.00000000,0.00000000,0.00000000,-9.89233627E-07
5,7,0.00000000,0.00000000,0.00000000,-9.89233627E-07
5,8,0.00000000,0.00000000,0.00000000,-9.89233627E-07
5,9,0.00000000,0.00000000,0.00000000,-9.89233627E-07
5,10,0.00000000,0.00000000,0.00000000,-9.89233627E-07
5,11,0.00000000,0.00000000,0.00000000,-9.89233627E-07
5,12,0.00000000,0.00000000,0.00000000,-9.89233627E-07
5,13,0.00000000,0.00000000,0.00000000,-9.89233627E-07
5,14,0.00000000,0.00000000,0.00000000,-9.89233627E-07
5,15,0.00000000,0.00000000,0.00000000,-9.89233627E-07
5,16,0.00000000,0.00000000,0.00000000,-9.89233627E-07
5,17,0.00000000,0.00000000,0.00000000,-9.89233627E-07
5,18,0.00000000,0.00000000,0.00000000,-9.89233627E-07
5,19,0.00000000,0.00000000,0.00000000,-9.89233627E-07
5,20,0.00000000,0.00000000,0.00000000,-9.89233627E-07
6,1,0.00000000,0.00000000,0.00000000,-6.21395429E-06
6,2,0.00000000,0.00000000,0.00000000,-6.21395429E-06
6,3,0.00000000,0.00000000,0.00000000,-6.21395429E-06
6,4,0.00000000,0.00000000,0.00000000,-6.21395429E-06
6,5,0.00000000,0.00000000,0.00000000,-6.21395429E-06
6,6,0.00000000,0.00000000,0.00000000,-6.21395429E-06
6,7,0.00000000,0.00000000,0.00000000,-6.21395429E-06
6,8,0.00000000,0.00000000,0.00000000,-6.21395429E-06
6,9,0.00000000,0.00000000,0.00000000,-6.21395429E-06
6,10,0.00000000,0.00000000,0.00000000,-6.21395429E-06
6,11,0.00000000,0.00000000,0.00000000,-6.21395429E-06
6,12,0.00000000,0.00000000,0.00000000,-6.21395429E-06
6,13,0.00000000,0.00000000,0.00000000,-6.21395429E-06
6,14,0.00000000,0.00000000,0.00000000,-6.21395429E-06
6,15,0.00000000,0.00000000,0.00000000,-6.21395429E-06
6,16,0.00000000,0.00000000,0.00000000,-6.21395429E-06
6,17,0.00000000,0.00000000,0.00000000,-6.21395429E-06
6,18,0.00000000,0.00000000,0.00000000,-6.21395429E-06
6,19,0.00000000,0.00000000,0.00000000,-6.21395429E-06
6,20,0.00000000,0.00000000,0.00000000,-6.21395429E-06
7,1,2.65742623E-04,0.00000000,1.53700457E-05,1.17436094E-09
7,2,2.65742623E-04,1.53700457E-05,3.15994112E-05,1.17436094E-09
7,3,2.65742623E-04,3.15994112E-05,4.41581506E-05,1.17436094E-09
7,4,2.65742623E-04,4.41581506E-05,6.43661770E-05,1.17436094E-09
7,5,2.65742623E-04,6.43661770E-05,7.79405455E-05,1.17436094E-09
7,6,2.65742623E-04,7.79405455E-05,9.00715677E-05,1.17436094E-09
7,7,2.65742623E-04,9.00715677E-05,1.06700623E-04,1.17436094E-09
7,8,2.65742623E-04,1.06700623E-04,1.26218816E-04,1.17436094E-09
7,9,2.65742623E-04,1.26218816E-04,1.35205322E-04,1.17436094E-09
7,10,2.65742623E-04,1.35205322E-04,1.78280388E-04,1.17436094E-09
7,11,2.65742623E-04,1.78280388E-04,1.34002417E-04,1.17436094E-09
7,12,2.65742623E-04,1.34002417E-04,1.89125320E-04,1.17436094E-09
7,13,2.65742623E-04,1.89125320E-04,2.25542768E-04,1.17436094E-09
7,14,2.65742623E-04,2.25542768E-04,2.17399473E-04,1.17436094E-09
7,15,2.65742623E-04,2.17399473E-04,2.11070408E-04,1.17436094E-09
7,16,2.65742623E-04,2.11070408E-04,2.46234180E-04,1.17436094E-09
7,17,2.65742623E-04,2.46234180E-04,2.35955376E-04,1.17436094E-09
7,18,2.65742623E-04,2.35955376E-04,3.44051165E-04,1.17436094E-09
7,19,2.65742623E-04,3.44051165E-04,3.03010194E-04,1.17436094E-09
7,20,2.65742623E-04,3.03010194E-04,2.65742623E-04,1.17436094E-09
8,1,0.00000000,0.00000000,0.00000000,-1.01422862E-04
8,2,0.00000000,0.00000000,0.00000000,-1.01422862E-04
8,3,0.00000000,0.00000000,0.00000000,-1.01422862E-04
8,4,0.00000000,0.00000000,0.00000000,-1.01422862E-04
8,5,0.00000000,0.00000000,0.00000000,-1.01422862E-04
8,6,0.00000000,0.00000000,0.00000000,-1.01422862E-04
8,7,0.00000000,0.00000000,0.00000000,-1.01422862E-04
8,8,0.00000000,0.00000000,0.00000000,-1.01422862E-04
8,9,0.00000000,0.00000000,0.00000000,-1.01422862E-04
8,10,0.00000000,0.00000000,0.00000000,-1.01422862E-04
8,11,0.00000000,0.00000000,0.00000000,-1.01422862E-04
8,12,0.00000000,0.00000000,0.00000000,-1.01422862E-04
8,13,0.00000000,0.00000000,0.00000000,-1.01422862E-04
8,14,0.00000000,0.00000000,0.00000000,-1.01422862E-04
8,15,0.00000000,0.00000000,0.00000000,-1.01422862E-04
8,16,0.00000000,0.00000000,0.00000000,-1.01422862E-04
8,17,0.00000000,0.00000000,0.00000000,-1.01422862E-04
8,18,0.00000000,0.00000000,0.00000000,-1.01422862E-04
8,19,0.00000000,0.00000000,0.00000000,-1.01422862E-04
8,20,0.00000000,0.00000000,0.00000000,-1.01422862E-04
9,1,0.00000000,0.00000000,0.00000000,-3.00286938E-05
9,2,0.00000000,0.00000000,0.00000000,-3.00286938E-05
9,3,0.00000000,0.00000000,0.00000000,-3.00286938E-05
9,4,0.00000000,0.00000000,0.00000000,-3.00286938E-05
9,5,0.00000000,0.00000000,0.00000000,-3.00286938E-05
9,6,0.00000000,0.00000000,0.00000000,-3.00286938E-05
9,7,0.00000000,0.00000000,0.00000000,-3.00286938E-05
9,8,0.00000000,0.00000000,0.00000000,-3.00286938E-05
9,9,0.00000000,0.00000000,0.00000000,-3.00286938E-05
9,10,0.00000000,0.00000000,0.00000000,-3.00286938E-05
9,11,0.00000000,0.00000000,0.00000000,-3.00286938E-05
9,12,0.00000000,0.00000000,0.00000000,-3.00286938E-05
9,13,0.00000000,0.00000000,0.00000000,-3.00286938E-05
9,14,0.00000000,0.00000000,0.00000000,-3.00286938E-05
9,15,0.00000000,0.00000000,0.00000000,-3.00286938E-05
9,16,0.00000000,0.00000000,0.00000000,-3.00286938E-05
9,17,0.00000000,0.00000000,0.00000000,-3.00286938E-05
9,18,0.00000000,0.00000000,0.00000000,-3.00286938E-05
9,19,0.00000000,0.00000000,0.00000000,-3.00286938E-05
9,20,0.00000000,0.00000000,0.00000000,-3.00286938E-05
10,1,24.1104298,0.00000000,1.32359433,2.49804667E-04
10,2,24.1104298,1.32359433,2.24098897,2.49804667E-04
10,3,24.1104298,2.24098897,3.53395677,2.49804667E-04
10,4,24.1104298,3.53395677,4.98295116,2.49804667E-04
10,5,24.1104298,4.98295116,6.32819700,2.49804667E-04
10,6,24.1104298,6.32819700,7.49274683,2.49804667E-04
10,7,24.1104298,7.49274683,8.54023933,2.49804667E-04
10,8,24.1104298,8.54023933,9.58007812,2.49804667E-04
10,9,24.1104298,9.58007812,10.6982594,2.49804667E-04
10,10,24.1104298,10.6982594,11.9287739,2.49804667E-04
10,11,24.1104298,11.9287739,13.2563000,2.49804667E-04
10,12,24.1104298,13.2563000,14.6348267,2.49804667E-04
10,13,24.1104298,14.6348267,16.0098343,2.49804667E-04
10,14,24.1104298,16.0098343,17.3360386,2.49804667E-04
10,15,24.1104298,17.3360386,18.5876369,2.49804667E-04
10,16,24.1104298,18.5876369,19.7608967,2.49804667E-04
10,17,24.1104298,19.7608967,20.8709278,2.49804667E-04
10,18,24.1104298,20.8709278,21.9450684,2.49804667E-04
10,19,24.1104298,21.9450684,23.0151081,2.49804667E-04
10,20,24.1104298,23.0151081,24.1104298,2.49804667E-04
11,1,5.74736357,0.00000000,0.286308944,4.85844339E-06
11,2,5.74736357,0.286308944,0.558629394,4.85844339E-06
11,3,5.74736357,0.558629394,0.892861724,4.85844339E-06
11,4,5.74736357,0.892861724,1.09149885,4.85844339E-06
11,5,5.74736357,1.09149885,1.41988981,4.85844339E-06
11,6,5.74736357,1.41988981,1.75994956,4.85844339E-06
11,7,5.74736357,1.75994956,2.01228142,4.85844339E-06
11,8,5.74736357,2.01228142,2.23841333,4.85844339E-06
11,9,5.74736357,2.23841333,2.51894116,4.85844339E-06
11,10,5.74736357,2.51894116,2.85330892,4.85844339E-06
11,11,5.74736357,2.85330892,3.18503261,4.85844339E-06
11,12,5.74736357,3.18503261,3.47039008,4.85844339E-06
11,13,5.74736357,3.47039008,3.71273041,4.85844339E-06
11,14,5.74736357,3.71273041,3.94877744,4.85844339E-06
11,15,5.74736357,3.94877744,4.21458912,4.85844339E-06
11,16,5.74736357,4.21458912,4.52131367,4.85844339E-06
11,17,5.74736357,4.52131367,4.85293961,4.85844339E-06
11,18,5.74736357,4.85293961,5.18066597,4.85844339E-06
11,19,5.74736357,5.18066597,5.48104572,4.85844339E-06
11,20,5.74736357,5.48104572,5.74736357,4.85844339E-06
12,1,0.00000000,0.00000000,0.00000000,-6.93663904E-10
12,2,0.00000000,0.00000000,0.00000000,-6.93663904E-10
12,3,0.00000000,0.00000000,0.00000000,-6.93663904E-10
12,4,0.00000000,0.00000000,0.00000000,-6.93663904E-10
12,5,0.00000000,0.00000000,0.00000000,-6.93663904E-10
12,6,0.00000000,0.00000000,0.00000000,-6.93663904E-10
12,7,0.00000000,0.00000000,0.00000000,-6.93663904E-10
12,8,0.00000000,0.00000000,0.00000000,-6.93663904E-10
12,9,0.00000000,0.00000000,0.00000000,-6.93663904E-10
12,10,0.00000000,0.00000000,0.00000000,-6.93663904E-10
12,11,0.00000000,0.00000000,0.00000000,-6.93663904E-10
12,12,0.00000000,0.00000000,0.00000000,-6.93663904E-10
12,13,0.00000000,0.00000000,0.00000000,-6.93663904E-10
12,14,0.00000000,0.00000000,0.00000000,-6.93663904E-10
12,15,0.00000000,0.00000000,0.00000000,-6.93663904E-10
12,16,0.00000000,0.00000000,0.00000000,-6.93663904E-10
12,17,0.00000000,0.00000000,0.00000000,-6.93663904E-10
12,18,0.00000000,0.00000000,0.00000000,-6.93663904E-10
12,19,0.00000000,0.00000000,0.00000000,-6.93663904E-10
12,20,0.00000000,0.00000000,0.00000000,-6.93663904E-10
13,1,0.00000000,0.00000000,0.00000000,-2.55572900E-06
13,2,0.00000000,0.00000000,0.00000000,-2.55572900E-06
13,3,0.00000000,0.00000000,0.00000000,-2.55572900E-06
13,4,0.00000000,0.00000000,0.00000000,-2.55572900E-06
13,5,0.00000000,0.00000000,0.00000000,-2.55572900E-06
13,6,0.00000000,0.00000000,0.00000000,-2.55572900E-06
13,7,0.00000000,0.00000000,0.00000000,-2.55572900E-06
13,8,0.00000000,0.00000000,0.00000000,-2.55572900E-06
13,9,0.00000000,0.00000000,0.00000000,-2.55572900E-06
13,10,0.00000000,0.00000000,0.00000000,-2.55572900E-06
13,11,0.00000000,0.00000000,0.00000000,-2.55572900E-06
13,12,0.00000000,0.00000000,0.00000000,-2.55572900E-06
13,13,0.00000000,0.00000000,0.00000000,-2.55572900E-06
13,14,0.00000000,0.00000000,0.00000000,-2.55572900E-06
13,15,0.00000000,0.00000000,0.00000000,-2.55572900E-06
13,16,0.00000000,0.00000000,0.00000000,-2.55572900E-06
13,17,0.00000000,0.00000000,0.00000000,-2.55572900E-06
13,18,0.00000000,0.00000000,0.00000000,-2.55572900E-06
13,19,0.00000000,0.00000000,0.00000000,-2.55572900E-06
13,20,0.00000000,0.00000000,0.00000000,-2.55572900E-06
14,1,70.1892471,0.00000000,9.28693867,6.85958192E-04
14,2,70.1892471,9.28693867,18.4323864,6.85958192E-04
14,3,70.1892471,18.4323864,27.2440243,6.85958192E-04
14,4,70.1892471,27.2440243,35.4784889,6.85958192E-04
14,5,70.1892471,35.4784889,42.8991699,6.85958192E-04
14,6,70.1892471,42.8991699,49.3302879,6.85958192E-04
14,7,70.1892471,49.3302879,54.6877098,6.85958192E-04
14,8,70.1892471,54.6877098,58.9818535,6.85958192E-04
14,9,70.1892471,58.9818535,62.2995491,6.85958192E-04
14,10,70.1892471,62.2995491,64.7758255,6.85958192E-04
14,11,70.1892471,64.7758255,66.5655975,6.85958192E-04
14,12,70.1892471,66.5655975,67.8212738,6.85958192E-04
14,13,70.1892471,67.8212738,68.6784897,6.85958192E-04
14,14,70.1892471,68.6784897,69.2492752,6.85958192E-04
14,15,70.1892471,69.2492752,69.6208725,6.85958192E-04
14,16,70.1892471,69.6208725,69.8580170,6.85958192E-04
14,17,70.1892471,69.8580170,70.0067596,6.85958192E-04
14,18,70.1892471,70.0067596,70.0987473,6.85958192E-04
14,19,70.1892471,70.0987473,70.1550369,6.85958192E-04
14,20,70.1892471,70.1550369,70.1892471,6.85958192E-04
15,1,20.0552368,16.6736526,17.6307793,6.16593979E-06
15,2,20.0552368,17.6307793,14.8944359,6.16593979E-06
15,3,20.0552368,14.8944359,18.4750061,6.16593979E-06
15,4,20.0552368,18.4750061,23.7973747,6.16593979E-06
15,5,20.0552368,23.7973747,8.63173485,6.16593979E-06
15,6,20.0552368,8.63173485,32.2625847,6.16593979E-06
15,7,20.0552368,32.2625847,3.71487999,6.16593979E-06
15,8,20.0552368,3.71487999,29.2447948,6.16593979E-06
15,9,20.0552368,29.2447948,17.7031879,6.16593979E-06
15,10,20.0552368,17.7031879,6.60947227,6.16593979E-06
15,11,20.0552368,6.60947227,16.6130829,6.16593979E-06
15,12,20.0552368,16.6130829,33.8666878,6.16593979E-06
15,13,20.0552368,33.8666878,27.6012955,6.16593979E-06
15,14,20.0552368,27.6012955,2.26182175,6.16593979E-06
15,15,20.0552368,2.26182175,0.00000000,6.16593979E-06
15,16,20.0552368,0.00000000,27.0113792,6.16593979E-06
15,17,20.0552368,27.0113792,35.0931129,6.16593979E-06
15,18,20.0552368,35.0931129,9.94367409,6.16593979E-06
15,19,20.0552368,9.94367409,0.00000000,6.16593979E-06
15,20,20.0552368,0.00000000,20.0552368,6.16593979E-06
16,1,0.00000000,0.00000000,0.00000000,-7.89096113E-04
16,2,0.00000000,0.00000000,0.00000000,-7.89096113E-04
16,3,0.00000000,0.00000000,0.00000000,-7.89096113E-04
16,4,0.00000000,0.00000000,0.00000000,-7.89096113E-04
16,5,0.00000000,0.00000000,0.00000000,-7.89096113E-04
16,6,0.00000000,0.00000000,0.00000000,-7.89096113E-04
16,7,0.00000000,0.00000000,0.00000000,-7.89096113E-04
16,8,0.00000000,0.00000000,0.00000000,-7.89096113E-04
16,9,0.00000000,0.00000000,0.00000000,-7.89096113E-04
16,10,0.00000000,0.00000000,0.00000000,-7.89096113E-04
16,11,0.00000000,0.00000000,0.00000000,-7.89096113E-04
16,12,0.00000000,0.00000000,0.00000000,-7.89096113E-04
16,13,0.00000000,0.00000000,0.00000000,-7.89096113E-04
16,14,0.00000000,0.00000000,0.00000000,-7.89096113E-04
16,15,0.00000000,0.00000000,0.00000000,-7.89096113E-04
16,16,0.00000000,0.00000000,0.00000000,-7.89096113E-04
16,17,0.00000000,0.00000000,0.00000000,-7.89096113E-04
16,18,0.00000000,0.00000000,0.00000000,-7.89096113E-04
16,19,0.00000000,0.00000000,0.00000000,-7.89096113E-04
16,20,0.00000000,0.00000000,0.00000000,-7.89096113E-04
17,1,0.00000000,0.00000000,0.00000000,-3.43736392E-05
17,2,0.00000000,0.00000000,0.00000000,-3.43736392E-05
17,3,0.00000000,0.00000000,0.00000000,-3.43736392E-05
17,4,0.00000000,0.00000000,0.00000000,-3.43736392E-05
17,5,0.00000000,0.00000000,0.00000000,-3.43736392E-05
17,6,0.00000000,0.00000000,0.00000000,-3.43736392E-05
17,7,0.00000000,0.00000000,0.00000000,-3.43736392E-05
17,8,0.00000000,0.00000000,0.00000000,-3.43736392E-05
17,9,0.00000000,0.00000000,0.00000000,-3.43736392E-05
17,10,0.00000000,0.00000000,0.00000000,-3.43736392E-05
17,11,0.00000000,0.00000000,0.00000000,-3.43736392E-05
17,12,0.00000000,0.00000000,0.00000000,-3.43736392E-05
17,13,0.00000000,0.00000000,0.00000000,-3.43736392E-05
17,14,0.00000000,0.00000000,0.00000000,-3.43736392E-05
17,15,0.00000000,0.00000000,0.00000000,-3.43736392E-05
17,16,0.00000000,0.00000000,0.00000000,-3.43736392E-05
17,17,0.00000000,0.00000000,0.00000000,-3.43736392E-05
17,18,0.00000000,0.00000000,0.00000000,-3.43736392E-05
17,19,0.00000000,0.00000000,0.00000000,-3.43736392E-05
17,20,0.00000000,0.00000000,0.00000000,-3.43736392E-05
18,1,8.27664471,5.74736357,5.81928730,1.37870156E-05
18,2,8.27664471,5.81928730,6.02637815,1.37870156E-05
18,3,8.27664471,6.02637815,6.17383242,1.37870156E-05
18,4,8.27664471,6.17383242,6.27164936,1.37870156E-05
18,5,8.27664471,6.27164936,6.36686087,1.37870156E-05
18,6,8.27664471,6.36686087,6.48713827,1.37870156E-05
18,7,8.27664471,6.48713827,6.63395452,1.37870156E-05
18,8,8.27664471,6.63395452,6.79294634,1.37870156E-05
18,9,8.27664471,6.79294634,6.94614363,1.37870156E-05
18,10,8.27664471,6.94614363,7.08042431,1.37870156E-05
18,11,8.27664471,7.08042431,7.19103098,1.37870156E-05
18,12,8.27664471,7.19103098,7.28131723,1.37870156E-05
18,13,8.27664471,7.28131723,7.36025667,1.37870156E-05
18,14,8.27664471,7.36025667,7.43917465,1.37870156E-05
18,15,8.27664471,7.43917465,7.52876091,1.37870156E-05
18,16,8.27664471,7.52876091,7.63690233,1.37870156E-05
18,17,8.27664471,7.63690233,7.76754236,1.37870156E-05
18,18,8.27664471,7.76754236,7.92056131,1.37870156E-05
18,19,8.27664471,7.92056131,8.09231186,1.37870156E-05
18,20,8.27664471,8.09231186,8.27664471,1.37870156E-05
19,1,0.136360228,0.00000000,6.79913769E-03,2.13462229E-07
19,2,0.136360228,6.79913769E-03,1.35982735E-02,2.13462229E-07
19,3,0.136360228,1.35982735E-02,2.03974359E-02,2.13462229E-07
19,4,0.136360228,2.03974359E-02,2.71963254E-02,2.13462229E-07
19,5,0.136360228,2.71963254E-02,3.39972302E-02,2.13462229E-07
19,6,0.136360228,3.39972302E-02,4.07873280E-02,2.13462229E-07
19,7,0.136360228,4.07873280E-02,4.76200320E-02,2.13462229E-07
19,8,0.136360228,4.76200320E-02,5.43297753E-02,2.13462229E-07
19,9,0.136360228,5.43297753E-02,6.12901859E-02,2.13462229E-07
19,10,0.136360228,6.12901859E-02,6.79288581E-02,2.13462229E-07
19,11,0.136360228,6.79288581E-02,7.47081563E-02,2.13462229E-07
19,12,0.136360228,7.47081563E-02,8.17845538E-02,2.13462229E-07
19,13,0.136360228,8.17845538E-02,8.83476287E-02,2.13462229E-07
19,14,0.136360228,8.83476287E-02,9.49554220E-02,2.13462229E-07
19,15,0.136360228,9.49554220E-02,0.102095030,2.13462229E-07
19,16,0.136360228,0.102095030,0.109064557,2.13462229E-07
19,17,0.136360228,0.109064557,0.115496479,2.13462229E-07
19,18,0.136360228,0.115496479,0.122031339,2.13462229E-07
19,19,0.136360228,0.122031339,0.129132688,2.13462229E-07
19,20,0.136360228,0.129132688,0.136360228,2.13462229E-07
20,1,130.163376,44.1656647,24.8925591,2.83537616E-07
20,2,130.163376,24.8925591,123.101753,2.83537616E-07
20,3,130.163376,123.101753,79.9990311,2.83537616E-07
20,4,130.163376,79.9990311,37.1392403,2.83537616E-07
20,5,130.163376,37.1392403,52.2524300,2.83537616E-07
20,6,130.163376,52.2524300,78.7607422,2.83537616E-07
20,7,130.163376,78.7607422,112.708374,2.83537616E-07
20,8,130.163376,112.708374,117.270500,2.83537616E-07
20,9,130.163376,117.270500,112.956604,2.83537616E-07
20,10,130.163376,112.956604,108.801422,2.83537616E-07
20,11,130.163376,108.801422,82.7343979,2.83537616E-07
20,12,130.163376,82.7343979,63.6458588,2.83537616E-07
20,13,130.163376,63.6458588,45.3656006,2.83537616E-07
20,14,130.163376,45.3656006,0.00000000,2.83537616E-07
20,15,130.163376,0.00000000,0.00000000,2.83537616E-07
20,16,130.163376,0.00000000,8.94704151,2.83537616E-07
20,17,130.163376,8.94704151,37.1079750,2.83537616E-07
20,18,130.163376,37.1079750,74.8746567,2.83537616E-07
20,19,130.163376,74.8746567,98.8085556,2.83537616E-07
20,20,130.163376,98.8085556,130.163376,2.83537616E-07
21,1,6.11040258,0.00000000,7.04066753E-02,4.87920952E-05
21,2,6.11040258,7.04066753E-02,0.258496612,4.87920952E-05
21,3,6.11040258,0.258496612,0.846743345,4.87920952E-05
21,4,6.11040258,0.846743345,1.47031653,4.87920952E-05
21,5,6.11040258,1.47031653,1.89257634,4.87920952E-05
21,6,6.11040258,1.89257634,2.03654122,4.87920952E-05
21,7,6.11040258,2.03654122,1.87618279,4.87920952E-05
21,8,6.11040258,1.87618279,1.80573118,4.87920952E-05
21,9,6.11040258,1.80573118,1.67124164,4.87920952E-05
21,10,6.11040258,1.67124164,1.56331408,4.87920952E-05
21,11,6.11040258,1.56331408,1.54897034,4.87920952E-05
21,12,6.11040258,1.54897034,1.66874778,4.87920952E-05
21,13,6.11040258,1.66874778,1.93815029,4.87920952E-05
21,14,6.11040258,1.93815029,2.35153413,4.87920952E-05
21,15,6.11040258,2.35153413,2.88720822,4.87920952E-05
21,16,6.11040258,2.88720822,3.54958987,4.87920952E-05
21,17,6.11040258,3.54958987,4.28626442,4.87920952E-05
21,18,6.11040258,4.28626442,4.98341942,4.87920952E-05
21,19,6.11040258,4.98341942,5.59503841,4.87920952E-05
21,20,6.11040258,5.59503841,6.11040258,4.87920952E-05
22,1,334.452637,8.27664471,23.7422562,6.84029597E-04
22,2,334.452637,23.7422562,41.7409821,6.84029597E-04
22,3,334.452637,41.7409821,56.4268112,6.84029597E-04
22,4,334.452637,56.4268112,76.2008972,6.84029597E-04
22,5,334.452637,76.2008972,91.0782089,6.84029597E-04
22,6,334.452637,91.0782089,101.748566,6.84029597E-04
22,7,334.452637,101.748566,113.807808,6.84029597E-04
22,8,334.452637,113.807808,132.029373,6.84029597E-04
22,9,334.452637,132.029373,154.639374,6.84029597E-04
22,10,334.452637,154.639374,176.898773,6.84029597E-04
22,11,334.452637,176.898773,195.670853,6.84029597E-04
22,12,334.452637,195.670853,210.286438,6.84029597E-04
22,13,334.452637,210.286438,222.698868,6.84029597E-04
22,14,334.452637,222.698868,232.045135,6.84029597E-04
22,15,334.452637,232.045135,241.820694,6.84029597E-04
22,16,334.452637,241.820694,255.581238,6.84029597E-04
22,17,334.452637,255.581238,273.693176,6.84029597E-04
22,18,334.452637,273.693176,294.283905,6.84029597E-04
22,19,334.452637,294.283905,315.043335,6.84029597E-04
22,20,334.452637,315.043335,334.452637,6.84029597E-04
23,1,0.00000000,0.136360228,0.00000000,-7.97410612E-05
23,2,0.00000000,0.00000000,0.00000000,-7.97410612E-05
23,3,0.00000000,0.00000000,0.00000000,-7.97410612E-05
23,4,0.00000000,0.00000000,0.00000000,-7.97410612E-05
23,5,0.00000000,0.00000000,0.00000000,-7.97410612E-05
23,6,0.00000000,0.00000000,0.00000000,-7.97410612E-05
23,7,0.00000000,0.00000000,0.00000000,-7.97410612E-05
23,8,0.00000000,0.00000000,0.00000000,-7.97410612E-05
23,9,0.00000000,0.00000000,0.00000000,-7.97410612E-05
23,10,0.00000000,0.00000000,0.00000000,-7.97410612E-05
23,11,0.00000000,0.00000000,0.00000000,-7.97410612E-05
23,12,0.00000000,0.00000000,0.00000000,-7.97410612E-05
23,13,0.00000000,0.00000000,0.00000000,-7.97410612E-05
23,14,0.00000000,0.00000000,0.00000000,-7.97410612E-05
23,15,0.00000000,0.00000000,0.00000000,-7.97410612E-05
23,16,0.00000000,0.00000000,0.00000000,-7.97410612E-05
23,17,0.00000000,0.00000000,0.00000000,-7.97410612E-05
23,18,0.00000000,0.00000000,0.00000000,-7.97410612E-05
23,19,0.00000000,0.00000000,0.00000000,-7.97410612E-05
23,20,0.00000000,0.00000000,0.00000000,-7.97410612E-05
24,1,9.28658676,6.11040258,7.00768375,-1.84620035E-07
24,2,9.28658676,7.00768375,5.05800152,-1.84620035E-07
24,3,9.28658676,5.05800152,3.21913910,-1.84620035E-07
24,4,9.28658676,3.21913910,3.33203936,-1.84620035E-07
24,5,9.28658676,3.33203936,2.69852972,-1.84620035E-07
24,6,9.28658676,2.69852972,3.07927752,-1.84620035E-07
24,7,9.28658676,3.07927752,4.81810665,-1.84620035E-07
24,8,9.28658676,4.81810665,6.91382027,-1.84620035E-07
24,9,9.28658676,6.91382027,8.46765423,-1.84620035E-07
24,10,9.28658676,8.46765423,8.21821022,-1.84620035E-07
24,11,9.28658676,8.21821022,6.70701551,-1.84620035E-07
24,12,9.28658676,6.70701551,3.37992907,-1.84620035E-07
24,13,9.28658676,3.37992907,1.03316677,-1.84620035E-07
24,14,9.28658676,1.03316677,0.616504610,-1.84620035E-07
24,15,9.28658676,0.616504610,2.66883230,-1.84620035E-07
24,16,9.28658676,2.66883230,1.73309505,-1.84620035E-07
24,17,9.28658676,1.73309505,4.81508017,-1.84620035E-07
24,18,9.28658676,4.81508017,7.10945797,-1.84620035E-07
24,19,9.28658676,7.10945797,8.84883213,-1.84620035E-07
24,20,9.28658676,8.84883213,9.28658676,-1.84620035E-07
25,1,247.686874,334.452637,294.038208,1.96493897E-06
25,2,247.686874,294.038208,359.214142,1.96493897E-06
25,3,247.686874,359.214142,394.750153,1.96493897E-06
25,4,247.686874,394.750153,380.508972,1.96493897E-06
25,5,247.686874,380.508972,338.001343,1.96493897E-06
25,6,247.686874,338.001343,294.460968,1.96493897E-06
25,7,247.686874,294.460968,268.447266,1.96493897E-06
25,8,247.686874,268.447266,266.835754,1.96493897E-06
25,9,247.686874,266.835754,287.037292,1.96493897E-06
25,10,247.686874,287.037292,320.905182,1.96493897E-06
25,11,247.686874,320.905182,358.481384,1.96493897E-06
25,12,247.686874,358.481384,390.798035,1.96493897E-06
25,13,247.686874,390.798035,411.533478,1.96493897E-06
25,14,247.686874,411.533478,417.621216,1.96493897E-06
25,15,247.686874,417.621216,409.110443,1.96493897E-06
25,16,247.686874,409.110443,388.515686,1.96493897E-06
25,17,247.686874,388.515686,359.950684,1.96493897E-06
25,18,247.686874,359.950684,328.223724,1.96493897E-06
25,19,247.686874,328.223724,291.281860,1.96493897E-06
25,20,247.686874,291.281860,247.686874,1.96493897E-06
26,1,187.091217,0.00000000,9.18009949,1.44179008E-04
26,2,187.091217,9.18009949,18.3601990,1.44179008E-04
26,3,187.091217,18.3601990,27.5403099,1.44179008E-04
26,4,187.091217,27.5403099,36.7202721,1.44179008E-04
26,5,187.091217,36.7202721,45.9014130,1.44179008E-04
26,6,187.091217,45.9014130,55.0758972,1.44179008E-04
26,7,187.091217,55.0758972,64.2778854,1.44179008E-04
26,8,187.091217,64.2778854,73.3973389,1.44179008E-04
26,9,187.091217,73.3973389,82.6879349,1.44179008E-04
26,10,187.091217,82.6879349,91.7742615,1.44179008E-04
26,11,187.091217,91.7742615,100.855675,1.44179008E-04
26,12,187.091217,100.855675,110.404533,1.44179008E-04
26,13,187.091217,110.404533,119.358162,1.44179008E-04
26,14,187.091217,119.358162,127.912949,1.44179008E-04
26,15,187.091217,127.912949,138.275909,1.44179008E-04
26,16,187.091217,138.275909,147.766083,1.44179008E-04
26,17,187.091217,147.766083,153.313629,1.44179008E-04
26,18,187.091217,153.313629,168.610138,1.44179008E-04
26,19,187.091217,168.610138,171.258850,1.44179008E-04
26,20,187.091217,171.258850,187.091217,1.44179008E-04
27,1,0.00000000,9.28658676,0.00000000,-4.02929989E-04
27,2,0.00000000,0.00000000,0.00000000,-4.02929989E-04
27,3,0.00000000,0.00000000,0.00000000,-4.02929989E-04
27,4,0.00000000,0.00000000,0.00000000,-4.02929989E-04
27,5,0.00000000,0.00000000,0.00000000,-4.02929989E-04
27,6,0.00000000,0.00000000,0.00000000,-4.02929989E-04
27,7,0.00000000,0.00000000,0.00000000,-4.02929989E-04
27,8,0.00000000,0.00000000,0.00000000,-4.02929989E-04
27,9,0.00000000,0.00000000,0.00000000,-4.02929989E-04
27,10,0.00000000,0.00000000,0.00000000,-4.02929989E-04
27,11,0.00000000,0.00000000,0.00000000,-4.02929989E-04
27,12,0.00000000,0.00000000,0.00000000,-4.02929989E-04
27,13,0.00000000,0.00000000,0.00000000,-4.02929989E-04
27,14,0.00000000,0.00000000,0.00000000,-4.02929989E-04
27,15,0.00000000,0.00000000,0.00000000,-4.02929989E-04
27,16,0.00000000,0.00000000,0.00000000,-4.02929989E-04
27,17,0.00000000,0.00000000,0.00000000,-4.02929989E-04
27,18,0.00000000,0.00000000,0.00000000,-4.02929989E-04
27,19,0.00000000,0.00000000,0.00000000,-4.02929989E-04
27,20,0.00000000,0.00000000,0.00000000,-4.02929989E-04
28,1,52.4487000,247.686874,333.297363,-1.44362202E-04
28,2,52.4487000,333.297363,365.216187,-1.44362202E-04
28,3,52.4487000,365.216187,234.525146,-1.44362202E-04
28,4,52.4487000,234.525146,252.760773,-1.44362202E-04
28,5,52.4487000,252.760773,379.436890,-1.44362202E-04
28,6,52.4487000,379.436890,241.544312,-1.44362202E-04
28,7,52.4487000,241.544312,264.380798,-1.44362202E-04
28,8,52.4487000,264.380798,159.950256,-1.44362202E-04
28,9,52.4487000,159.950256,342.604156,-1.44362202E-04
28,10,52.4487000,342.604156,276.674896,-1.44362202E-04
28,11,52.4487000,276.674896,123.061981,-1.44362202E-04
28,12,52.4487000,123.061981,101.835236,-1.44362202E-04
28,13,52.4487000,101.835236,197.285568,-1.44362202E-04
28,14,52.4487000,197.285568,335.473541,-1.44362202E-04
28,15,52.4487000,335.473541,211.617401,-1.44362202E-04
28,16,52.4487000,211.617401,104.058105,-1.44362202E-04
28,17,52.4487000,104.058105,123.209412,-1.44362202E-04
28,18,52.4487000,123.209412,203.617065,-1.44362202E-04
28,19,52.4487000,203.617065,148.515198,-1.44362202E-04
28,20,52.4487000,148.515198,52.4487000,-1.44362202E-04
29,1,148.652985,187.091476,184.301941,7.33173147E-06
29,2,148.652985,184.301941,191.785538,7.33173147E-06
29,3,148.652985,191.785538,154.330246,7.33173147E-06
29,4,148.652985,154.330246,211.866852,7.33173147E-06
29,5,148.652985,211.866852,186.927109,7.33173147E-06
29,6,148.652985,186.927109,148.445923,7.33173147E-06
29,7,148.652985,148.445923,167.659393,7.33173147E-06
29,8,148.652985,167.659393,210.107452,7.33173147E-06
29,9,148.652985,210.107452,219.988037,7.33173147E-06
29,10,148.652985,219.988037,191.649048,7.33173147E-06
29,11,148.652985,191.649048,160.032394,7.33173147E-06
29,12,148.652985,160.032394,156.216385,7.33173147E-06
29,13,148.652985,156.216385,181.330994,7.33173147E-06
29,14,148.652985,181.330994,212.620682,7.33173147E-06
29,15,148.652985,212.620682,225.565155,7.33173147E-06
29,16,148.652985,225.565155,211.317368,7.33173147E-06
29,17,148.652985,211.317368,179.611618,7.33173147E-06
29,18,148.652985,179.611618,149.671188,7.33173147E-06
29,19,148.652985,149.671188,137.698181,7.33173147E-06
29,20,148.652985,137.698181,148.652985,7.33173147E-06
30,1,6.48743391,0.00000000,0.326208353,9.95007758E-06
30,2,6.48743391,0.326208353,0.642961264,9.95007758E-06
30,3,6.48743391,0.642961264,0.990759134,9.95007758E-06
30,4,6.48743391,0.990759134,1.29544473,9.95007758E-06
30,5,6.48743391,1.29544473,1.60960162,9.95007758E-06
30,6,6.48743391,1.60960162,1.95079815,9.95007758E-06
30,7,6.48743391,1.95079815,2.29286003,9.95007758E-06
30,8,6.48743391,2.29286003,2.61485004,9.95007758E-06
30,9,6.48743391,2.61485004,2.92160702,9.95007758E-06
30,10,6.48743391,2.92160702,3.23156834,9.95007758E-06
30,11,6.48743391,3.23156834,3.55753183,9.95007758E-06
30,12,6.48743391,3.55753183,3.89812899,9.95007758E-06
30,13,6.48743391,3.89812899,4.24181604,9.95007758E-06
30,14,6.48743391,4.24181604,4.57636595,9.95007758E-06
30,15,6.48743391,4.57636595,4.89634609,9.95007758E-06
30,16,6.48743391,4.89634609,5.20501757,9.95007758E-06
30,17,6.48743391,5.20501757,5.51127386,9.95007758E-06
30,18,6.48743391,5.51127386,5.82445669,9.95007758E-06
30,19,6.48743391,5.82445669,6.14996624,9.95007758E-06
30,20,6.48743391,6.14996624,6.48743391,9.95007758E-06
31,1,305.164215,172.206665,188.916763,5.39968205E-05
31,2,305.164215,188.916763,240.550034,5.39968205E-05
31,3,305.164215,240.550034,192.218109,5.39968205E-05
31,4,305.164215,192.218109,260.982574,5.39968205E-05
31,5,305.164215,260.982574,290.737732,5.39968205E-05
31,6,305.164215,290.737732,245.997955,5.39968205E-05
31,7,305.164215,245.997955,197.444183,5.39968205E-05
31,8,305.164215,197.444183,182.168167,5.39968205E-05
31,9,305.164215,182.168167,193.311798,5.39968205E-05
31,10,305.164215,193.311798,209.052567,5.39968205E-05
31,11,305.164215,209.052567,213.389771,5.39968205E-05
31,12,305.164215,213.389771,205.507523,5.39968205E-05
31,13,305.164215,205.507523,195.338196,5.39968205E-05
31,14,305.164215,195.338196,195.139511,5.39968205E-05
31,15,305.164215,195.139511,211.409958,5.39968205E-05
31,16,305.164215,211.409958,242.588470,5.39968205E-05
31,17,305.164215,242.588470,280.734467,5.39968205E-05
31,18,305.164215,280.734467,298.848145,5.39968205E-05
31,19,305.164215,298.848145,313.416412,5.39968205E-05
31,20,305.164215,313.416412,305.164215,5.39968205E-05
32,1,3127.09717,76.6766815,58.5773582,-1.29605894E-06
32,2,3127.09717,58.5773582,53.7319870,-1.29605894E-06
32,3,3127.09717,53.7319870,99.4952850,-1.29605894E-06
32,4,3127.09717,99.4952850,264.594360,-1.29605894E-06
32,5,3127.09717,264.594360,620.916687,-1.29605894E-06
32,6,3127.09717,620.916687,1187.17834,-1.29605894E-06
32,7,3127.09717,1187.17834,1891.85144,-1.29605894E-06
32,8,3127.09717,1891.85144,2597.20874,-1.29605894E-06
32,9,3127.09717,2597.20874,3170.21680,-1.29605894E-06
32,10,3127.09717,3170.21680,3543.39575,-1.29605894E-06
32,11,3127.09717,3543.39575,3725.42554,-1.29605894E-06
32,12,3127.09717,3725.42554,3769.62280,-1.29605894E-06
32,13,3127.09717,3769.62280,3734.84668,-1.29605894E-06
32,14,3127.09717,3734.84668,3663.43555,-1.29605894E-06
32,15,3127.09717,3663.43555,3578.23853,-1.29605894E-06
32,16,3127.09717,3578.23853,3488.88745,-1.29605894E-06
32,17,3127.09717,3488.88745,3398.56738,-1.29605894E-06
32,18,3127.09717,3398.56738,3308.08643,-1.29605894E-06
32,19,3127.09717,3308.08643,3217.59106,-1.29605894E-06
32,20,3127.09717,3217.59106,3127.09717,-1.29605894E-06
33,1,285.843658,305.164215,267.759186,-8.35124592E-05
33,2,285.843658,267.759186,337.646179,-8.35124592E-05
33,3,285.843658,337.646179,191.934799,-8.35124592E-05
33,4,285.843658,191.934799,150.415085,-8.35124592E-05
33,5,285.843658,150.415085,183.223846,-8.35124592E-05
33,6,285.843658,183.223846,211.065659,-8.35124592E-05
33,7,285.843658,211.065659,199.896576,-8.35124592E-05
33,8,285.843658,199.896576,157.666473,-8.35124592E-05
33,9,285.843658,157.666473,117.467476,-8.35124592E-05
33,10,285.843658,117.467476,106.563362,-8.35124592E-05
33,11,285.843658,106.563362,94.5399246,-8.35124592E-05
33,12,285.843658,94.5399246,108.351753,-8.35124592E-05
33,13,285.843658,108.351753,143.489304,-8.35124592E-05
33,14,285.843658,143.489304,200.209915,-8.35124592E-05
33,15,285.843658,200.209915,212.735458,-8.35124592E-05
33,16,285.843658,212.735458,237.841232,-8.35124592E-05
33,17,285.843658,237.841232,272.874115,-8.35124592E-05
33,18,285.843658,272.874115,297.053558,-8.35124592E-05
33,19,285.843658,297.053558,300.242767,-8.35124592E-05
33,20,285.843658,300.242767,285.843658,-8.35124592E-05
34,1,2759.51514,3127.09717,3108.54150,-2.03478953E-06
34,2,2759.51514,3108.54150,3089.98584,-2.03478953E-06
34,3,2759.51514,3089.98584,3071.43066,-2.03478953E-06
34,4,2759.51514,3071.43066,3052.87524,-2.03478953E-06
34,5,2759.51514,3052.87524,3034.32031,-2.03478953E-06
34,6,2759.51514,3034.32031,3015.76538,-2.03478953E-06
34,7,2759.51514,3015.76538,2997.21167,-2.03478953E-06
34,8,2759.51514,2997.21167,2978.66040,-2.03478953E-06
34,9,2759.51514,2978.66040,2960.11426,-2.03478953E-06
34,10,2759.51514,2960.11426,2941.57666,-2.03478953E-06
34,11,2759.51514,2941.57666,2923.05322,-2.03478953E-06
34,12,2759.51514,2923.05322,2904.55176,-2.03478953E-06
34,13,2759.51514,2904.55176,2886.08374,-2.03478953E-06
34,14,2759.51514,2886.08374,2867.66406,-2.03478953E-06
34,15,2759.51514,2867.66406,2849.31104,-2.03478953E-06
34,16,2759.51514,2849.31104,2831.04785,-2.03478953E-06
34,17,2759.51514,2831.04785,2812.90234,-2.03478953E-06
34,18,2759.51514,2812.90234,2794.90674,-2.03478953E-06
34,19,2759.51514,2794.90674,2777.09741,-2.03478953E-06
34,20,2759.51514,2777.09741,2759.51514,-2.03478953E-06
35,1,2633.69165,2759.51514,2749.42651,-2.57337722E-03
35,2,2633.69165,2749.42651,2744.44800,-2.57337722E-03
35,3,2633.69165,2744.44800,2740.88354,-2.57337722E-03
35,4,2633.69165,2740.88354,2736.83252,-2.57337722E-03
35,5,2633.69165,2736.83252,2731.52783,-2.57337722E-03
35,6,2633.69165,2731.52783,2724.87695,-2.57337722E-03
35,7,2633.69165,2724.87695,2717.15283,-2.57337722E-03
35,8,2633.69165,2717.15283,2708.77075,-2.57337722E-03
35,9,2633.69165,2708.77075,2700.16138,-2.57337722E-03
35,10,2633.69165,2700.16138,2691.70361,-2.57337722E-03
35,11,2633.69165,2691.70361,2683.67627,-2.57337722E-03
35,12,2633.69165,2683.67627,2676.24902,-2.57337722E-03
35,13,2633.69165,2676.24902,2669.49194,-2.57337722E-03
35,14,2633.69165,2669.49194,2663.38794,-2.57337722E-03
35,15,2633.69165,2663.38794,2657.85083,-2.57337722E-03
35,16,2633.69165,2657.85083,2652.75830,-2.57337722E-03
35,17,2633.69165,2652.75830,2647.95288,-2.57337722E-03
35,18,2633.69165,2647.95288,2643.27197,-2.57337722E-03
35,19,2633.69165,2643.27197,2638.56470,-2.57337722E-03
35,20,2633.69165,2638.56470,2633.69165,-2.57337722E-03
36,1,3708.48755,2686.14038,2729.68237,-2.24899213E-05
36,2,3708.48755,2729.68237,2813.62524,-2.24899213E-05
36,3,3708.48755,2813.62524,2946.74219,-2.24899213E-05
36,4,3708.48755,2946.74219,3122.61499,-2.24899213E-05
36,5,3708.48755,3122.61499,3326.53931,-2.24899213E-05
36,6,3708.48755,3326.53931,3540.95435,-2.24899213E-05
36,7,3708.48755,3540.95435,3749.17749,-2.24899213E-05
36,8,3708.48755,3749.17749,3937.54370,-2.24899213E-05
36,9,3708.48755,3937.54370,4096.27539,-2.24899213E-05
36,10,3708.48755,4096.27539,4219.47168,-2.24899213E-05
36,11,3708.48755,4219.47168,4304.58545,-2.24899213E-05
36,12,3708.48755,4304.58545,4351.67090,-2.24899213E-05
36,13,3708.48755,4351.67090,4362.60303,-2.24899213E-05
36,14,3708.48755,4362.60303,4340.37842,-2.24899213E-05
36,15,3708.48755,4340.37842,4288.55811,-2.24899213E-05
36,16,3708.48755,4288.55811,4210.85693,-2.24899213E-05
36,17,3708.48755,4210.85693,4110.86963,-2.24899213E-05
36,18,3708.48755,4110.86963,3991.90894,-2.24899213E-05
36,19,3708.48755,3991.90894,3856.92603,-2.24899213E-05
36,20,3708.48755,3856.92603,3708.48755,-2.24899213E-05
37,1,609.608887,3708.48755,3472.07471,-1.97389905E-04
37,2,609.608887,3472.07471,3216.70728,-1.97389905E-04
37,3,609.608887,3216.70728,2948.54443,-1.97389905E-04
37,4,609.608887,2948.54443,2673.70581,-1.97389905E-04
37,5,609.608887,2673.70581,2398.66748,-1.97389905E-04
37,6,609.608887,2398.66748,2130.28125,-1.97389905E-04
37,7,609.608887,2130.28125,1875.39136,-1.97389905E-04
37,8,609.608887,1875.39136,1640.18835,-1.97389905E-04
37,9,609.608887,1640.18835,1429.54382,-1.97389905E-04
37,10,609.608887,1429.54382,1246.53259,-1.97389905E-04
37,11,609.608887,1246.53259,1092.26343,-1.97389905E-04
37,12,609.608887,1092.26343,966.022583,-1.97389905E-04
37,13,609.608887,966.022583,865.648804,-1.97389905E-04
37,14,609.608887,865.648804,788.023499,-1.97389905E-04
37,15,609.608887,788.023499,729.562866,-1.97389905E-04
37,16,609.608887,729.562866,686.636108,-1.97389905E-04
37,17,609.608887,686.636108,655.865967,-1.97389905E-04
37,18,609.608887,655.865967,634.309082,-1.97389905E-04
37,19,609.608887,634.309082,619.531677,-1.97389905E-04
37,20,609.608887,619.531677,609.608887,-1.97389905E-04
38,1,2325.55933,609.608887,620.126709,-3.54350632E-05
38,2,2325.55933,620.126709,689.594238,-3.54350632E-05
38,3,2325.55933,689.594238,889.317749,-3.54350632E-05
38,4,2325.55933,889.317749,1286.98694,-3.54350632E-05
38,5,2325.55933,1286.98694,1888.58313,-3.54350632E-05
38,6,2325.55933,1888.58313,2606.66016,-3.54350632E-05
38,7,2325.55933,2606.66016,3289.30859,-3.54350632E-05
38,8,2325.55933,3289.30859,3796.99487,-3.54350632E-05
38,9,2325.55933,3796.99487,4068.51074,-3.54350632E-05
38,10,2325.55933,4068.51074,4128.70410,-3.54350632E-05
38,11,2325.55933,4128.70410,4047.18188,-3.54350632E-05
38,12,2325.55933,4047.18188,3891.74829,-3.54350632E-05
38,13,2325.55933,3891.74829,3706.13501,-3.54350632E-05
38,14,2325.55933,3706.13501,3511.02344,-3.54350632E-05
38,15,2325.55933,3511.02344,3313.71777,-3.54350632E-05
38,16,2325.55933,3313.71777,3116.09033,-3.54350632E-05
38,17,2325.55933,3116.09033,2918.45215,-3.54350632E-05
38,18,2325.55933,2918.45215,2720.82031,-3.54350632E-05
38,19,2325.55933,2720.82031,2523.18994,-3.54350632E-05
38,20,2325.55933,2523.18994,2325.55933,-3.54350632E-05
39,1,128.879318,2325.55933,2169.76489,-4.07564542E-08
39,2,128.879318,2169.76489,1996.42041,-4.07564542E-08
39,3,128.879318,1996.42041,1791.04321,-4.07564542E-08
39,4,128.879318,1791.04321,1549.61902,-4.07564542E-08
39,5,128.879318,1549.61902,1284.11304,-4.07564542E-08
39,6,128.879318,1284.11304,1017.54138,-4.07564542E-08
39,7,128.879318,1017.54138,774.021362,-4.07564542E-08
39,8,128.879318,774.021362,570.659790,-4.07564542E-08
39,9,128.879318,570.659790,414.398895,-4.07564542E-08
39,10,128.879318,414.398895,303.233887,-4.07564542E-08
39,11,128.879318,303.233887,229.621918,-4.07564542E-08
39,12,128.879318,229.621918,184.040878,-4.07564542E-08
39,13,128.879318,184.040878,157.542892,-4.07564542E-08
39,14,128.879318,157.542892,143.028946,-4.07564542E-08
39,15,128.879318,143.028946,135.514160,-4.07564542E-08
39,16,128.879318,135.514160,131.825165,-4.07564542E-08
39,17,128.879318,131.825165,130.103470,-4.07564542E-08
39,18,128.879318,130.103470,129.337479,-4.07564542E-08
39,19,128.879318,129.337479,129.011871,-4.07564542E-08
39,20,128.879318,129.011871,128.879318,-4.07564542E-08
40,1,8223.92871,128.879318,711.134277,7.74389803E-02
40,2,8223.92871,711.134277,1291.21826,7.74389803E-02
40,3,8223.92871,1291.21826,1866.78967,7.74389803E-02
40,4,8223.92871,1866.78967,2434.70801,7.74389803E-02
40,5,8223.92871,2434.70801,2991.22729,7.74389803E-02
40,6,8223.92871,2991.22729,3532.26660,7.74389803E-02
40,7,8223.92871,3532.26660,4053.71533,7.74389803E-02
40,8,8223.92871,4053.71533,4551.72461,7.74389803E-02
40,9,8223.92871,4551.72461,5022.95605,7.74389803E-02
40,10,8223.92871,5022.95605,5464.76709,7.74389803E-02
40,11,8223.92871,5464.76709,5875.31934,7.74389803E-02
40,12,8223.92871,5875.31934,6253.62012,7.74389803E-02
40,13,8223.92871,6253.62012,6599.49658,7.74389803E-02
40,14,8223.92871,6599.49658,6913.52002,7.74389803E-02
40,15,8223.92871,6913.52002,7196.89600,7.74389803E-02
40,16,8223.92871,7196.89600,7451.33301,7.74389803E-02
40,17,8223.92871,7451.33301,7678.90674,7.74389803E-02
40,18,8223.92871,7678.90674,7881.92041,7.74389803E-02
40,19,8223.92871,7881.92041,8062.78955,7.74389803E-02
40,20,8223.92871,8062.78955,8223.92871,7.74389803E-02
41,1,1914.71448,8223.92871,7810.44043,-4.51296302E-07
41,2,1914.71448,7810.44043,7385.56201,-4.51296302E-07
41,3,1914.71448,7385.56201,6952.97217,-4.51296302E-07
41,4,1914.71448,6952.97217,6516.81934,-4.51296302E-07
41,5,1914.71448,6516.81934,6081.57861,-4.51296302E-07
41,6,1914.71448,6081.57861,5651.86426,-4.51296302E-07
41,7,1914.71448,5651.86426,5232.23535,-4.51296302E-07
41,8,1914.71448,5232.23535,4827.00488,-4.51296302E-07
41,9,1914.71448,4827.00488,4440.07861,-4.51296302E-07
41,10,1914.71448,4440.07861,4074.83032,-4.51296302E-07
41,11,1914.71448,4074.83032,3734.01782,-4.51296302E-07
41,12,1914.71448,3734.01782,3419.74438,-4.51296302E-07
41,13,1914.71448,3419.74438,3133.45117,-4.51296302E-07
41,14,1914.71448,3133.45117,2875.94214,-4.51296302E-07
41,15,1914.71448,2875.94214,2647.43311,-4.51296302E-07
41,16,1914.71448,2647.43311,2447.61450,-4.51296302E-07
41,17,1914.71448,2447.61450,2275.72144,-4.51296302E-07
41,18,1914.71448,2275.72144,2130.61133,-4.51296302E-07
41,19,1914.71448,2130.61133,2010.83655,-4.51296302E-07
41,20,1914.71448,2010.83655,1914.71448,-4.51296302E-07
42,1,1923.19531,1914.71448,1875.24158,8.12523009E-04
42,2,1923.19531,1875.24158,1841.97900,8.12523009E-04
42,3,1923.19531,1841.97900,1814.59155,8.12523009E-04
42,4,1923.19531,1814.59155,1792.73840,8.12523009E-04
42,5,1923.19531,1792.73840,1776.07556,8.12523009E-04
42,6,1923.19531,1776.07556,1764.25830,8.12523009E-04
42,7,1923.19531,1764.25830,1756.94177,8.12523009E-04
42,8,1923.19531,1756.94177,1753.78357,8.12523009E-04
42,9,1923.19531,1753.78357,1754.44421,8.12523009E-04
42,10,1923.19531,1754.44421,1758.58972,8.12523009E-04
42,11,1923.19531,1758.58972,1765.89172,8.12523009E-04
42,12,1923.19531,1765.89172,1776.02795,8.12523009E-04
42,13,1923.19531,1776.02795,1788.68396,8.12523009E-04
42,14,1923.19531,1788.68396,1803.55359,8.12523009E-04
42,15,1923.19531,1803.55359,1820.33826,8.12523009E-04
42,16,1923.19531,1820.33826,1838.74915,8.12523009E-04
42,17,1923.19531,1838.74915,1858.50610,8.12523009E-04
42,18,1923.19531,1858.50610,1879.33875,8.12523009E-04
42,19,1923.19531,1879.33875,1900.98560,8.12523009E-04
42,20,1923.19531,1900.98560,1923.19531,8.12523009E-04
43,1,269.313751,1923.19531,2023.52747,9.45417582E-07
43,2,269.313751,2023.52747,2081.02026,9.45417582E-07
43,3,269.313751,2081.02026,2076.09082,9.45417582E-07
43,4,269.313751,2076.09082,2003.37427,9.45417582E-07
43,5,269.313751,2003.37427,1869.63379,9.45417582E-07
43,6,269.313751,1869.63379,1690.15295,9.45417582E-07
43,7,269.313751,1690.15295,1484.32739,9.45417582E-07
43,8,269.313751,1484.32739,1271.49902,9.45417582E-07
43,9,269.313751,1271.49902,1067.86987,9.45417582E-07
43,10,269.313751,1067.86987,884.863525,9.45417582E-07
43,11,269.313751,884.863525,728.835815,9.45417582E-07
43,12,269.313751,728.835815,601.745483,9.45417582E-07
43,13,269.313751,601.745483,502.314850,9.45417582E-07
43,14,269.313751,502.314850,427.280853,9.45417582E-07
43,15,269.313751,427.280853,372.475647,9.45417582E-07
43,16,269.313751,372.475647,333.619659,9.45417582E-07
43,17,269.313751,333.619659,306.813995,9.45417582E-07
43,18,269.313751,306.813995,288.782104,9.45417582E-07
43,19,269.313751,288.782104,276.932709,9.45417582E-07
43,20,269.313751,276.932709,269.313751,9.45417582E-07
44,1,707.220032,269.313751,292.400330,3.82266217E-03
44,2,707.220032,292.400330,315.545380,3.82266217E-03
44,3,707.220032,315.545380,338.697479,3.82266217E-03
44,4,707.220032,338.697479,361.801208,3.82266217E-03
44,5,707.220032,361.801208,384.800110,3.82266217E-03
44,6,707.220032,384.800110,407.639801,3.82266217E-03
44,7,707.220032,407.639801,430.271637,3.82266217E-03
44,8,707.220032,430.271637,452.655609,3.82266217E-03
44,9,707.220032,452.655609,474.763672,3.82266217E-03
44,10,707.220032,474.763672,496.581818,3.82266217E-03
44,11,707.220032,496.581818,518.112000,3.82266217E-03
44,12,707.220032,518.112000,539.373230,3.82266217E-03
44,13,707.220032,539.373230,560.401733,3.82266217E-03
44,14,707.220032,560.401733,581.250488,3.82266217E-03
44,15,707.220032,581.250488,601.988159,3.82266217E-03
44,16,707.220032,601.988159,622.697021,3.82266217E-03
44,17,707.220032,622.697021,643.470703,3.82266217E-03
44,18,707.220032,643.470703,664.410889,3.82266217E-03
44,19,707.220032,664.410889,685.624634,3.82266217E-03
44,20,707.220032,685.624634,707.220032,3.82266217E-03
45,1,1328.73083,707.220032,703.371277,-1.54509610E-06
45,2,1328.73083,703.371277,705.071167,-1.54509610E-06
45,3,1328.73083,705.071167,714.004517,-1.54509610E-06
45,4,1328.73083,714.004517,731.293274,-1.54509610E-06
45,5,1328.73083,731.293274,757.319336,-1.54509610E-06
45,6,1328.73083,757.319336,791.682861,-1.54509610E-06
45,7,1328.73083,791.682861,833.283264,-1.54509610E-06
45,8,1328.73083,833.283264,880.489868,-1.54509610E-06
45,9,1328.73083,880.489868,931.358765,-1.54509610E-06
45,10,1328.73083,931.358765,983.853821,-1.54509610E-06
45,11,1328.73083,983.853821,1036.04089,-1.54509610E-06
45,12,1328.73083,1036.04089,1086.23474,-1.54509610E-06
45,13,1328.73083,1086.23474,1133.09192,-1.54509610E-06
45,14,1328.73083,1133.09192,1175.65112,-1.54509610E-06
45,15,1328.73083,1175.65112,1213.32996,-1.54509610E-06
45,16,1328.73083,1213.32996,1245.88867,-1.54509610E-06
45,17,1328.73083,1245.88867,1273.37292,-1.54509610E-06
45,18,1328.73083,1273.37292,1296.04761,-1.54509610E-06
45,19,1328.73083,1296.04761,1314.33044,-1.54509610E-06
45,20,1328.73083,1314.33044,1328.73083,-1.54509610E-06
46,1,1080.60767,1328.73083,1331.95337,-2.15981473E-07
46,2,1080.60767,1331.95337,1334.40454,-2.15981473E-07
46,3,1080.60767,1334.40454,1335.90210,-2.15981473E-07
46,4,1080.60767,1335.90210,1336.24414,-2.15981473E-07
46,5,1080.60767,1336.24414,1335.21533,-2.15981473E-07
46,6,1080.60767,1335.21533,1332.59082,-2.15981473E-07
46,7,1080.60767,1332.59082,1328.14124,-2.15981473E-07
46,8,1080.60767,1328.14124,1321.63928,-2.15981473E-07
46,9,1080.60767,1321.63928,1313.05566,-2.15981473E-07
46,10,1080.60767,1313.05566,1302.32153,-2.15981473E-07
46,11,1080.60767,1302.32153,1289.35742,-2.15981473E-07
46,12,1080.60767,1289.35742,1274.18677,-2.15981473E-07
46,13,1080.60767,1274.18677,1256.81494,-2.15981473E-07
46,14,1080.60767,1256.81494,1237.29004,-2.15981473E-07
46,15,1080.60767,1237.29004,1215.68628,-2.15981473E-07
46,16,1080.60767,1215.68628,1192.10278,-2.15981473E-07
46,17,1080.60767,1192.10278,1166.65894,-2.15981473E-07
46,18,1080.60767,1166.65894,1139.49219,-2.15981473E-07
46,19,1080.60767,1139.49219,1110.75415,-2.15981473E-07
46,20,1080.60767,1110.75415,1080.60767,-2.15981473E-07
47,1,935.223877,1210.77100,1208.62830,-7.78210142E-06
47,2,935.223877,1208.62830,1354.19409,-7.78210142E-06
47,3,935.223877,1354.19409,1114.88171,-7.78210142E-06
47,4,935.223877,1114.88171,986.179688,-7.78210142E-06
47,5,935.223877,986.179688,1046.43433,-7.78210142E-06
47,6,935.223877,1046.43433,1141.12146,-7.78210142E-06
47,7,935.223877,1141.12146,1156.42737,-7.78210142E-06
47,8,935.223877,1156.42737,1095.31299,-7.78210142E-06
47,9,935.223877,1095.31299,1027.54980,-7.78210142E-06
47,10,935.223877,1027.54980,1017.78284,-7.78210142E-06
47,11,935.223877,1017.78284,1085.30945,-7.78210142E-06
47,12,935.223877,1085.30945,1202.92944,-7.78210142E-06
47,13,935.223877,1202.92944,1319.61218,-7.78210142E-06
47,14,935.223877,1319.61218,1387.79883,-7.78210142E-06
47,15,935.223877,1387.79883,1382.46826,-7.78210142E-06
47,16,935.223877,1382.46826,1307.14966,-7.78210142E-06
47,17,935.223877,1307.14966,1188.56042,-7.78210142E-06
47,18,935.223877,1188.56042,1064.74927,-7.78210142E-06
47,19,935.223877,1064.74927,972.085205,-7.78210142E-06
47,20,935.223877,972.085205,935.223877,-7.78210142E-06
48,1,1284.74634,935.223877,989.839722,-2.64485512E-04
48,2,1284.74634,989.839722,964.535400,-2.64485512E-04
48,3,1284.74634,964.535400,1281.80273,-2.64485512E-04
48,4,1284.74634,1281.80273,1387.16443,-2.64485512E-04
48,5,1284.74634,1387.16443,1328.79761,-2.64485512E-04
48,6,1284.74634,1328.79761,1302.93250,-2.64485512E-04
48,7,1284.74634,1302.93250,1353.70996,-2.64485512E-04
48,8,1284.74634,1353.70996,1395.52686,-2.64485512E-04
48,9,1284.74634,1395.52686,1337.57544,-2.64485512E-04
48,10,1284.74634,1337.57544,1162.23462,-2.64485512E-04
48,11,1284.74634,1162.23462,927.059204,-2.64485512E-04
48,12,1284.74634,927.059204,721.311035,-2.64485512E-04
48,13,1284.74634,721.311035,617.412354,-2.64485512E-04
48,14,1284.74634,617.412354,642.456665,-2.64485512E-04
48,15,1284.74634,642.456665,775.493164,-2.64485512E-04
48,16,1284.74634,775.493164,963.698608,-2.64485512E-04
48,17,1284.74634,963.698608,1145.76782,-2.64485512E-04
48,18,1284.74634,1145.76782,1272.47583,-2.64485512E-04
48,19,1284.74634,1272.47583,1318.55591,-2.64485512E-04
48,20,1284.74634,1318.55591,1284.74634,-2.64485512E-04
49,1,1010.48810,1284.74634,1244.31360,2.22206424E-07
49,2,1010.48810,1244.31360,1205.60376,2.22206424E-07
49,3,1010.48810,1205.60376,1155.03613,2.22206424E-07
49,4,1010.48810,1155.03613,1096.72253,2.22206424E-07
49,5,1010.48810,1096.72253,1038.43396,2.22206424E-07
49,6,1010.48810,1038.43396,986.213867,2.22206424E-07
49,7,1010.48810,986.213867,943.175598,2.22206424E-07
49,8,1010.48810,943.175598,910.069519,2.22206424E-07
49,9,1010.48810,910.069519,886.280334,2.22206424E-07
49,10,1010.48810,886.280334,870.681335,2.22206424E-07
49,11,1010.48810,870.681335,862.209900,2.22206424E-07
49,12,1010.48810,862.209900,860.069397,2.22206424E-07
49,13,1010.48810,860.069397,863.754944,2.22206424E-07
49,14,1010.48810,863.754944,872.921814,2.22206424E-07
49,15,1010.48810,872.921814,887.227600,2.22206424E-07
49,16,1010.48810,887.227600,906.189880,2.22206424E-07
49,17,1010.48810,906.189880,929.077698,2.22206424E-07
49,18,1010.48810,929.077698,954.915344,2.22206424E-07
49,19,1010.48810,954.915344,982.499573,2.22206424E-07
49,20,1010.48810,982.499573,1010.48810,2.22206424E-07
50,1,8354.57520,1296.33179,1665.11499,2.21265685E-02
50,2,8354.57520,1665.11499,2065.93677,2.21265685E-02
50,3,8354.57520,2065.93677,2408.88843,2.21265685E-02
50,4,8354.57520,2408.88843,2726.19238,2.21265685E-02
50,5,8354.57520,2726.19238,3053.33643,2.21265685E-02
50,6,8354.57520,3053.33643,3402.50806,2.21265685E-02
50,7,8354.57520,3402.50806,3768.24365,2.21265685E-02
50,8,8354.57520,3768.24365,4138.88477,2.21265685E-02
50,9,8354.57520,4138.88477,4504.73682,2.21265685E-02
50,10,8354.57520,4504.73682,4861.33936,2.21265685E-02
50,11,8354.57520,4861.33936,5209.24268,2.21265685E-02
50,12,8354.57520,5209.24268,5552.02441,2.21265685E-02
50,13,8354.57520,5552.02441,5894.07227,2.21265685E-02
50,14,8354.57520,5894.07227,6238.85791,2.21265685E-02
50,15,8354.57520,6238.85791,6588.07568,2.21265685E-02
50,16,8354.57520,6588.07568,6941.49463,2.21265685E-02
50,17,8354.57520,6941.49463,7297.39941,2.21265685E-02
50,18,8354.57520,7297.39941,7653.24268,2.21265685E-02
50,19,8354.57520,7653.24268,8006.36670,2.21265685E-02
50,20,8354.57520,8006.36670,8354.57520,2.21265685E-02
51,1,7944.96729,8354.57520,8368.58398,-6.89937006E-05
51,2,7944.96729,8368.58398,8244.96582,-6.89937006E-05
51,3,7944.96729,8244.96582,8277.70508,-6.89937006E-05
51,4,7944.96729,8277.70508,8324.02832,-6.89937006E-05
51,5,7944.96729,8324.02832,8292.89648,-6.89937006E-05
51,6,7944.96729,8292.89648,8196.66504,-6.89937006E-05
51,7,7944.96729,8196.66504,8064.78516,-6.89937006E-05
51,8,7944.96729,8064.78516,8064.77588,-6.89937006E-05
51,9,7944.96729,8064.77588,8107.98291,-6.89937006E-05
51,10,7944.96729,8107.98291,7801.83203,-6.89937006E-05
51,11,7944.96729,7801.83203,8164.43359,-6.89937006E-05
51,12,7944.96729,8164.43359,8238.36328,-6.89937006E-05
51,13,7944.96729,8238.36328,8105.33887,-6.89937006E-05
51,14,7944.96729,8105.33887,7845.39502,-6.89937006E-05
51,15,7944.96729,7845.39502,7742.60400,-6.89937006E-05
51,16,7944.96729,7742.60400,8156.11621,-6.89937006E-05
51,17,7944.96729,8156.11621,8257.23828,-6.89937006E-05
51,18,7944.96729,8257.23828,8145.17334,-6.89937006E-05
51,19,7944.96729,8145.17334,8016.07617,-6.89937006E-05
51,20,7944.96729,8016.07617,7944.96729,-6.89937006E-05
52,1,8157.33447,8594.49805,8431.48633,-7.66247918E-04
52,2,8157.33447,8431.48633,8863.34863,-7.66247918E-04
52,3,8157.33447,8863.34863,8809.53516,-7.66247918E-04
52,4,8157.33447,8809.53516,8711.47266,-7.66247918E-04
52,5,8157.33447,8711.47266,8774.16406,-7.66247918E-04
52,6,8157.33447,8774.16406,8915.03613,-7.66247918E-04
52,7,8157.33447,8915.03613,8999.61523,-7.66247918E-04
52,8,8157.33447,8999.61523,8973.45801,-7.66247918E-04
52,9,8157.33447,8973.45801,8869.45215,-7.66247918E-04
52,10,8157.33447,8869.45215,8757.89160,-7.66247918E-04
52,11,8157.33447,8757.89160,8696.00488,-7.66247918E-04
52,12,8157.33447,8696.00488,8702.36914,-7.66247918E-04
52,13,8157.33447,8702.36914,8757.25879,-7.66247918E-04
52,14,8157.33447,8757.25879,8819.11133,-7.66247918E-04
52,15,8157.33447,8819.11133,8844.98730,-7.66247918E-04
52,16,8157.33447,8844.98730,8806.51855,-7.66247918E-04
52,17,8157.33447,8806.51855,8697.38184,-7.66247918E-04
52,18,8157.33447,8697.38184,8532.44629,-7.66247918E-04
52,19,8157.33447,8532.44629,8340.97754,-7.66247918E-04
52,20,8157.33447,8340.97754,8157.33447,-7.66247918E-04
53,1,9898.22559,8157.33447,8241.06055,3.13798115E-02
53,2,9898.22559,8241.06055,8324.75879,3.13798115E-02
53,3,9898.22559,8324.75879,8408.56250,3.13798115E-02
53,4,9898.22559,8408.56250,8492.57715,3.13798115E-02
53,5,9898.22559,8492.57715,8576.89551,3.13798115E-02
53,6,9898.22559,8576.89551,8661.58301,3.13798115E-02
53,7,9898.22559,8661.58301,8746.67383,3.13798115E-02
53,8,9898.22559,8746.67383,8832.22656,3.13798115E-02
53,9,9898.22559,8832.22656,8918.25879,3.13798115E-02
53,10,9898.22559,8918.25879,9004.79492,3.13798115E-02
53,11,9898.22559,9004.79492,9091.83496,3.13798115E-02
53,12,9898.22559,9091.83496,9179.39551,3.13798115E-02
53,13,9898.22559,9179.39551,9267.48242,3.13798115E-02
53,14,9898.22559,9267.48242,9356.07422,3.13798115E-02
53,15,9898.22559,9356.07422,9445.17969,3.13798115E-02
53,16,9898.22559,9445.17969,9534.79102,3.13798115E-02
53,17,9898.22559,9534.79102,9624.90527,3.13798115E-02
53,18,9898.22559,9624.90527,9715.51855,3.13798115E-02
53,19,9898.22559,9715.51855,9806.62891,3.13798115E-02
53,20,9898.22559,9806.62891,9898.22559,3.13798115E-02
54,1,9943.13770,9898.22559,9868.13770,-2.86616362E-03
54,2,9943.13770,9868.13770,9823.32324,-2.86616362E-03
54,3,9943.13770,9823.32324,9782.42969,-2.86616362E-03
54,4,9943.13770,9782.42969,9753.76172,-2.86616362E-03
54,5,9943.13770,9753.76172,9739.56250,-2.86616362E-03
54,6,9943.13770,9739.56250,9738.77441,-2.86616362E-03
54,7,9943.13770,9738.77441,9748.82910,-2.86616362E-03
54,8,9943.13770,9748.82910,9766.69434,-2.86616362E-03
54,9,9943.13770,9766.69434,9789.48242,-2.86616362E-03
54,10,9943.13770,9789.48242,9814.72363,-2.86616362E-03
54,11,9943.13770,9814.72363,9840.45312,-2.86616362E-03
54,12,9943.13770,9840.45312,9865.19727,-2.86616362E-03
54,13,9943.13770,9865.19727,9887.85742,-2.86616362E-03
54,14,9943.13770,9887.85742,9907.67383,-2.86616362E-03
54,15,9943.13770,9907.67383,9924.10059,-2.86616362E-03
54,16,9943.13770,9924.10059,9936.71387,-2.86616362E-03
54,17,9943.13770,9936.71387,9945.19531,-2.86616362E-03
54,18,9943.13770,9945.19531,9949.25977,-2.86616362E-03
54,19,9943.13770,9949.25977,9948.65918,-2.86616362E-03
54,20,9943.13770,9948.65918,9943.13770,-2.86616362E-03
55,1,8697.91895,9943.13770,9718.56836,-6.50258735E-03
55,2,8697.91895,9718.56836,9754.29395,-6.50258735E-03
55,3,8697.91895,9754.29395,9859.87109,-6.50258735E-03
55,4,8697.91895,9859.87109,9936.46680,-6.50258735E-03
55,5,8697.91895,9936.46680,9943.81152,-6.50258735E-03
55,6,8697.91895,9943.81152,9876.69434,-6.50258735E-03
55,7,8697.91895,9876.69434,9748.68652,-6.50258735E-03
55,8,8697.91895,9748.68652,9581.35742,-6.50258735E-03
55,9,8697.91895,9581.35742,9397.42383,-6.50258735E-03
55,10,8697.91895,9397.42383,9216.71973,-6.50258735E-03
55,11,8697.91895,9216.71973,9054.30469,-6.50258735E-03
55,12,8697.91895,9054.30469,8919.76953,-6.50258735E-03
55,13,8697.91895,8919.76953,8817.55957,-6.50258735E-03
55,14,8697.91895,8817.55957,8747.65332,-6.50258735E-03
55,15,8697.91895,8747.65332,8706.58105,-6.50258735E-03
55,16,8697.91895,8706.58105,8688.50293,-6.50258735E-03
55,17,8697.91895,8688.50293,8686.16309,-6.50258735E-03
55,18,8697.91895,8686.16309,8691.82715,-6.50258735E-03
55,19,8697.91895,8691.82715,8697.98926,-6.50258735E-03
55,20,8697.91895,8697.98926,8697.91895,-6.50258735E-03
56,1,8042.67188,8697.91895,8928.00000,9.16666831E-05
56,2,8042.67188,8928.00000,8797.99805,9.16666831E-05
56,3,8042.67188,8797.99805,8619.12012,9.16666831E-05
56,4,8042.67188,8619.12012,8505.71582,9.16666831E-05
56,5,8042.67188,8505.71582,8470.80371,9.16666831E-05
56,6,8042.67188,8470.80371,8484.63184,9.16666831E-05
56,7,8042.67188,8484.63184,8507.98828,9.16666831E-05
56,8,8042.67188,8507.98828,8509.08105,9.16666831E-05
56,9,8042.67188,8509.08105,8469.99902,9.16666831E-05
56,10,8042.67188,8469.99902,8387.11035,9.16666831E-05
56,11,8042.67188,8387.11035,8268.31250,9.16666831E-05
56,12,8042.67188,8268.31250,8129.03613,9.16666831E-05
56,13,8042.67188,8129.03613,7988.16211,9.16666831E-05
56,14,8042.67188,7988.16211,7864.48438,9.16666831E-05
56,15,8042.67188,7864.48438,7774.04980,9.16666831E-05
56,16,8042.67188,7774.04980,7728.42969,9.16666831E-05
56,17,8042.67188,7728.42969,7733.93945,9.16666831E-05
56,18,8042.67188,7733.93945,7791.47656,9.16666831E-05
56,19,8042.67188,7791.47656,7897.06445,9.16666831E-05
56,20,8042.67188,7897.06445,8042.67188,9.16666831E-05
57,1,7667.39355,8042.67188,8119.87207,-4.39239074E-07
57,2,7667.39355,8119.87207,8501.65234,-4.39239074E-07
57,3,7667.39355,8501.65234,8705.83008,-4.39239074E-07
57,4,7667.39355,8705.83008,8860.74414,-4.39239074E-07
57,5,7667.39355,8860.74414,9017.67969,-4.39239074E-07
57,6,7667.39355,9017.67969,9104.42285,-4.39239074E-07
57,7,7667.39355,9104.42285,9119.21777,-4.39239074E-07
57,8,7667.39355,9119.21777,9085.31250,-4.39239074E-07
57,9,7667.39355,9085.31250,9027.58789,-4.39239074E-07
57,10,7667.39355,9027.58789,8962.84375,-4.39239074E-07
57,11,7667.39355,8962.84375,8897.75586,-4.39239074E-07
57,12,7667.39355,8897.75586,8830.74121,-4.39239074E-07
57,13,7667.39355,8830.74121,8755.37891,-4.39239074E-07
57,14,7667.39355,8755.37891,8663.79883,-4.39239074E-07
57,15,7667.39355,8663.79883,8549.54199,-4.39239074E-07
57,16,7667.39355,8549.54199,8409.40137,-4.39239074E-07
57,17,7667.39355,8409.40137,8244.30859,-4.39239074E-07
57,18,7667.39355,8244.30859,8059.36328,-4.39239074E-07
57,19,7667.39355,8059.36328,7863.29004,-4.39239074E-07
57,20,7667.39355,7863.29004,7667.39355,-4.39239074E-07
58,1,5913.99219,7667.39355,7208.92969,3.76635406E-04
58,2,5913.99219,7208.92969,7162.75488,3.76635406E-04
58,3,5913.99219,7162.75488,8698.40918,3.76635406E-04
58,4,5913.99219,8698.40918,9482.93555,3.76635406E-04
58,5,5913.99219,9482.93555,9975.45508,3.76635406E-04
58,6,5913.99219,9975.45508,10376.2578,3.76635406E-04
58,7,5913.99219,10376.2578,10152.9072,3.76635406E-04
58,8,5913.99219,10152.9072,9528.78809,3.76635406E-04
58,9,5913.99219,9528.78809,8557.37207,3.76635406E-04
58,10,5913.99219,8557.37207,7884.72949,3.76635406E-04
58,11,5913.99219,7884.72949,7983.84180,3.76635406E-04
58,12,5913.99219,7983.84180,8779.10840,3.76635406E-04
58,13,5913.99219,8779.10840,9781.52051,3.76635406E-04
58,14,5913.99219,9781.52051,10430.7285,3.76635406E-04
58,15,5913.99219,10430.7285,10381.6865,3.76635406E-04
58,16,5913.99219,10381.6865,9620.17285,3.76635406E-04
58,17,5913.99219,9620.17285,8413.38965,3.76635406E-04
58,18,5913.99219,8413.38965,7164.75488,3.76635406E-04
58,19,5913.99219,7164.75488,6252.91699,3.76635406E-04
58,20,5913.99219,6252.91699,5913.99219,3.76635406E-04
