i,k,old_q,old_q_ch_in,old_q_ch_out,qlat_ch_old
1,1,733.684814,0.00000000,36.3477783,8.37236992E-04
1,2,733.684814,36.3477783,72.9622803,8.37236992E-04
1,3,733.684814,72.9622803,107.917831,8.37236992E-04
1,4,733.684814,107.917831,148.410522,8.37236992E-04
1,5,733.684814,148.410522,178.936646,8.37236992E-04
1,6,733.684814,178.936646,216.221313,8.37236992E-04
1,7,733.684814,216.221313,260.685638,8.37236992E-04
1,8,733.684814,260.685638,289.320282,8.37236992E-04
1,9,733.684814,289.320282,324.949585,8.37236992E-04
1,10,733.684814,324.949585,362.290680,8.37236992E-04
1,11,733.684814,362.290680,396.706421,8.37236992E-04
1,12,733.684814,396.706421,443.245331,8.37236992E-04
1,13,733.684814,443.245331,481.843597,8.37236992E-04
1,14,733.684814,481.843597,503.851898,8.37236992E-04
1,15,733.684814,503.851898,532.833374,8.37236992E-04
1,16,733.684814,532.833374,578.035034,8.37236992E-04
1,17,733.684814,578.035034,623.911743,8.37236992E-04
1,18,733.684814,623.911743,661.691162,8.37236992E-04
1,19,733.684814,661.691162,697.539795,8.37236992E-04
1,20,733.684814,697.539795,733.684814,8.37236992E-04
2,1,0.00000000,0.00000000,0.00000000,-8.76461156E-03
2,2,0.00000000,0.00000000,0.00000000,-8.76461156E-03
2,3,0.00000000,0.00000000,0.00000000,-8.76461156E-03
2,4,0.00000000,0.00000000,0.00000000,-8.76461156E-03
2,5,0.00000000,0.00000000,0.00000000,-8.76461156E-03
2,6,0.00000000,0.00000000,0.00000000,-8.76461156E-03
2,7,0.00000000,0.00000000,0.00000000,-8.76461156E-03
2,8,0.00000000,0.00000000,0.00000000,-8.76461156E-03
2,9,0.00000000,0.00000000,0.00000000,-8.76461156E-03
2,10,0.00000000,0.00000000,0.00000000,-8.76461156E-03
2,11,0.00000000,0.00000000,0.00000000,-8.76461156E-03
2,12,0.00000000,0.00000000,0.00000000,-8.76461156E-03
2,13,0.00000000,0.00000000,0.00000000,-8.76461156E-03
2,14,0.00000000,0.00000000,0.00000000,-8.76461156E-03
2,15,0.00000000,0.00000000,0.00000000,-8.76461156E-03
2,16,0.00000000,0.00000000,0.00000000,-8.76461156E-03
2,17,0.00000000,0.00000000,0.00000000,-8.76461156E-03
2,18,0.00000000,0.00000000,0.00000000,-8.76461156E-03
2,19,0.00000000,0.00000000,0.00000000,-8.76461156E-03
2,20,0.00000000,0.00000000,0.00000000,-8.76461156E-03
3,1,28.0426521,0.00000000,1.40930259,2.10680573E-05
3,2,28.0426521,1.40930259,2.81860495,2.10680573E-05
3,3,28.0426521,2.81860495,4.22790766,2.10680573E-05
3,4,28.0426521,4.22790766,5.63721037,2.10680573E-05
3,5,28.0426521,5.63721037,7.04651356,2.10680573E-05
3,6,28.0426521,7.04651356,8.45581245,2.10680573E-05
3,7,28.0426521,8.45581245,9.86514091,2.10680573E-05
3,8,28.0426521,9.86514091,11.2742643,2.10680573E-05
3,9,28.0426521,11.2742643,12.6846113,2.10680573E-05
3,10,28.0426521,12.6846113,14.0889626,2.10680573E-05
3,11,28.0426521,14.0889626,15.5172005,2.10680573E-05
3,12,28.0426521,15.5172005,16.8687000,2.10680573E-05
3,13,28.0426521,16.8687000,18.4159260,2.10680573E-05
3,14,28.0426521,18.4159260,19.5787544,2.10680573E-05
3,15,28.0426521,19.5787544,21.2868519,2.10680573E-05
3,16,28.0426521,21.2868519,22.5249596,2.10680573E-05
3,17,28.0426521,22.5249596,23.8211002,2.10680573E-05
3,18,28.0426521,23.8211002,25.4829807,2.10680573E-05
3,19,28.0426521,25.4829807,26.8805981,2.10680573E-05
3,20,28.0426521,26.8805981,28.0426521,2.10680573E-05
4,1,20.4820690,0.00000000,1.05786562,1.69491559E-05
4,2,20.4820690,1.05786562,1.96083033,1.69491559E-05
4,3,20.4820690,1.96083033,3.32661176,1.69491559E-05
4,4,20.4820690,3.32661176,4.13533211,1.69491559E-05
4,5,20.4820690,4.13533211,4.97941113,1.69491559E-05
4,6,20.4820690,4.97941113,6.15853596,1.69491559E-05
4,7,20.4820690,6.15853596,7.43384361,1.69491559E-05
4,8,20.4820690,7.43384361,8.52719784,1.69491559E-05
4,9,20.4820690,8.52719784,9.40729046,1.69491559E-05
4,10,20.4820690,9.40729046,10.2337742,1.69491559E-05
4,11,20.4820690,10.2337742,11.1758337,1.69491559E-05
4,12,20.4820690,11.1758337,12.2909508,1.69491559E-05
4,13,20.4820690,12.2909508,13.5163174,1.69491559E-05
4,14,20.4820690,13.5163174,14.7339773,1.69491559E-05
4,15,20.4820690,14.7339773,15.8470068,1.69491559E-05
4,16,20.4820690,15.8470068,16.8243160,1.69491559E-05
4,17,20.4820690,16.8243160,17.7027779,1.69491559E-05
4,18,20.4820690,17.7027779,18.5586777,1.69491559E-05
4,19,20.4820690,18.5586777,19.4692440,1.69491559E-05
4,20,20.4820690,19.4692440,20.4820690,1.69491559E-05
5,1,0.00000000,0.00000000,0.00000000,-1.09593543E-06
5,2,0.00000000,0.00000000,0.00000000,-1.09593543E-06
5,3,0.00000000,0.00000000,0.00000000,-1.09593543E-06
5,4,0.00000000,0.00000000,0.00000000,-1.09593543E-06
5,5,0.00000000,0.00000000,0.00000000,-1.09593543E-06
5,6,0.00000000,0.00000000,0.00000000,-1.09593543E-06
5,7,0.00000000,0.00000000,0.00000000,-1.09593543E-06
5,8,0.00000000,0.00000000,0.00000000,-1.09593543E-06
5,9,0.00000000,0.00000000,0.00000000,-1.09593543E-06
5,10,0.00000000,0.00000000,0.00000000,-1.09593543E-06
5,11,0.00000000,0.00000000,0.00000000,-1.09593543E-06
5,12,0.00000000,0.00000000,0.00000000,-1.09593543E-06
5,13,0.00000000,0.00000000,0.00000000,-1.09593543E-06
5,14,0.00000000,0.00000000,0.00000000,-1.09593543E-06
5,15,0.00000000,0.00000000,0.00000000,-1.09593543E-06
5,16,0.00000000,0.00000000,0.00000000,-1.09593543E-06
5,17,0.00000000,0.00000000,0.00000000,-1.09593543E-06
5,18,0.00000000,0.00000000,0.00000000,-1.09593543E-06
5,19,0.00000000,0.00000000,0.00000000,-1.09593543E-06
5,20,0.00000000,0.00000000,0.00000000,-1.09593543E-06
6,1,0.00000000,0.00000000,0.00000000,-2.09097948E-06
6,2,0.00000000,0.00000000,0.00000000,-2.09097948E-06
6,3,0.00000000,0.00000000,0.00000000,-2.09097948E-06
6,4,0.00000000,0.00000000,0.00000000,-2.09097948E-06
6,5,0.00000000,0.00000000,0.00000000,-2.09097948E-06
6,6,0.00000000,0.00000000,0.00000000,-2.09097948E-06
6,7,0.00000000,0.00000000,0.00000000,-2.09097948E-06
6,8,0.00000000,0.00000000,0.00000000,-2.09097948E-06
6,9,0.00000000,0.00000000,0.00000000,-2.09097948E-06
6,10,0.00000000,0.00000000,0.00000000,-2.09097948E-06
6,11,0.00000000,0.00000000,0.00000000,-2.09097948E-06
6,12,0.00000000,0.00000000,0.00000000,-2.09097948E-06
6,13,0.00000000,0.00000000,0.00000000,-2.09097948E-06
6,14,0.00000000,0.00000000,0.00000000,-2.09097948E-06
6,15,0.00000000,0.00000000,0.00000000,-2.09097948E-06
6,16,0.00000000,0.00000000,0.00000000,-2.09097948E-06
6,17,0.00000000,0.00000000,0.00000000,-2.09097948E-06
6,18,0.00000000,0.00000000,0.00000000,-2.09097948E-06
6,19,0.00000000,0.00000000,0.00000000,-2.09097948E-06
6,20,0.00000000,0.00000000,0.00000000,-2.09097948E-06
7,1,5.26559073E-04,0.00000000,3.04551868E-05,2.32695352E-09
7,2,5.26559073E-04,3.04551868E-05,6.26130786E-05,2.32695352E-09
7,3,5.26559073E-04,6.26130786E-05,8.74977704E-05,2.32695352E-09
7,4,5.26559073E-04,8.74977704E-05,1.27539257E-04,2.32695352E-09
7,5,5.26559073E-04,1.27539257E-04,1.54436333E-04,2.32695352E-09
7,6,5.26559073E-04,1.54436333E-04,1.78473507E-04,2.32695352E-09
7,7,5.26559073E-04,1.78473507E-04,2.11423365E-04,2.32695352E-09
7,8,5.26559073E-04,2.11423365E-04,2.50097946E-04,2.32695352E-09
7,9,5.26559073E-04,2.50097946E-04,2.67904514E-04,2.32695352E-09
7,10,5.26559073E-04,2.67904514E-04,3.53256008E-04,2.32695352E-09
7,11,5.26559073E-04,3.53256008E-04,2.65520968E-04,2.32695352E-09
7,12,5.26559073E-04,2.65520968E-04,3.74744937E-04,2.32695352E-09
7,13,5.26559073E-04,3.74744937E-04,4.46904800E-04,2.32695352E-09
7,14,5.26559073E-04,4.46904800E-04,4.30769229E-04,2.32695352E-09
7,15,5.26559073E-04,4.30769229E-04,4.18228359E-04,2.32695352E-09
7,16,5.26559073E-04,4.18228359E-04,4.87904006E-04,2.32695352E-09
7,17,5.26559073E-04,4.87904006E-04,4.67536825E-04,2.32695352E-09
7,18,5.26559073E-04,4.67536825E-04,6.81724865E-04,2.32695352E-09
7,19,5.26559073E-04,6.81724865E-04,6.00403524E-04,2.32695352E-09
7,20,5.26559073E-04,6.00403524E-04,5.26559073E-04,2.32695352E-09
8,1,0.00000000,0.00000000,0.00000000,-2.40964306E-04
8,2,0.00000000,0.00000000,0.00000000,-2.40964306E-04
8,3,0.00000000,0.00000000,0.00000000,-2.40964306E-04
8,4,0.00000000,0.00000000,0.00000000,-2.40964306E-04
8,5,0.00000000,0.00000000,0.00000000,-2.40964306E-04
8,6,0.00000000,0.00000000,0.00000000,-2.40964306E-04
8,7,0.00000000,0.00000000,0.00000000,-2.40964306E-04
8,8,0.00000000,0.00000000,0.00000000,-2.40964306E-04
8,9,0.00000000,0.00000000,0.00000000,-2.40964306E-04
8,10,0.00000000,0.00000000,0.00000000,-2.40964306E-04
8,11,0.00000000,0.00000000,0.00000000,-2.40964306E-04
8,12,0.00000000,0.00000000,0.00000000,-2.40964306E-04
8,13,0.00000000,0.00000000,0.00000000,-2.40964306E-04
8,14,0.00000000,0.00000000,0.00000000,-2.40964306E-04
8,15,0.00000000,0.00000000,0.00000000,-2.40964306E-04
8,16,0.00000000,0.00000000,0.00000000,-2.40964306E-04
8,17,0.00000000,0.00000000,0.00000000,-2.40964306E-04
8,18,0.00000000,0.00000000,0.00000000,-2.40964306E-04
8,19,0.00000000,0.00000000,0.00000000,-2.40964306E-04
8,20,0.00000000,0.00000000,0.00000000,-2.40964306E-04
9,1,0.00000000,0.00000000,0.00000000,-6.55372205E-05
9,2,0.00000000,0.00000000,0.00000000,-6.55372205E-05
9,3,0.00000000,0.00000000,0.00000000,-6.55372205E-05
9,4,0.00000000,0.00000000,0.00000000,-6.55372205E-05
9,5,0.00000000,0.00000000,0.00000000,-6.55372205E-05
9,6,0.00000000,0.00000000,0.00000000,-6.55372205E-05
9,7,0.00000000,0.00000000,0.00000000,-6.55372205E-05
9,8,0.00000000,0.00000000,0.00000000,-6.55372205E-05
9,9,0.00000000,0.00000000,0.00000000,-6.55372205E-05
9,10,0.00000000,0.00000000,0.00000000,-6.55372205E-05
9,11,0.00000000,0.00000000,0.00000000,-6.55372205E-05
9,12,0.00000000,0.00000000,0.00000000,-6.55372205E-05
9,13,0.00000000,0.00000000,0.00000000,-6.55372205E-05
9,14,0.00000000,0.00000000,0.00000000,-6.55372205E-05
9,15,0.00000000,0.00000000,0.00000000,-6.55372205E-05
9,16,0.00000000,0.00000000,0.00000000,-6.55372205E-05
9,17,0.00000000,0.00000000,0.00000000,-6.55372205E-05
9,18,0.00000000,0.00000000,0.00000000,-6.55372205E-05
9,19,0.00000000,0.00000000,0.00000000,-6.55372205E-05
9,20,0.00000000,0.00000000,0.00000000,-6.55372205E-05
10,1,70.4625473,0.00000000,3.57495761,7.22344150E-04
10,2,70.4625473,3.57495761,6.98316813,7.22344150E-04
10,3,70.4625473,6.98316813,10.4757843,7.22344150E-04
10,4,70.4625473,10.4757843,14.0783052,7.22344150E-04
10,5,70.4625473,14.0783052,17.7081261,7.22344150E-04
10,6,70.4625473,17.7081261,21.2835388,7.22344150E-04
10,7,70.4625473,21.2835388,24.7733765,7.22344150E-04
10,8,70.4625473,24.7733765,28.1978455,7.22344150E-04
10,9,70.4625473,28.1978455,31.6051636,7.22344150E-04
10,10,70.4625473,31.6051636,35.0446854,7.22344150E-04
10,11,70.4625473,35.0446854,38.5479507,7.22344150E-04
10,12,70.4625473,38.5479507,42.1212273,7.22344150E-04
10,13,70.4625473,42.1212273,45.7479248,7.22344150E-04
10,14,70.4625473,45.7479248,49.3972282,7.22344150E-04
10,15,70.4625473,49.3972282,53.0345039,7.22344150E-04
10,16,70.4625473,53.0345039,56.6306877,7.22344150E-04
10,17,70.4625473,56.6306877,60.1685143,7.22344150E-04
10,18,70.4625473,60.1685143,63.6447754,7.22344150E-04
10,19,70.4625473,63.6447754,67.0695190,7.22344150E-04
10,20,70.4625473,67.0695190,70.4625473,7.22344150E-04
11,1,9.46009541,0.00000000,0.471260965,7.99693680E-06
11,2,9.46009541,0.471260965,0.919496834,7.99693680E-06
11,3,9.46009541,0.919496834,1.46963918,7.99693680E-06
11,4,9.46009541,1.46963918,1.79659307,7.99693680E-06
11,5,9.46009541,1.79659307,2.33712101,7.99693680E-06
11,6,9.46009541,2.33712101,2.89685488,7.99693680E-06
11,7,9.46009541,2.89685488,3.31218934,7.99693680E-06
11,8,9.46009541,3.31218934,3.68439960,7.99693680E-06
11,9,9.46009541,3.68439960,4.14614630,7.99693680E-06
11,10,9.46009541,4.14614630,4.69651127,7.99693680E-06
11,11,9.46009541,4.69651127,5.24252605,7.99693680E-06
11,12,9.46009541,5.24252605,5.71222019,7.99693680E-06
11,13,9.46009541,5.71222019,6.11110401,7.99693680E-06
11,14,9.46009541,6.11110401,6.49963856,7.99693680E-06
11,15,9.46009541,6.49963856,6.93716431,7.99693680E-06
11,16,9.46009541,6.93716431,7.44202709,7.99693680E-06
11,17,9.46009541,7.44202709,7.98787594,7.99693680E-06
11,18,9.46009541,7.98787594,8.52730370,7.99693680E-06
11,19,9.46009541,8.52730370,9.02173138,7.99693680E-06
11,20,9.46009541,9.02173138,9.46009541,7.99693680E-06
12,1,0.00000000,0.00000000,0.00000000,-3.53215179E-10
12,2,0.00000000,0.00000000,0.00000000,-3.53215179E-10
12,3,0.00000000,0.00000000,0.00000000,-3.53215179E-10
12,4,0.00000000,0.00000000,0.00000000,-3.53215179E-10
12,5,0.00000000,0.00000000,0.00000000,-3.53215179E-10
12,6,0.00000000,0.00000000,0.00000000,-3.53215179E-10
12,7,0.00000000,0.00000000,0.00000000,-3.53215179E-10
12,8,0.00000000,0.00000000,0.00000000,-3.53215179E-10
12,9,0.00000000,0.00000000,0.00000000,-3.53215179E-10
12,10,0.00000000,0.00000000,0.00000000,-3.53215179E-10
12,11,0.00000000,0.00000000,0.00000000,-3.53215179E-10
12,12,0.00000000,0.00000000,0.00000000,-3.53215179E-10
12,13,0.00000000,0.00000000,0.00000000,-3.53215179E-10
12,14,0.00000000,0.00000000,0.00000000,-3.53215179E-10
12,15,0.00000000,0.00000000,0.00000000,-3.53215179E-10
12,16,0.00000000,0.00000000,0.00000000,-3.53215179E-10
12,17,0.00000000,0.00000000,0.00000000,-3.53215179E-10
12,18,0.00000000,0.00000000,0.00000000,-3.53215179E-10
12,19,0.00000000,0.00000000,0.00000000,-3.53215179E-10
12,20,0.00000000,0.00000000,0.00000000,-3.53215179E-10
13,1,0.00000000,0.00000000,0.00000000,-5.57955559E-07
13,2,0.00000000,0.00000000,0.00000000,-5.57955559E-07
13,3,0.00000000,0.00000000,0.00000000,-5.57955559E-07
13,4,0.00000000,0.00000000,0.00000000,-5.57955559E-07
13,5,0.00000000,0.00000000,0.00000000,-5.57955559E-07
13,6,0.00000000,0.00000000,0.00000000,-5.57955559E-07
13,7,0.00000000,0.00000000,0.00000000,-5.57955559E-07
13,8,0.00000000,0.00000000,0.00000000,-5.57955559E-07
13,9,0.00000000,0.00000000,0.00000000,-5.57955559E-07
13,10,0.00000000,0.00000000,0.00000000,-5.57955559E-07
13,11,0.00000000,0.00000000,0.00000000,-5.57955559E-07
13,12,0.00000000,0.00000000,0.00000000,-5.57955559E-07
13,13,0.00000000,0.00000000,0.00000000,-5.57955559E-07
13,14,0.00000000,0.00000000,0.00000000,-5.57955559E-07
13,15,0.00000000,0.00000000,0.00000000,-5.57955559E-07
13,16,0.00000000,0.00000000,0.00000000,-5.57955559E-07
13,17,0.00000000,0.00000000,0.00000000,-5.57955559E-07
13,18,0.00000000,0.00000000,0.00000000,-5.57955559E-07
13,19,0.00000000,0.00000000,0.00000000,-5.57955559E-07
13,20,0.00000000,0.00000000,0.00000000,-5.57955559E-07
14,1,137.362244,0.00000000,17.6046333,1.30032562E-03
14,2,137.362244,17.6046333,34.9410629,1.30032562E-03
14,3,137.362244,34.9410629,51.6449051,1.30032562E-03
14,4,137.362244,51.6449051,67.2554626,1.30032562E-03
14,5,137.362244,67.2554626,81.3259354,1.30032562E-03
14,6,137.362244,81.3259354,93.5264587,1.30032562E-03
14,7,137.362244,93.5264587,103.702957,1.30032562E-03
14,8,137.362244,103.702957,111.882751,1.30032562E-03
14,9,137.362244,111.882751,118.239662,1.30032562E-03
14,10,137.362244,118.239662,123.039772,1.30032562E-03
14,11,137.362244,123.039772,126.586555,1.30032562E-03
14,12,137.362244,126.586555,129.177216,1.30032562E-03
14,13,137.362244,129.177216,131.074585,1.30032562E-03
14,14,137.362244,131.074585,132.493393,1.30032562E-03
14,15,137.362244,132.493393,133.597748,1.30032562E-03
14,16,137.362244,133.597748,134.505508,1.30032562E-03
14,17,137.362244,134.505508,135.296097,1.30032562E-03
14,18,137.362244,135.296097,136.019302,1.30032562E-03
14,19,137.362244,136.019302,136.703430,1.30032562E-03
14,20,137.362244,136.703430,137.362244,1.30032562E-03
15,1,30.3362808,28.0426521,28.1302299,7.71759460E-06
15,2,30.3362808,28.1302299,28.2568226,7.71759460E-06
15,3,30.3362808,28.2568226,28.3413086,7.71759460E-06
15,4,30.3362808,28.3413086,28.5836582,7.71759460E-06
15,5,30.3362808,28.5836582,28.7152004,7.71759460E-06
15,6,30.3362808,28.7152004,28.8347034,7.71759460E-06
15,7,30.3362808,28.8347034,29.0403500,7.71759460E-06
15,8,30.3362808,29.0403500,29.2749519,7.71759460E-06
15,9,30.3362808,29.2749519,29.4517517,7.71759460E-06
15,10,30.3362808,29.4517517,29.5584412,7.71759460E-06
15,11,30.3362808,29.5584412,29.6435814,7.71759460E-06
15,12,30.3362808,29.6435814,29.7527885,7.71759460E-06
15,13,30.3362808,29.7527885,29.8905087,7.71759460E-06
15,14,30.3362808,29.8905087,30.0268688,7.71759460E-06
15,15,30.3362808,30.0268688,30.1280060,7.71759460E-06
15,16,30.3362808,30.1280060,30.1811905,7.71759460E-06
15,17,30.3362808,30.1811905,30.2006016,7.71759460E-06
15,18,30.3362808,30.2006016,30.2161865,7.71759460E-06
15,19,30.3362808,30.2161865,30.2565823,7.71759460E-06
15,20,30.3362808,30.2565823,30.3362808,7.71759460E-06
16,1,0.00000000,0.00000000,0.00000000,-7.43874756E-04
16,2,0.00000000,0.00000000,0.00000000,-7.43874756E-04
16,3,0.00000000,0.00000000,0.00000000,-7.43874756E-04
16,4,0.00000000,0.00000000,0.00000000,-7.43874756E-04
16,5,0.00000000,0.00000000,0.00000000,-7.43874756E-04
16,6,0.00000000,0.00000000,0.00000000,-7.43874756E-04
16,7,0.00000000,0.00000000,0.00000000,-7.43874756E-04
16,8,0.00000000,0.00000000,0.00000000,-7.43874756E-04
16,9,0.00000000,0.00000000,0.00000000,-7.43874756E-04
16,10,0.00000000,0.00000000,0.00000000,-7.43874756E-04
16,11,0.00000000,0.00000000,0.00000000,-7.43874756E-04
16,12,0.00000000,0.00000000,0.00000000,-7.43874756E-04
16,13,0.00000000,0.00000000,0.00000000,-7.43874756E-04
16,14,0.00000000,0.00000000,0.00000000,-7.43874756E-04
16,15,0.00000000,0.00000000,0.00000000,-7.43874756E-04
16,16,0.00000000,0.00000000,0.00000000,-7.43874756E-04
16,17,0.00000000,0.00000000,0.00000000,-7.43874756E-04
16,18,0.00000000,0.00000000,0.00000000,-7.43874756E-04
16,19,0.00000000,0.00000000,0.00000000,-7.43874756E-04
16,20,0.00000000,0.00000000,0.00000000,-7.43874756E-04
17,1,0.00000000,0.00000000,0.00000000,-6.54449177E-05
17,2,0.00000000,0.00000000,0.00000000,-6.54449177E-05
17,3,0.00000000,0.00000000,0.00000000,-6.54449177E-05
17,4,0.00000000,0.00000000,0.00000000,-6.54449177E-05
17,5,0.00000000,0.00000000,0.00000000,-6.54449177E-05
17,6,0.00000000,0.00000000,0.00000000,-6.54449177E-05
17,7,0.00000000,0.00000000,0.00000000,-6.54449177E-05
17,8,0.00000000,0.00000000,0.00000000,-6.54449177E-05
17,9,0.00000000,0.00000000,0.00000000,-6.54449177E-05
17,10,0.00000000,0.00000000,0.00000000,-6.54449177E-05
17,11,0.00000000,0.00000000,0.00000000,-6.54449177E-05
17,12,0.00000000,0.00000000,0.00000000,-6.54449177E-05
17,13,0.00000000,0.00000000,0.00000000,-6.54449177E-05
17,14,0.00000000,0.00000000,0.00000000,-6.54449177E-05
17,15,0.00000000,0.00000000,0.00000000,-6.54449177E-05
17,16,0.00000000,0.00000000,0.00000000,-6.54449177E-05
17,17,0.00000000,0.00000000,0.00000000,-6.54449177E-05
17,18,0.00000000,0.00000000,0.00000000,-6.54449177E-05
17,19,0.00000000,0.00000000,0.00000000,-6.54449177E-05
17,20,0.00000000,0.00000000,0.00000000,-6.54449177E-05
18,1,13.0984306,9.46009541,9.59785843,1.92783664E-05
18,2,13.0984306,9.59785843,9.77683258,1.92783664E-05
18,3,13.0984306,9.77683258,9.96022892,1.92783664E-05
18,4,13.0984306,9.96022892,10.1634064,1.92783664E-05
18,5,13.0984306,10.1634064,10.3873110,1.92783664E-05
18,6,13.0984306,10.3873110,10.6150665,1.92783664E-05
18,7,13.0984306,10.6150665,10.8251114,1.92783664E-05
18,8,13.0984306,10.8251114,11.0023718,1.92783664E-05
18,9,13.0984306,11.0023718,11.1431837,1.92783664E-05
18,10,13.0984306,11.1431837,11.2545900,1.92783664E-05
18,11,13.0984306,11.2545900,11.3505726,1.92783664E-05
18,12,13.0984306,11.3505726,11.4574223,1.92783664E-05
18,13,13.0984306,11.4574223,11.5407057,1.92783664E-05
18,14,13.0984306,11.5407057,11.6638098,1.92783664E-05
18,15,13.0984306,11.6638098,11.9233656,1.92783664E-05
18,16,13.0984306,11.9233656,12.1112604,1.92783664E-05
18,17,13.0984306,12.1112604,12.2750711,1.92783664E-05
18,18,13.0984306,12.2750711,12.4792614,1.92783664E-05
18,19,13.0984306,12.4792614,12.7382965,1.92783664E-05
18,20,13.0984306,12.7382965,13.0984306,1.92783664E-05
19,1,7.52428323E-02,0.00000000,3.74895567E-03,1.17700289E-07
19,2,7.52428323E-02,3.74895567E-03,7.49791041E-03,1.17700289E-07
19,3,7.52428323E-02,7.49791041E-03,1.12468861E-02,1.17700289E-07
19,4,7.52428323E-02,1.12468861E-02,1.49956243E-02,1.17700289E-07
19,5,7.52428323E-02,1.49956243E-02,1.87461935E-02,1.17700289E-07
19,6,7.52428323E-02,1.87461935E-02,2.24865824E-02,1.17700289E-07
19,7,7.52428323E-02,2.24865824E-02,2.62689479E-02,1.17700289E-07
19,8,7.52428323E-02,2.62689479E-02,2.99222730E-02,1.17700289E-07
19,9,7.52428323E-02,2.99222730E-02,3.38663086E-02,1.17700289E-07
19,10,7.52428323E-02,3.38663086E-02,3.73563431E-02,1.17700289E-07
19,11,7.52428323E-02,3.73563431E-02,4.12597097E-02,1.17700289E-07
19,12,7.52428323E-02,4.12597097E-02,4.51260172E-02,1.17700289E-07
19,13,7.52428323E-02,4.51260172E-02,4.86229472E-02,1.17700289E-07
19,14,7.52428323E-02,4.86229472E-02,5.23685478E-02,1.17700289E-07
19,15,7.52428323E-02,5.23685478E-02,5.63836768E-02,1.17700289E-07
19,16,7.52428323E-02,5.63836768E-02,6.01201132E-02,1.17700289E-07
19,17,7.52428323E-02,6.01201132E-02,6.35897294E-02,1.17700289E-07
19,18,7.52428323E-02,6.35897294E-02,6.72788993E-02,1.17700289E-07
19,19,7.52428323E-02,6.72788993E-02,7.12947026E-02,1.17700289E-07
19,20,7.52428323E-02,7.12947026E-02,7.52428323E-02,1.17700289E-07
20,1,101.092697,100.798828,100.677353,2.15670298E-07
20,2,101.092697,100.677353,100.638077,2.15670298E-07
20,3,101.092697,100.638077,100.628487,2.15670298E-07
20,4,101.092697,100.628487,100.621292,2.15670298E-07
20,5,101.092697,100.621292,100.603882,2.15670298E-07
20,6,101.092697,100.603882,100.572876,2.15670298E-07
20,7,101.092697,100.572876,100.530563,2.15670298E-07
20,8,101.092697,100.530563,100.482567,2.15670298E-07
20,9,101.092697,100.482567,100.436249,2.15670298E-07
20,10,101.092697,100.436249,100.399277,2.15670298E-07
20,11,101.092697,100.399277,100.378380,2.15670298E-07
20,12,101.092697,100.378380,100.378853,2.15670298E-07
20,13,101.092697,100.378853,100.403755,2.15670298E-07
20,14,101.092697,100.403755,100.453865,2.15670298E-07
20,15,101.092697,100.453865,100.527794,2.15670298E-07
20,16,101.092697,100.527794,100.622124,2.15670298E-07
20,17,101.092697,100.622124,100.731934,2.15670298E-07
20,18,101.092697,100.731934,100.851280,2.15670298E-07
20,19,101.092697,100.851280,100.973724,2.15670298E-07
20,20,101.092697,100.973724,101.092697,2.15670298E-07
21,1,8.22580528,0.00000000,0.117443025,8.13884981E-05
21,2,8.22580528,0.117443025,0.521048844,8.13884981E-05
21,3,8.22580528,0.521048844,1.31030464,8.13884981E-05
21,4,8.22580528,1.31030464,2.07973242,8.13884981E-05
21,5,8.22580528,2.07973242,2.65713692,8.13884981E-05
21,6,8.22580528,2.65713692,3.00969219,8.13884981E-05
21,7,8.22580528,3.00969219,3.17929411,8.13884981E-05
21,8,8.22580528,3.17929411,3.23969650,8.13884981E-05
21,9,8.22580528,3.23969650,3.26957226,8.13884981E-05
21,10,8.22580528,3.26957226,3.33700991,8.13884981E-05
21,11,8.22580528,3.33700991,3.49197674,8.13884981E-05
21,12,8.22580528,3.49197674,3.76403999,8.13884981E-05
21,13,8.22580528,3.76403999,4.16348553,8.13884981E-05
21,14,8.22580528,4.16348553,4.68432140,8.13884981E-05
21,15,8.22580528,4.68432140,5.30826283,8.13884981E-05
21,16,8.22580528,5.30826283,6.00877762,8.13884981E-05
21,17,8.22580528,6.00877762,6.75509644,8.13884981E-05
21,18,8.22580528,6.75509644,7.51548290,8.13884981E-05
21,19,8.22580528,7.51548290,8.76528072,8.13884981E-05
21,20,8.22580528,8.76528072,8.22580528,8.13884981E-05
22,1,839.719055,13.0984306,54.3262482,1.76327513E-03
22,2,839.719055,54.3262482,95.8352509,1.76327513E-03
22,3,839.719055,95.8352509,140.236954,1.76327513E-03
22,4,839.719055,140.236954,182.617676,1.76327513E-03
22,5,839.719055,182.617676,220.422165,1.76327513E-03
22,6,839.719055,220.422165,258.180359,1.76327513E-03
22,7,839.719055,258.180359,299.766266,1.76327513E-03
22,8,839.719055,299.766266,344.768555,1.76327513E-03
22,9,839.719055,344.768555,390.277313,1.76327513E-03
22,10,839.719055,390.277313,433.903046,1.76327513E-03
22,11,839.719055,433.903046,475.190674,1.76327513E-03
22,12,839.719055,475.190674,515.175232,1.76327513E-03
22,13,839.719055,515.175232,555.168701,1.76327513E-03
22,14,839.719055,555.168701,595.839355,1.76327513E-03
22,15,839.719055,595.839355,637.020264,1.76327513E-03
22,16,839.719055,637.020264,678.108032,1.76327513E-03
22,17,839.719055,678.108032,718.632202,1.76327513E-03
22,18,839.719055,718.632202,758.637573,1.76327513E-03
22,19,839.719055,758.637573,798.715088,1.76327513E-03
22,20,839.719055,798.715088,839.719055,1.76327513E-03
23,1,0.00000000,7.52428323E-02,0.00000000,-1.54395108E-04
23,2,0.00000000,0.00000000,0.00000000,-1.54395108E-04
23,3,0.00000000,0.00000000,0.00000000,-1.54395108E-04
23,4,0.00000000,0.00000000,0.00000000,-1.54395108E-04
23,5,0.00000000,0.00000000,0.00000000,-1.54395108E-04
23,6,0.00000000,0.00000000,0.00000000,-1.54395108E-04
23,7,0.00000000,0.00000000,0.00000000,-1.54395108E-04
23,8,0.00000000,0.00000000,0.00000000,-1.54395108E-04
23,9,0.00000000,0.00000000,0.00000000,-1.54395108E-04
23,10,0.00000000,0.00000000,0.00000000,-1.54395108E-04
23,11,0.00000000,0.00000000,0.00000000,-1.54395108E-04
23,12,0.00000000,0.00000000,0.00000000,-1.54395108E-04
23,13,0.00000000,0.00000000,0.00000000,-1.54395108E-04
23,14,0.00000000,0.00000000,0.00000000,-1.54395108E-04
23,15,0.00000000,0.00000000,0.00000000,-1.54395108E-04
23,16,0.00000000,0.00000000,0.00000000,-1.54395108E-04
23,17,0.00000000,0.00000000,0.00000000,-1.54395108E-04
23,18,0.00000000,0.00000000,0.00000000,-1.54395108E-04
23,19,0.00000000,0.00000000,0.00000000,-1.54395108E-04
23,20,0.00000000,0.00000000,0.00000000,-1.54395108E-04
24,1,6.63189983,8.22580528,10.4662142,-1.14572508E-07
24,2,6.63189983,10.4662142,6.55834436,-1.14572508E-07
24,3,6.63189983,6.55834436,10.0584641,-1.14572508E-07
24,4,6.63189983,10.0584641,7.22969484,-1.14572508E-07
24,5,6.63189983,7.22969484,0.377916008,-1.14572508E-07
24,6,6.63189983,0.377916008,12.8854351,-1.14572508E-07
24,7,6.63189983,12.8854351,10.5006256,-1.14572508E-07
24,8,6.63189983,10.5006256,4.94242239,-1.14572508E-07
24,9,6.63189983,4.94242239,5.09621668,-1.14572508E-07
24,10,6.63189983,5.09621668,12.9616003,-1.14572508E-07
24,11,6.63189983,12.9616003,12.8348351,-1.14572508E-07
24,12,6.63189983,12.8348351,7.27243853,-1.14572508E-07
24,13,6.63189983,7.27243853,4.71865416,-1.14572508E-07
24,14,6.63189983,4.71865416,0.634706140,-1.14572508E-07
24,15,6.63189983,0.634706140,3.45860267,-1.14572508E-07
24,16,6.63189983,3.45860267,8.61611366,-1.14572508E-07
24,17,6.63189983,8.61611366,14.2479877,-1.14572508E-07
24,18,6.63189983,14.2479877,15.8914356,-1.14572508E-07
24,19,6.63189983,15.8914356,12.7085581,-1.14572508E-07
24,20,6.63189983,12.7085581,6.63189983,-1.14572508E-07
25,1,864.227966,839.719055,840.051697,-2.13681574E-06
25,2,864.227966,840.051697,839.110352,-2.13681574E-06
25,3,864.227966,839.110352,841.005310,-2.13681574E-06
25,4,864.227966,841.005310,843.796143,-2.13681574E-06
25,5,864.227966,843.796143,845.304749,-2.13681574E-06
25,6,864.227966,845.304749,845.032898,-2.13681574E-06
25,7,864.227966,845.032898,843.753601,-2.13681574E-06
25,8,864.227966,843.753601,842.593506,-2.13681574E-06
25,9,864.227966,842.593506,842.404053,-2.13681574E-06
25,10,864.227966,842.404053,843.562195,-2.13681574E-06
25,11,864.227966,843.562195,846.015869,-2.13681574E-06
25,12,864.227966,846.015869,849.433838,-2.13681574E-06
25,13,864.227966,849.433838,853.344604,-2.13681574E-06
25,14,864.227966,853.344604,857.259766,-2.13681574E-06
25,15,864.227966,857.259766,860.749634,-2.13681574E-06
25,16,864.227966,860.749634,863.477295,-2.13681574E-06
25,17,864.227966,863.477295,865.228455,-2.13681574E-06
25,18,864.227966,865.228455,865.909973,-2.13681574E-06
25,19,864.227966,865.909973,865.540527,-2.13681574E-06
25,20,864.227966,865.540527,864.227966,-2.13681574E-06
26,1,229.553680,0.00000000,11.3801680,1.78732414E-04
26,2,229.553680,11.3801680,22.7603340,1.78732414E-04
26,3,229.553680,22.7603340,34.1405182,1.78732414E-04
26,4,229.553680,34.1405182,45.5205307,1.78732414E-04
26,5,229.553680,45.5205307,56.9018402,1.78732414E-04
26,6,229.553680,56.9018402,68.2758102,1.78732414E-04
26,7,229.553680,68.2758102,79.6805344,1.78732414E-04
26,8,229.553680,79.6805344,90.9896622,1.78732414E-04
26,9,229.553680,90.9896622,102.516228,1.78732414E-04
26,10,229.553680,102.516228,113.693794,1.78732414E-04
26,11,229.553680,113.693794,125.247337,1.78732414E-04
26,12,229.553680,125.247337,136.486725,1.78732414E-04
26,13,229.553680,136.486725,148.240662,1.78732414E-04
26,14,229.553680,148.240662,158.803574,1.78732414E-04
26,15,229.553680,158.803574,170.908493,1.78732414E-04
26,16,229.553680,170.908493,182.356293,1.78732414E-04
26,17,229.553680,182.356293,193.785294,1.78732414E-04
26,18,229.553680,193.785294,203.610992,1.78732414E-04
26,19,229.553680,203.610992,216.189880,1.78732414E-04
26,20,229.553680,216.189880,229.553680,1.78732414E-04
27,1,0.00000000,6.63189983,0.00000000,-9.33153031E-04
27,2,0.00000000,0.00000000,0.00000000,-9.33153031E-04
27,3,0.00000000,0.00000000,0.00000000,-9.33153031E-04
27,4,0.00000000,0.00000000,0.00000000,-9.33153031E-04
27,5,0.00000000,0.00000000,0.00000000,-9.33153031E-04
27,6,0.00000000,0.00000000,0.00000000,-9.33153031E-04
27,7,0.00000000,0.00000000,0.00000000,-9.33153031E-04
27,8,0.00000000,0.00000000,0.00000000,-9.33153031E-04
27,9,0.00000000,0.00000000,0.00000000,-9.33153031E-04
27,10,0.00000000,0.00000000,0.00000000,-9.33153031E-04
27,11,0.00000000,0.00000000,0.00000000,-9.33153031E-04
27,12,0.00000000,0.00000000,0.00000000,-9.33153031E-04
27,13,0.00000000,0.00000000,0.00000000,-9.33153031E-04
27,14,0.00000000,0.00000000,0.00000000,-9.33153031E-04
27,15,0.00000000,0.00000000,0.00000000,-9.33153031E-04
27,16,0.00000000,0.00000000,0.00000000,-9.33153031E-04
27,17,0.00000000,0.00000000,0.00000000,-9.33153031E-04
27,18,0.00000000,0.00000000,0.00000000,-9.33153031E-04
27,19,0.00000000,0.00000000,0.00000000,-9.33153031E-04
27,20,0.00000000,0.00000000,0.00000000,-9.33153031E-04
28,1,413.373199,864.227966,824.426941,-2.49005709E-04
28,2,413.373199,824.426941,793.133057,-2.49005709E-04
28,3,413.373199,793.133057,778.040100,-2.49005709E-04
28,4,413.373199,778.040100,767.071472,-2.49005709E-04
28,5,413.373199,767.071472,770.321106,-2.49005709E-04
28,6,413.373199,770.321106,761.609741,-2.49005709E-04
28,7,413.373199,761.609741,723.219971,-2.49005709E-04
28,8,413.373199,723.219971,682.776978,-2.49005709E-04
28,9,413.373199,682.776978,662.517700,-2.49005709E-04
28,10,413.373199,662.517700,672.580017,-2.49005709E-04
28,11,413.373199,672.580017,658.131592,-2.49005709E-04
28,12,413.373199,658.131592,622.116577,-2.49005709E-04
28,13,413.373199,622.116577,575.674255,-2.49005709E-04
28,14,413.373199,575.674255,574.836426,-2.49005709E-04
28,15,413.373199,574.836426,604.755859,-2.49005709E-04
28,16,413.373199,604.755859,613.693726,-2.49005709E-04
28,17,413.373199,613.693726,563.449219,-2.49005709E-04
28,18,413.373199,563.449219,500.587769,-2.49005709E-04
28,19,413.373199,500.587769,475.697815,-2.49005709E-04
28,20,413.373199,475.697815,413.373199,-2.49005709E-04
29,1,227.817795,229.554214,228.722488,7.61125057E-06
29,2,227.817795,228.722488,228.738831,7.61125057E-06
29,3,227.817795,228.738831,228.192093,7.61125057E-06
29,4,227.817795,228.192093,227.611069,7.61125057E-06
29,5,227.817795,227.611069,227.429291,7.61125057E-06
29,6,227.817795,227.429291,227.564178,7.61125057E-06
29,7,227.817795,227.564178,228.072449,7.61125057E-06
29,8,227.817795,228.072449,228.777588,7.61125057E-06
29,9,227.817795,228.777588,229.207123,7.61125057E-06
29,10,227.817795,229.207123,229.400162,7.61125057E-06
29,11,227.817795,229.400162,229.313293,7.61125057E-06
29,12,227.817795,229.313293,228.777252,7.61125057E-06
29,13,227.817795,228.777252,227.921646,7.61125057E-06
29,14,227.817795,227.921646,226.859146,7.61125057E-06
29,15,227.817795,226.859146,226.198395,7.61125057E-06
29,16,227.817795,226.198395,225.851700,7.61125057E-06
29,17,227.817795,225.851700,225.768631,7.61125057E-06
29,18,227.817795,225.768631,226.060730,7.61125057E-06
29,19,227.817795,226.060730,226.770523,7.61125057E-06
29,20,227.817795,226.770523,227.817795,7.61125057E-06
30,1,9.75659943,0.00000000,0.490793228,1.49600355E-05
30,2,9.75659943,0.490793228,0.964269996,1.49600355E-05
30,3,9.75659943,0.964269996,1.49557781,1.49600355E-05
30,4,9.75659943,1.49557781,1.94390011,1.49600355E-05
30,5,9.75659943,1.94390011,2.41511631,1.49600355E-05
30,6,9.75659943,2.41511631,2.93594432,1.49600355E-05
30,7,9.75659943,2.93594432,3.45373487,1.49600355E-05
30,8,9.75659943,3.45373487,3.93313122,1.49600355E-05
30,9,9.75659943,3.93313122,4.38772297,1.49600355E-05
30,10,9.75659943,4.38772297,4.85200405,1.49600355E-05
30,11,9.75659943,4.85200405,5.34628677,1.49600355E-05
30,12,9.75659943,5.34628677,5.86459684,1.49600355E-05
30,13,9.75659943,5.86459684,6.38484812,1.49600355E-05
30,14,9.75659943,6.38484812,6.88649321,1.49600355E-05
30,15,9.75659943,6.88649321,7.36255550,1.49600355E-05
30,16,9.75659943,7.36255550,7.82109976,1.49600355E-05
30,17,9.75659943,7.82109976,8.27853394,1.49600355E-05
30,18,9.75659943,8.27853394,8.75027466,1.49600355E-05
30,19,9.75659943,8.75027466,9.24382877,1.49600355E-05
30,20,9.75659943,9.24382877,9.75659943,1.49600355E-05
31,1,271.265106,248.299866,250.507462,6.54266114E-05
31,2,271.265106,250.507462,252.011993,6.54266114E-05
31,3,271.265106,252.011993,258.147064,6.54266114E-05
31,4,271.265106,258.147064,251.924576,6.54266114E-05
31,5,271.265106,251.924576,262.725067,6.54266114E-05
31,6,271.265106,262.725067,264.700104,6.54266114E-05
31,7,271.265106,264.700104,259.333374,6.54266114E-05
31,8,271.265106,259.333374,261.344696,6.54266114E-05
31,9,271.265106,261.344696,268.330170,6.54266114E-05
31,10,271.265106,268.330170,271.290192,6.54266114E-05
31,11,271.265106,271.290192,268.777374,6.54266114E-05
31,12,271.265106,268.777374,265.032074,6.54266114E-05
31,13,271.265106,265.032074,263.977203,6.54266114E-05
31,14,271.265106,263.977203,266.326050,6.54266114E-05
31,15,271.265106,266.326050,270.242340,6.54266114E-05
31,16,271.265106,270.242340,273.379547,6.54266114E-05
31,17,271.265106,273.379547,274.448517,6.54266114E-05
31,18,271.265106,274.448517,273.637634,6.54266114E-05
31,19,271.265106,273.637634,272.126160,6.54266114E-05
31,20,271.265106,272.126160,271.265106,6.54266114E-05
32,1,12520.6826,147.118835,111.346077,-9.71008731E-08
32,2,12520.6826,111.346077,77.4891663,-9.71008731E-08
32,3,12520.6826,77.4891663,48.8993073,-9.71008731E-08
32,4,12520.6826,48.8993073,28.6610928,-9.71008731E-08
32,5,12520.6826,28.6610928,17.3146076,-9.71008731E-08
32,6,12520.6826,17.3146076,12.8610744,-9.71008731E-08
32,7,12520.6826,12.8610744,13.0508156,-9.71008731E-08
32,8,12520.6826,13.0508156,17.7315140,-9.71008731E-08
32,9,12520.6826,17.7315140,30.4318867,-9.71008731E-08
32,10,12520.6826,30.4318867,60.3647957,-9.71008731E-08
32,11,12520.6826,60.3647957,126.311340,-9.71008731E-08
32,12,12520.6826,126.311340,262.682312,-9.71008731E-08
32,13,12520.6826,262.682312,526.199951,-9.71008731E-08
32,14,12520.6826,526.199951,999.489624,-9.71008731E-08
32,15,12520.6826,999.489624,1786.35120,-9.71008731E-08
32,16,12520.6826,1786.35120,2994.21533,-9.71008731E-08
32,17,12520.6826,2994.21533,4703.48584,-9.71008731E-08
32,18,12520.6826,4703.48584,6930.40283,-9.71008731E-08
32,19,12520.6826,6930.40283,9596.62305,-9.71008731E-08
32,20,12520.6826,9596.62305,12520.6826,-9.71008731E-08
33,1,254.460327,271.265106,269.909241,-8.83325774E-05
33,2,254.460327,269.909241,269.722076,-8.83325774E-05
33,3,254.460327,269.722076,267.042572,-8.83325774E-05
33,4,254.460327,267.042572,267.837646,-8.83325774E-05
33,5,254.460327,267.837646,269.736725,-8.83325774E-05
33,6,254.460327,269.736725,273.770813,-8.83325774E-05
33,7,254.460327,273.770813,268.217010,-8.83325774E-05
33,8,254.460327,268.217010,270.079041,-8.83325774E-05
33,9,254.460327,270.079041,269.466675,-8.83325774E-05
33,10,254.460327,269.466675,265.999725,-8.83325774E-05
33,11,254.460327,265.999725,268.555481,-8.83325774E-05
33,12,254.460327,268.555481,264.169708,-8.83325774E-05
33,13,254.460327,264.169708,274.472107,-8.83325774E-05
33,14,254.460327,274.472107,269.573456,-8.83325774E-05
33,15,254.460327,269.573456,262.672760,-8.83325774E-05
33,16,254.460327,262.672760,261.109406,-8.83325774E-05
33,17,254.460327,261.109406,256.902710,-8.83325774E-05
33,18,254.460327,256.902710,261.901581,-8.83325774E-05
33,19,254.460327,261.901581,258.506165,-8.83325774E-05
33,20,254.460327,258.506165,254.460327,-8.83325774E-05
34,1,21698.8711,12520.6826,13134.3564,-5.86145006E-07
34,2,21698.8711,13134.3564,13745.9863,-5.86145006E-07
34,3,21698.8711,13745.9863,14352.8623,-5.86145006E-07
34,4,21698.8711,14352.8623,14952.2510,-5.86145006E-07
34,5,21698.8711,14952.2510,15541.4424,-5.86145006E-07
34,6,21698.8711,15541.4424,16117.7666,-5.86145006E-07
34,7,21698.8711,16117.7666,16678.6367,-5.86145006E-07
34,8,21698.8711,16678.6367,17221.5645,-5.86145006E-07
34,9,21698.8711,17221.5645,17744.2148,-5.86145006E-07
34,10,21698.8711,17744.2148,18244.4062,-5.86145006E-07
34,11,21698.8711,18244.4062,18720.1621,-5.86145006E-07
34,12,21698.8711,18720.1621,19169.7227,-5.86145006E-07
34,13,21698.8711,19169.7227,19591.5645,-5.86145006E-07
34,14,21698.8711,19591.5645,19984.4277,-5.86145006E-07
34,15,21698.8711,19984.4277,20347.3301,-5.86145006E-07
34,16,21698.8711,20347.3301,20679.5801,-5.86145006E-07
34,17,21698.8711,20679.5801,20980.7852,-5.86145006E-07
34,18,21698.8711,20980.7852,21250.8633,-5.86145006E-07
34,19,21698.8711,21250.8633,21490.0430,-5.86145006E-07
34,20,21698.8711,21490.0430,21698.8711,-5.86145006E-07
35,1,21328.3555,21698.8711,21690.1094,-4.12208075E-03
35,2,21328.3555,21690.1094,21680.0918,-4.12208075E-03
35,3,21328.3555,21680.0918,21672.1465,-4.12208075E-03
35,4,21328.3555,21672.1465,21667.0312,-4.12208075E-03
35,5,21328.3555,21667.0312,21639.3965,-4.12208075E-03
35,6,21328.3555,21639.3965,21664.8223,-4.12208075E-03
35,7,21328.3555,21664.8223,21640.6406,-4.12208075E-03
35,8,21328.3555,21640.6406,21630.5391,-4.12208075E-03
35,9,21328.3555,21630.5391,21536.1113,-4.12208075E-03
35,10,21328.3555,21536.1113,21639.2539,-4.12208075E-03
35,11,21328.3555,21639.2539,21717.6387,-4.12208075E-03
35,12,21328.3555,21717.6387,21551.3457,-4.12208075E-03
35,13,21328.3555,21551.3457,21609.6523,-4.12208075E-03
35,14,21328.3555,21609.6523,21496.8887,-4.12208075E-03
35,15,21328.3555,21496.8887,21404.4141,-4.12208075E-03
35,16,21328.3555,21404.4141,21540.1230,-4.12208075E-03
35,17,21328.3555,21540.1230,21756.7422,-4.12208075E-03
35,18,21328.3555,21756.7422,21803.0254,-4.12208075E-03
35,19,21328.3555,21803.0254,21612.5234,-4.12208075E-03
35,20,21328.3555,21612.5234,21328.3555,-4.12208075E-03
36,1,99662.9609,21741.7285,22199.3477,1.21787434E-05
36,2,99662.9609,22199.3477,22549.1758,1.21787434E-05
36,3,99662.9609,22549.1758,22866.4570,1.21787434E-05
36,4,99662.9609,22866.4570,23201.8105,1.21787434E-05
36,5,99662.9609,23201.8105,23596.7969,1.21787434E-05
36,6,99662.9609,23596.7969,24094.3047,1.21787434E-05
36,7,99662.9609,24094.3047,24745.5781,1.21787434E-05
36,8,99662.9609,24745.5781,25614.8496,1.21787434E-05
36,9,99662.9609,25614.8496,26782.1797,1.21787434E-05
36,10,99662.9609,26782.1797,28345.0625,1.21787434E-05
36,11,99662.9609,28345.0625,30419.1758,1.21787434E-05
36,12,99662.9609,30419.1758,33138.4766,1.21787434E-05
36,13,99662.9609,33138.4766,36654.9414,1.21787434E-05
36,14,99662.9609,36654.9414,41137.8984,1.21787434E-05
36,15,99662.9609,41137.8984,46773.0000,1.21787434E-05
36,16,99662.9609,46773.0000,53760.8555,1.21787434E-05
36,17,99662.9609,53760.8555,62315.2148,1.21787434E-05
36,18,99662.9609,62315.2148,72660.8203,1.21787434E-05
36,19,99662.9609,72660.8203,85030.6641,1.21787434E-05
36,20,99662.9609,85030.6641,99662.9609,1.21787434E-05
37,1,1825605.25,99662.9609,124384.234,-5.91647113E-04
37,2,1825605.25,124384.234,154830.969,-5.91647113E-04
37,3,1825605.25,154830.969,191705.219,-5.91647113E-04
37,4,1825605.25,191705.219,235660.922,-5.91647113E-04
37,5,1825605.25,235660.922,287273.250,-5.91647113E-04
37,6,1825605.25,287273.250,347006.562,-5.91647113E-04
37,7,1825605.25,347006.562,415182.594,-5.91647113E-04
37,8,1825605.25,415182.594,491949.406,-5.91647113E-04
37,9,1825605.25,491949.406,577252.812,-5.91647113E-04
37,10,1825605.25,577252.812,670811.812,-5.91647113E-04
37,11,1825605.25,670811.812,772099.812,-5.91647113E-04
37,12,1825605.25,772099.812,880333.750,-5.91647113E-04
37,13,1825605.25,880333.750,994471.688,-5.91647113E-04
37,14,1825605.25,994471.688,1113221.00,-5.91647113E-04
37,15,1825605.25,1113221.00,1235056.75,-5.91647113E-04
37,16,1825605.25,1235056.75,1358253.12,-5.91647113E-04
37,17,1825605.25,1358253.12,1480923.38,-5.91647113E-04
37,18,1825605.25,1480923.38,1601070.88,-5.91647113E-04
37,19,1825605.25,1601070.88,1716645.00,-5.91647113E-04
37,20,1825605.25,1716645.00,1825605.25,-5.91647113E-04
38,1,283802.500,1825605.25,1998881.62,-5.96182963E-06
38,2,283802.500,1998881.62,2138185.00,-5.96182963E-06
38,3,283802.500,2138185.00,2235421.00,-5.96182963E-06
38,4,283802.500,2235421.00,2285134.00,-5.96182963E-06
38,5,283802.500,2285134.00,2285055.50,-5.96182963E-06
38,6,283802.500,2285055.50,2236311.00,-5.96182963E-06
38,7,283802.500,2236311.00,2143237.25,-5.96182963E-06
38,8,283802.500,2143237.25,2012827.50,-5.96182963E-06
38,9,283802.500,2012827.50,1853901.25,-5.96182963E-06
38,10,283802.500,1853901.25,1676137.38,-5.96182963E-06
38,11,283802.500,1676137.38,1489116.38,-5.96182963E-06
38,12,283802.500,1489116.38,1301504.25,-5.96182963E-06
38,13,283802.500,1301504.25,1120467.88,-5.96182963E-06
38,14,283802.500,1120467.88,951364.625,-5.96182963E-06
38,15,283802.500,951364.625,797695.812,-5.96182963E-06
38,16,283802.500,797695.812,661274.688,-5.96182963E-06
38,17,283802.500,661274.688,542537.438,-5.96182963E-06
38,18,283802.500,542537.438,440913.906,-5.96182963E-06
38,19,283802.500,440913.906,355188.500,-5.96182963E-06
38,20,283802.500,355188.500,283802.500,-5.96182963E-06
39,1,17211.2148,283802.500,238037.047,-7.23825906E-08
39,2,17211.2148,238037.047,198895.484,-7.23825906E-08
39,3,17211.2148,198895.484,165640.000,-7.23825906E-08
39,4,17211.2148,165640.000,137582.984,-7.23825906E-08
39,5,17211.2148,137582.984,114093.938,-7.23825906E-08
39,6,17211.2148,114093.938,94595.9219,-7.23825906E-08
39,7,17211.2148,94595.9219,78557.5781,-7.23825906E-08
39,8,17211.2148,78557.5781,65487.3125,-7.23825906E-08
39,9,17211.2148,65487.3125,54931.6055,-7.23825906E-08
39,10,17211.2148,54931.6055,46476.6836,-7.23825906E-08
39,11,17211.2148,46476.6836,39751.5508,-7.23825906E-08
39,12,17211.2148,39751.5508,34430.3125,-7.23825906E-08
39,13,17211.2148,34430.3125,30232.8867,-7.23825906E-08
39,14,17211.2148,30232.8867,26923.7734,-7.23825906E-08
39,15,17211.2148,26923.7734,24309.0664,-7.23825906E-08
39,16,17211.2148,24309.0664,22232.2871,-7.23825906E-08
39,17,17211.2148,22232.2871,20569.5312,-7.23825906E-08
39,18,17211.2148,20569.5312,19224.4395,-7.23825906E-08
39,19,17211.2148,19224.4395,18123.4062,-7.23825906E-08
39,20,17211.2148,18123.4062,17211.2148,-7.23825906E-08
40,1,17426.7520,17211.2148,17213.7246,2.97706481E-02
40,2,17426.7520,17213.7246,17225.7070,2.97706481E-02
40,3,17426.7520,17225.7070,17245.6992,2.97706481E-02
40,4,17426.7520,17245.6992,17271.9922,2.97706481E-02
40,5,17426.7520,17271.9922,17302.7051,2.97706481E-02
40,6,17426.7520,17302.7051,17335.8789,2.97706481E-02
40,7,17426.7520,17335.8789,17369.5723,2.97706481E-02
40,8,17426.7520,17369.5723,17401.9746,2.97706481E-02
40,9,17426.7520,17401.9746,17431.4922,2.97706481E-02
40,10,17426.7520,17431.4922,17456.8086,2.97706481E-02
40,11,17426.7520,17456.8086,17476.9277,2.97706481E-02
40,12,17426.7520,17476.9277,17491.2031,2.97706481E-02
40,13,17426.7520,17491.2031,17499.3320,2.97706481E-02
40,14,17426.7520,17499.3320,17501.3477,2.97706481E-02
40,15,17426.7520,17501.3477,17497.6016,2.97706481E-02
40,16,17426.7520,17497.6016,17488.7559,2.97706481E-02
40,17,17426.7520,17488.7559,17475.7812,2.97706481E-02
40,18,17426.7520,17475.7812,17459.9609,2.97706481E-02
40,19,17426.7520,17459.9609,17442.9355,2.97706481E-02
40,20,17426.7520,17442.9355,17426.7520,2.97706481E-02
41,1,25109.4004,17426.7520,17203.9043,-6.32271394E-07
41,2,25109.4004,17203.9043,16987.7695,-6.32271394E-07
41,3,25109.4004,16987.7695,16782.4199,-6.32271394E-07
41,4,25109.4004,16782.4199,16592.9160,-6.32271394E-07
41,5,25109.4004,16592.9160,16425.3965,-6.32271394E-07
41,6,25109.4004,16425.3965,16287.1729,-6.32271394E-07
41,7,25109.4004,16287.1729,16186.8379,-6.32271394E-07
41,8,25109.4004,16186.8379,16134.3467,-6.32271394E-07
41,9,25109.4004,16134.3467,16141.1318,-6.32271394E-07
41,10,25109.4004,16141.1318,16220.2080,-6.32271394E-07
41,11,25109.4004,16220.2080,16386.2715,-6.32271394E-07
41,12,25109.4004,16386.2715,16655.7930,-6.32271394E-07
41,13,25109.4004,16655.7930,17047.0801,-6.32271394E-07
41,14,25109.4004,17047.0801,17580.3027,-6.32271394E-07
41,15,25109.4004,17580.3027,18277.4922,-6.32271394E-07
41,16,25109.4004,18277.4922,19162.4590,-6.32271394E-07
41,17,25109.4004,19162.4590,20260.6699,-6.32271394E-07
41,18,25109.4004,20260.6699,21599.0371,-6.32271394E-07
41,19,25109.4004,21599.0371,23205.6465,-6.32271394E-07
41,20,25109.4004,23205.6465,25109.4004,-6.32271394E-07
42,1,73278.2266,25109.4004,26299.2715,5.56154293E-04
42,2,73278.2266,26299.2715,27593.0000,5.56154293E-04
42,3,73278.2266,27593.0000,28995.4043,5.56154293E-04
42,4,73278.2266,28995.4043,30511.2324,5.56154293E-04
42,5,73278.2266,30511.2324,32145.1230,5.56154293E-04
42,6,73278.2266,32145.1230,33901.5820,5.56154293E-04
42,7,73278.2266,33901.5820,35784.9570,5.56154293E-04
42,8,73278.2266,35784.9570,37799.3867,5.56154293E-04
42,9,73278.2266,37799.3867,39948.7773,5.56154293E-04
42,10,73278.2266,39948.7773,42236.7539,5.56154293E-04
42,11,73278.2266,42236.7539,44666.6484,5.56154293E-04
42,12,73278.2266,44666.6484,47241.4531,5.56154293E-04
42,13,73278.2266,47241.4531,49963.7891,5.56154293E-04
42,14,73278.2266,49963.7891,52835.8594,5.56154293E-04
42,15,73278.2266,52835.8594,55859.4570,5.56154293E-04
42,16,73278.2266,55859.4570,59035.8789,5.56154293E-04
42,17,73278.2266,59035.8789,62365.9492,5.56154293E-04
42,18,73278.2266,62365.9492,65849.9609,5.56154293E-04
42,19,73278.2266,65849.9609,69487.6562,5.56154293E-04
42,20,73278.2266,69487.6562,73278.2266,5.56154293E-04
43,1,155890.281,73278.2266,100392.141,8.88070417E-07
43,2,155890.281,100392.141,131194.234,8.88070417E-07
43,3,155890.281,131194.234,163739.281,8.88070417E-07
43,4,155890.281,163739.281,195757.578,8.88070417E-07
43,5,155890.281,195757.578,224974.438,8.88070417E-07
43,6,155890.281,224974.438,249415.000,8.88070417E-07
43,7,155890.281,249415.000,267640.156,8.88070417E-07
43,8,155890.281,267640.156,278880.688,8.88070417E-07
43,9,155890.281,278880.688,283061.469,8.88070417E-07
43,10,155890.281,283061.469,280727.969,8.88070417E-07
43,11,155890.281,280727.969,272903.688,8.88070417E-07
43,12,155890.281,272903.688,260910.938,8.88070417E-07
43,13,155890.281,260910.938,246188.234,8.88070417E-07
43,14,155890.281,246188.234,230128.766,8.88070417E-07
43,15,155890.281,230128.766,213956.812,8.88070417E-07
43,16,155890.281,213956.812,198648.734,8.88070417E-07
43,17,155890.281,198648.734,184897.656,8.88070417E-07
43,18,155890.281,184897.656,173115.250,8.88070417E-07
43,19,155890.281,173115.250,163461.141,8.88070417E-07
43,20,155890.281,163461.141,155890.281,8.88070417E-07
44,1,141307.641,155890.281,154526.062,4.41303244E-03
44,2,141307.641,154526.062,153245.188,4.41303244E-03
44,3,141307.641,153245.188,152045.484,4.41303244E-03
44,4,141307.641,152045.484,150924.625,4.41303244E-03
44,5,141307.641,150924.625,149880.016,4.41303244E-03
44,6,141307.641,149880.016,148908.938,4.41303244E-03
44,7,141307.641,148908.938,148008.562,4.41303244E-03
44,8,141307.641,148008.562,147175.875,4.41303244E-03
44,9,141307.641,147175.875,146407.812,4.41303244E-03
44,10,141307.641,146407.812,145701.203,4.41303244E-03
44,11,141307.641,145701.203,145052.859,4.41303244E-03
44,12,141307.641,145052.859,144459.531,4.41303244E-03
44,13,141307.641,144459.531,143917.969,4.41303244E-03
44,14,141307.641,143917.969,143424.891,4.41303244E-03
44,15,141307.641,143424.891,142977.094,4.41303244E-03
44,16,141307.641,142977.094,142571.406,4.41303244E-03
44,17,141307.641,142571.406,142204.656,4.41303244E-03
44,18,141307.641,142204.656,141873.766,4.41303244E-03
44,19,141307.641,141873.766,141575.734,4.41303244E-03
44,20,141307.641,141575.734,141307.641,4.41303244E-03
45,1,137759.125,141307.641,140692.594,-1.76935600E-06
45,2,137759.125,140692.594,140200.516,-1.76935600E-06
45,3,137759.125,140200.516,139798.500,-1.76935600E-06
45,4,137759.125,139798.500,139458.969,-1.76935600E-06
45,5,137759.125,139458.969,139159.625,-1.76935600E-06
45,6,137759.125,139159.625,138883.438,-1.76935600E-06
45,7,137759.125,138883.438,138618.516,-1.76935600E-06
45,8,137759.125,138618.516,138357.766,-1.76935600E-06
45,9,137759.125,138357.766,138098.656,-1.76935600E-06
45,10,137759.125,138098.656,137842.875,-1.76935600E-06
45,11,137759.125,137842.875,137595.797,-1.76935600E-06
45,12,137759.125,137595.797,137366.000,-1.76935600E-06
45,13,137759.125,137366.000,137164.719,-1.76935600E-06
45,14,137759.125,137164.719,137005.125,-1.76935600E-06
45,15,137759.125,137005.125,136901.859,-1.76935600E-06
45,16,137759.125,136901.859,136870.250,-1.76935600E-06
45,17,137759.125,136870.250,136925.781,-1.76935600E-06
45,18,137759.125,136925.781,137083.406,-1.76935600E-06
45,19,137759.125,137083.406,137357.062,-1.76935600E-06
45,20,137759.125,137357.062,137759.125,-1.76935600E-06
46,1,143016.641,137759.125,137909.828,-8.68004548E-08
46,2,143016.641,137909.828,138073.125,-8.68004548E-08
46,3,143016.641,138073.125,138249.031,-8.68004548E-08
46,4,143016.641,138249.031,138437.469,-8.68004548E-08
46,5,143016.641,138437.469,138638.375,-8.68004548E-08
46,6,143016.641,138638.375,138851.625,-8.68004548E-08
46,7,143016.641,138851.625,139077.062,-8.68004548E-08
46,8,143016.641,139077.062,139314.500,-8.68004548E-08
46,9,143016.641,139314.500,139563.766,-8.68004548E-08
46,10,143016.641,139563.766,139824.625,-8.68004548E-08
46,11,143016.641,139824.625,140096.828,-8.68004548E-08
46,12,143016.641,140096.828,140380.156,-8.68004548E-08
46,13,143016.641,140380.156,140674.344,-8.68004548E-08
46,14,143016.641,140674.344,140979.156,-8.68004548E-08
46,15,143016.641,140979.156,141294.328,-8.68004548E-08
46,16,143016.641,141294.328,141619.609,-8.68004548E-08
46,17,143016.641,141619.609,141954.719,-8.68004548E-08
46,18,143016.641,141954.719,142299.422,-8.68004548E-08
46,19,143016.641,142299.422,142653.500,-8.68004548E-08
46,20,143016.641,142653.500,143016.641,-8.68004548E-08
47,1,143355.219,143117.734,143127.000,-1.55464004E-05
47,2,143355.219,143127.000,143143.938,-1.55464004E-05
47,3,143355.219,143143.938,143151.984,-1.55464004E-05
47,4,143355.219,143151.984,143172.141,-1.55464004E-05
47,5,143355.219,143172.141,143185.859,-1.55464004E-05
47,6,143355.219,143185.859,143201.906,-1.55464004E-05
47,7,143355.219,143201.906,143196.891,-1.55464004E-05
47,8,143355.219,143196.891,143213.188,-1.55464004E-05
47,9,143355.219,143213.188,143200.031,-1.55464004E-05
47,10,143355.219,143200.031,143222.094,-1.55464004E-05
47,11,143355.219,143222.094,143250.438,-1.55464004E-05
47,12,143355.219,143250.438,143266.516,-1.55464004E-05
47,13,143355.219,143266.516,143262.391,-1.55464004E-05
47,14,143355.219,143262.391,143300.062,-1.55464004E-05
47,15,143355.219,143300.062,143337.109,-1.55464004E-05
47,16,143355.219,143337.109,143348.078,-1.55464004E-05
47,17,143355.219,143348.078,143339.156,-1.55464004E-05
47,18,143355.219,143339.156,143348.094,-1.55464004E-05
47,19,143355.219,143348.094,143331.891,-1.55464004E-05
47,20,143355.219,143331.891,143355.219,-1.55464004E-05
48,1,143477.281,143355.219,143365.703,-7.18673517E-04
48,2,143477.281,143365.703,143361.047,-7.18673517E-04
48,3,143477.281,143361.047,143338.828,-7.18673517E-04
48,4,143477.281,143338.828,143317.688,-7.18673517E-04
48,5,143477.281,143317.688,143325.625,-7.18673517E-04
48,6,143477.281,143325.625,143373.312,-7.18673517E-04
48,7,143477.281,143373.312,143382.672,-7.18673517E-04
48,8,143477.281,143382.672,143391.031,-7.18673517E-04
48,9,143477.281,143391.031,143394.812,-7.18673517E-04
48,10,143477.281,143394.812,143407.000,-7.18673517E-04
48,11,143477.281,143407.000,143362.859,-7.18673517E-04
48,12,143477.281,143362.859,143382.609,-7.18673517E-04
48,13,143477.281,143382.609,143428.922,-7.18673517E-04
48,14,143477.281,143428.922,143410.703,-7.18673517E-04
48,15,143477.281,143410.703,143409.109,-7.18673517E-04
48,16,143477.281,143409.109,143414.672,-7.18673517E-04
48,17,143477.281,143414.672,143357.484,-7.18673517E-04
48,18,143477.281,143357.484,143404.359,-7.18673517E-04
48,19,143477.281,143404.359,143460.359,-7.18673517E-04
48,20,143477.281,143460.359,143477.281,-7.18673517E-04
49,1,142515.281,143477.281,143331.344,1.71691667E-07
49,2,142515.281,143331.344,143434.688,1.71691667E-07
49,3,142515.281,143434.688,143410.609,1.71691667E-07
49,4,142515.281,143410.609,143214.922,1.71691667E-07
49,5,142515.281,143214.922,143928.656,1.71691667E-07
49,6,142515.281,143928.656,142858.922,1.71691667E-07
49,7,142515.281,142858.922,143658.578,1.71691667E-07
49,8,142515.281,143658.578,143598.578,1.71691667E-07
49,9,142515.281,143598.578,142642.062,1.71691667E-07
49,10,142515.281,142642.062,143861.859,1.71691667E-07
49,11,142515.281,143861.859,143508.172,1.71691667E-07
49,12,142515.281,143508.172,143238.797,1.71691667E-07
49,13,142515.281,143238.797,143360.812,1.71691667E-07
49,14,142515.281,143360.812,144386.406,1.71691667E-07
49,15,142515.281,144386.406,142797.141,1.71691667E-07
49,16,142515.281,142797.141,143324.281,1.71691667E-07
49,17,142515.281,143324.281,144246.797,1.71691667E-07
49,18,142515.281,144246.797,143696.094,1.71691667E-07
49,19,142515.281,143696.094,142610.266,1.71691667E-07
49,20,142515.281,142610.266,142515.281,1.71691667E-07
50,1,148984.359,142769.734,144523.969,1.67306922E-02
50,2,148984.359,144523.969,145202.969,1.67306922E-02
50,3,148984.359,145202.969,146033.875,1.67306922E-02
50,4,148984.359,146033.875,142840.219,1.67306922E-02
50,5,148984.359,142840.219,143381.984,1.67306922E-02
50,6,148984.359,143381.984,146107.562,1.67306922E-02
50,7,148984.359,146107.562,146884.266,1.67306922E-02
50,8,148984.359,146884.266,146254.984,1.67306922E-02
50,9,148984.359,146254.984,146888.453,1.67306922E-02
50,10,148984.359,146888.453,146029.047,1.67306922E-02
50,11,148984.359,146029.047,146335.500,1.67306922E-02
50,12,148984.359,146335.500,147046.609,1.67306922E-02
50,13,148984.359,147046.609,147045.688,1.67306922E-02
50,14,148984.359,147045.688,147499.250,1.67306922E-02
50,15,148984.359,147499.250,148437.938,1.67306922E-02
50,16,148984.359,148437.938,149888.312,1.67306922E-02
50,17,148984.359,149888.312,149103.688,1.67306922E-02
50,18,148984.359,149103.688,149819.516,1.67306922E-02
50,19,148984.359,149819.516,146280.859,1.67306922E-02
50,20,148984.359,146280.859,148984.359,1.67306922E-02
51,1,152255.172,148984.359,146797.453,1.90224055E-05
51,2,152255.172,146797.453,150557.188,1.90224055E-05
51,3,152255.172,150557.188,152339.328,1.90224055E-05
51,4,152255.172,152339.328,150520.469,1.90224055E-05
51,5,152255.172,150520.469,150949.500,1.90224055E-05
51,6,152255.172,150949.500,148789.000,1.90224055E-05
51,7,152255.172,148789.000,145693.047,1.90224055E-05
51,8,152255.172,145693.047,147433.984,1.90224055E-05
51,9,152255.172,147433.984,149120.922,1.90224055E-05
51,10,152255.172,149120.922,148977.156,1.90224055E-05
51,11,152255.172,148977.156,151275.969,1.90224055E-05
51,12,152255.172,151275.969,152977.531,1.90224055E-05
51,13,152255.172,152977.531,150520.719,1.90224055E-05
51,14,152255.172,150520.719,148548.891,1.90224055E-05
51,15,152255.172,148548.891,149641.078,1.90224055E-05
51,16,152255.172,149641.078,147915.625,1.90224055E-05
51,17,152255.172,147915.625,145949.422,1.90224055E-05
51,18,152255.172,145949.422,145679.766,1.90224055E-05
51,19,152255.172,145679.766,149844.688,1.90224055E-05
51,20,152255.172,149844.688,152255.172,1.90224055E-05
52,1,154212.203,152988.859,152103.000,-7.48592953E-04
52,2,154212.203,152103.000,153504.094,-7.48592953E-04
52,3,154212.203,153504.094,152606.094,-7.48592953E-04
52,4,154212.203,152606.094,147974.938,-7.48592953E-04
52,5,154212.203,147974.938,145694.719,-7.48592953E-04
52,6,154212.203,145694.719,147827.594,-7.48592953E-04
52,7,154212.203,147827.594,149403.625,-7.48592953E-04
52,8,154212.203,149403.625,149973.234,-7.48592953E-04
52,9,154212.203,149973.234,150134.844,-7.48592953E-04
52,10,154212.203,150134.844,151571.938,-7.48592953E-04
52,11,154212.203,151571.938,154244.844,-7.48592953E-04
52,12,154212.203,154244.844,153564.109,-7.48592953E-04
52,13,154212.203,153564.109,149875.391,-7.48592953E-04
52,14,154212.203,149875.391,148622.359,-7.48592953E-04
52,15,154212.203,148622.359,149346.406,-7.48592953E-04
52,16,154212.203,149346.406,147676.797,-7.48592953E-04
52,17,154212.203,147676.797,145560.953,-7.48592953E-04
52,18,154212.203,145560.953,147724.766,-7.48592953E-04
52,19,154212.203,147724.766,152497.703,-7.48592953E-04
52,20,154212.203,152497.703,154212.203,-7.48592953E-04
53,1,152901.438,154212.203,153907.828,1.53665291E-02
53,2,152901.438,153907.828,154116.375,1.53665291E-02
53,3,152901.438,154116.375,154287.125,1.53665291E-02
53,4,152901.438,154287.125,154136.234,1.53665291E-02
53,5,152901.438,154136.234,153753.906,1.53665291E-02
53,6,152901.438,153753.906,153234.484,1.53665291E-02
53,7,152901.438,153234.484,152958.969,1.53665291E-02
53,8,152901.438,152958.969,152783.219,1.53665291E-02
53,9,152901.438,152783.219,152571.906,1.53665291E-02
53,10,152901.438,152571.906,152794.859,1.53665291E-02
53,11,152901.438,152794.859,153082.516,1.53665291E-02
53,12,152901.438,153082.516,153132.797,1.53665291E-02
53,13,152901.438,153132.797,152984.766,1.53665291E-02
53,14,152901.438,152984.766,152812.969,1.53665291E-02
53,15,152901.438,152812.969,152733.703,1.53665291E-02
53,16,152901.438,152733.703,152742.484,1.53665291E-02
53,17,152901.438,152742.484,152784.500,1.53665291E-02
53,18,152901.438,152784.500,152814.078,1.53665291E-02
53,19,152901.438,152814.078,152836.812,1.53665291E-02
53,20,152901.438,152836.812,152901.438,1.53665291E-02
54,1,146577.281,152901.438,153655.156,-2.82475445E-03
54,2,146577.281,153655.156,154778.375,-2.82475445E-03
54,3,146577.281,154778.375,154819.359,-2.82475445E-03
54,4,146577.281,154819.359,153788.078,-2.82475445E-03
54,5,146577.281,153788.078,152997.922,-2.82475445E-03
54,6,146577.281,152997.922,152512.875,-2.82475445E-03
54,7,146577.281,152512.875,152053.109,-2.82475445E-03
54,8,146577.281,152053.109,150465.719,-2.82475445E-03
54,9,146577.281,150465.719,148971.422,-2.82475445E-03
54,10,146577.281,148971.422,148070.812,-2.82475445E-03
54,11,146577.281,148070.812,146893.578,-2.82475445E-03
54,12,146577.281,146893.578,146390.469,-2.82475445E-03
54,13,146577.281,146390.469,146954.125,-2.82475445E-03
54,14,146577.281,146954.125,147728.594,-2.82475445E-03
54,15,146577.281,147728.594,148149.109,-2.82475445E-03
54,16,146577.281,148149.109,148259.438,-2.82475445E-03
54,17,146577.281,148259.438,147975.812,-2.82475445E-03
54,18,146577.281,147975.812,147310.141,-2.82475445E-03
54,19,146577.281,147310.141,146664.156,-2.82475445E-03
54,20,146577.281,146664.156,146577.281,-2.82475445E-03
55,1,152643.719,146577.281,147102.031,-9.58210696E-03
55,2,152643.719,147102.031,148183.781,-9.58210696E-03
55,3,152643.719,148183.781,149151.547,-9.58210696E-03
55,4,152643.719,149151.547,149466.500,-9.58210696E-03
55,5,152643.719,149466.500,149570.375,-9.58210696E-03
55,6,152643.719,149570.375,149891.562,-9.58210696E-03
55,7,152643.719,149891.562,150561.766,-9.58210696E-03
55,8,152643.719,150561.766,151617.469,-9.58210696E-03
55,9,152643.719,151617.469,152536.891,-9.58210696E-03
55,10,152643.719,152536.891,153916.188,-9.58210696E-03
55,11,152643.719,153916.188,153750.141,-9.58210696E-03
55,12,152643.719,153750.141,154009.422,-9.58210696E-03
55,13,152643.719,154009.422,153422.656,-9.58210696E-03
55,14,152643.719,153422.656,153057.922,-9.58210696E-03
55,15,152643.719,153057.922,152986.906,-9.58210696E-03
55,16,152643.719,152986.906,152904.578,-9.58210696E-03
55,17,152643.719,152904.578,153041.266,-9.58210696E-03
55,18,152643.719,153041.266,153056.672,-9.58210696E-03
55,19,152643.719,153056.672,152824.797,-9.58210696E-03
55,20,152643.719,152824.797,152643.719,-9.58210696E-03
56,1,147418.234,152643.719,152395.219,8.53676029E-05
56,2,147418.234,152395.219,151516.516,8.53676029E-05
56,3,147418.234,151516.516,150135.453,8.53676029E-05
56,4,147418.234,150135.453,148062.828,8.53676029E-05
56,5,147418.234,148062.828,146853.016,8.53676029E-05
56,6,147418.234,146853.016,144821.953,8.53676029E-05
56,7,147418.234,144821.953,144253.359,8.53676029E-05
56,8,147418.234,144253.359,143835.188,8.53676029E-05
56,9,147418.234,143835.188,144525.172,8.53676029E-05
56,10,147418.234,144525.172,144611.984,8.53676029E-05
56,11,147418.234,144611.984,145877.141,8.53676029E-05
56,12,147418.234,145877.141,146130.422,8.53676029E-05
56,13,147418.234,146130.422,146540.266,8.53676029E-05
56,14,147418.234,146540.266,146832.359,8.53676029E-05
56,15,147418.234,146832.359,146055.188,8.53676029E-05
56,16,147418.234,146055.188,145280.297,8.53676029E-05
56,17,147418.234,145280.297,145128.469,8.53676029E-05
56,18,147418.234,145128.469,145099.594,8.53676029E-05
56,19,147418.234,145099.594,145682.719,8.53676029E-05
56,20,147418.234,145682.719,147418.234,8.53676029E-05
57,1,145359.984,147418.234,149689.047,-1.24416076E-07
57,2,145359.984,149689.047,151122.312,-1.24416076E-07
57,3,145359.984,151122.312,151823.000,-1.24416076E-07
57,4,145359.984,151823.000,151350.312,-1.24416076E-07
57,5,145359.984,151350.312,150991.719,-1.24416076E-07
57,6,145359.984,150991.719,150759.531,-1.24416076E-07
57,7,145359.984,150759.531,151274.969,-1.24416076E-07
57,8,145359.984,151274.969,152481.094,-1.24416076E-07
57,9,145359.984,152481.094,153775.188,-1.24416076E-07
57,10,145359.984,153775.188,154689.281,-1.24416076E-07
57,11,145359.984,154689.281,155264.391,-1.24416076E-07
57,12,145359.984,155264.391,154878.766,-1.24416076E-07
57,13,145359.984,154878.766,153430.266,-1.24416076E-07
57,14,145359.984,153430.266,151252.297,-1.24416076E-07
57,15,145359.984,151252.297,149689.297,-1.24416076E-07
57,16,145359.984,149689.297,148243.031,-1.24416076E-07
57,17,145359.984,148243.031,147153.625,-1.24416076E-07
57,18,145359.984,147153.625,146516.219,-1.24416076E-07
57,19,145359.984,146516.219,145749.875,-1.24416076E-07
57,20,145359.984,145749.875,145359.984,-1.24416076E-07
58,1,144694.266,145359.984,147664.547,-2.47127136E-05
58,2,144694.266,147664.547,148815.562,-2.47127136E-05
58,3,144694.266,148815.562,147216.125,-2.47127136E-05
58,4,144694.266,147216.125,146625.375,-2.47127136E-05
58,5,144694.266,146625.375,147308.828,-2.47127136E-05
58,6,144694.266,147308.828,153497.031,-2.47127136E-05
58,7,144694.266,153497.031,159604.844,-2.47127136E-05
58,8,144694.266,159604.844,155110.500,-2.47127136E-05
58,9,144694.266,155110.500,146118.891,-2.47127136E-05
58,10,144694.266,146118.891,142518.766,-2.47127136E-05
58,11,144694.266,142518.766,146536.156,-2.47127136E-05
58,12,144694.266,146536.156,150379.797,-2.47127136E-05
58,13,144694.266,150379.797,150203.312,-2.47127136E-05
58,14,144694.266,150203.312,146201.859,-2.47127136E-05
58,15,144694.266,146201.859,146728.109,-2.47127136E-05
58,16,144694.266,146728.109,152178.594,-2.47127136E-05
58,17,144694.266,152178.594,155808.953,-2.47127136E-05
58,18,144694.266,155808.953,155391.219,-2.47127136E-05
58,19,144694.266,155391.219,150454.328,-2.47127136E-05
58,20,144694.266,150454.328,144694.266,-2.47127136E-05
