i,k,old_q,old_q_ch_in,old_q_ch_out,qlat_ch_old
1,1,51.5784073,0.00000000,2.77117467,6.38383208E-05
1,2,51.5784073,2.77117467,5.56781006,6.38383208E-05
1,3,51.5784073,5.56781006,8.19925785,6.38383208E-05
1,4,51.5784073,8.19925785,11.4202843,6.38383208E-05
1,5,51.5784073,11.4202843,13.4346104,6.38383208E-05
1,6,51.5784073,13.4346104,16.7082558,6.38383208E-05
1,7,51.5784073,16.7082558,19.6584740,6.38383208E-05
1,8,51.5784073,19.6584740,23.0211029,6.38383208E-05
1,9,51.5784073,23.0211029,21.8466187,6.38383208E-05
1,10,51.5784073,21.8466187,31.5883255,6.38383208E-05
1,11,51.5784073,31.5883255,29.1538219,6.38383208E-05
1,12,51.5784073,29.1538219,31.3878174,6.38383208E-05
1,13,51.5784073,31.3878174,36.1692657,6.38383208E-05
1,14,51.5784073,36.1692657,45.1417923,6.38383208E-05
1,15,51.5784073,45.1417923,35.2004700,6.38383208E-05
1,16,51.5784073,35.2004700,43.0506821,6.38383208E-05
1,17,51.5784073,43.0506821,50.2105865,6.38383208E-05
1,18,51.5784073,50.2105865,50.2862320,6.38383208E-05
1,19,51.5784073,50.2862320,52.9870224,6.38383208E-05
1,20,51.5784073,52.9870224,51.5784073,6.38383208E-05
2,1,838.107056,0.00000000,42.2441025,1.69530045E-03
2,2,838.107056,42.2441025,83.9304428,1.69530045E-03
2,3,838.107056,83.9304428,125.576195,1.69530045E-03
2,4,838.107056,125.576195,168.316635,1.69530045E-03
2,5,838.107056,168.316635,211.299957,1.69530045E-03
2,6,838.107056,211.299957,253.435211,1.69530045E-03
2,7,838.107056,253.435211,294.586853,1.69530045E-03
2,8,838.107056,294.586853,335.445374,1.69530045E-03
2,9,838.107056,335.445374,376.836273,1.69530045E-03
2,10,838.107056,376.836273,419.176727,1.69530045E-03
2,11,838.107056,419.176727,462.330658,1.69530045E-03
2,12,838.107056,462.330658,505.781799,1.69530045E-03
2,13,838.107056,505.781799,548.929443,1.69530045E-03
2,14,838.107056,548.929443,591.342773,1.69530045E-03
2,15,838.107056,591.342773,632.891357,1.69530045E-03
2,16,838.107056,632.891357,673.748047,1.69530045E-03
2,17,838.107056,673.748047,714.290527,1.69530045E-03
2,18,838.107056,714.290527,754.966553,1.69530045E-03
2,19,838.107056,754.966553,796.161621,1.69530045E-03
2,20,838.107056,796.161621,838.107056,1.69530045E-03
3,1,0.00000000,0.00000000,0.00000000,-2.73115602E-05
3,2,0.00000000,0.00000000,0.00000000,-2.73115602E-05
3,3,0.00000000,0.00000000,0.00000000,-2.73115602E-05
3,4,0.00000000,0.00000000,0.00000000,-2.73115602E-05
3,5,0.00000000,0.00000000,0.00000000,-2.73115602E-05
3,6,0.00000000,0.00000000,0.00000000,-2.73115602E-05
3,7,0.00000000,0.00000000,0.00000000,-2.73115602E-05
3,8,0.00000000,0.00000000,0.00000000,-2.73115602E-05
3,9,0.00000000,0.00000000,0.00000000,-2.73115602E-05
3,10,0.00000000,0.00000000,0.00000000,-2.73115602E-05
3,11,0.00000000,0.00000000,0.00000000,-2.73115602E-05
3,12,0.00000000,0.00000000,0.00000000,-2.73115602E-05
3,13,0.00000000,0.00000000,0.00000000,-2.73115602E-05
3,14,0.00000000,0.00000000,0.00000000,-2.73115602E-05
3,15,0.00000000,0.00000000,0.00000000,-2.73115602E-05
3,16,0.00000000,0.00000000,0.00000000,-2.73115602E-05
3,17,0.00000000,0.00000000,0.00000000,-2.73115602E-05
3,18,0.00000000,0.00000000,0.00000000,-2.73115602E-05
3,19,0.00000000,0.00000000,0.00000000,-2.73115602E-05
3,20,0.00000000,0.00000000,0.00000000,-2.73115602E-05
4,1,68.9181747,0.00000000,3.50575924,5.66676536E-05
4,2,68.9181747,3.50575924,6.74754333,5.66676536E-05
4,3,68.9181747,6.74754333,10.7573814,5.66676536E-05
4,4,68.9181747,10.7573814,13.8886070,5.66676536E-05
4,5,68.9181747,13.8886070,17.0132637,5.66676536E-05
4,6,68.9181747,17.0132637,20.6714764,5.66676536E-05
4,7,68.9181747,20.6714764,24.5418453,5.66676536E-05
4,8,68.9181747,24.5418453,28.1588955,5.66676536E-05
4,9,68.9181747,28.1588955,31.4118233,5.66676536E-05
4,10,68.9181747,31.4118233,34.5223083,5.66676536E-05
4,11,68.9181747,34.5223083,37.7782364,5.66676536E-05
4,12,68.9181747,37.7782364,41.3177109,5.66676536E-05
4,13,68.9181747,41.3177109,45.0786133,5.66676536E-05
4,14,68.9181747,45.0786133,48.8795815,5.66676536E-05
4,15,68.9181747,48.8795815,52.5418167,5.66676536E-05
4,16,68.9181747,52.5418167,55.9778175,5.66676536E-05
4,17,68.9181747,55.9778175,59.2154312,5.66676536E-05
4,18,68.9181747,59.2154312,62.3661003,5.66676536E-05
4,19,68.9181747,62.3661003,65.5657196,5.66676536E-05
4,20,68.9181747,65.5657196,68.9181747,5.66676536E-05
5,1,2.50172710,0.00000000,0.124165133,2.11468341E-06
5,2,2.50172710,0.124165133,0.248310447,2.11468341E-06
5,3,2.50172710,0.248310447,0.372679651,2.11468341E-06
5,4,2.50172710,0.372679651,0.495538414,2.11468341E-06
5,5,2.50172710,0.495538414,0.625104070,2.11468341E-06
5,6,2.50172710,0.625104070,0.734406412,2.11468341E-06
5,7,2.50172710,0.734406412,0.884848952,2.11468341E-06
5,8,2.50172710,0.884848952,0.983770609,2.11468341E-06
5,9,2.50172710,0.983770609,1.10947990,2.11468341E-06
5,10,2.50172710,1.10947990,1.25542963,2.11468341E-06
5,11,2.50172710,1.25542963,1.37099755,2.11468341E-06
5,12,2.50172710,1.37099755,1.47587025,2.11468341E-06
5,13,2.50172710,1.47587025,1.60596955,2.11468341E-06
5,14,2.50172710,1.60596955,1.74982536,2.11468341E-06
5,15,2.50172710,1.74982536,1.87663662,2.11468341E-06
5,16,2.50172710,1.87663662,1.98359263,2.11468341E-06
5,17,2.50172710,1.98359263,2.09401131,2.11468341E-06
5,18,2.50172710,2.09401131,2.22432327,2.11468341E-06
5,19,2.50172710,2.22432327,2.36679554,2.11468341E-06
5,20,2.50172710,2.36679554,2.50172710,2.11468341E-06
6,1,0.00000000,0.00000000,0.00000000,-1.16746797E-07
6,2,0.00000000,0.00000000,0.00000000,-1.16746797E-07
6,3,0.00000000,0.00000000,0.00000000,-1.16746797E-07
6,4,0.00000000,0.00000000,0.00000000,-1.16746797E-07
6,5,0.00000000,0.00000000,0.00000000,-1.16746797E-07
6,6,0.00000000,0.00000000,0.00000000,-1.16746797E-07
6,7,0.00000000,0.00000000,0.00000000,-1.16746797E-07
6,8,0.00000000,0.00000000,0.00000000,-1.16746797E-07
6,9,0.00000000,0.00000000,0.00000000,-1.16746797E-07
6,10,0.00000000,0.00000000,0.00000000,-1.16746797E-07
6,11,0.00000000,0.00000000,0.00000000,-1.16746797E-07
6,12,0.00000000,0.00000000,0.00000000,-1.16746797E-07
6,13,0.00000000,0.00000000,0.00000000,-1.16746797E-07
6,14,0.00000000,0.00000000,0.00000000,-1.16746797E-07
6,15,0.00000000,0.00000000,0.00000000,-1.16746797E-07
6,16,0.00000000,0.00000000,0.00000000,-1.16746797E-07
6,17,0.00000000,0.00000000,0.00000000,-1.16746797E-07
6,18,0.00000000,0.00000000,0.00000000,-1.16746797E-07
6,19,0.00000000,0.00000000,0.00000000,-1.16746797E-07
6,20,0.00000000,0.00000000,0.00000000,-1.16746797E-07
7,1,0.00000000,0.00000000,0.00000000,-1.27321043E-10
7,2,0.00000000,0.00000000,0.00000000,-1.27321043E-10
7,3,0.00000000,0.00000000,0.00000000,-1.27321043E-10
7,4,0.00000000,0.00000000,0.00000000,-1.27321043E-10
7,5,0.00000000,0.00000000,0.00000000,-1.27321043E-10
7,6,0.00000000,0.00000000,0.00000000,-1.27321043E-10
7,7,0.00000000,0.00000000,0.00000000,-1.27321043E-10
7,8,0.00000000,0.00000000,0.00000000,-1.27321043E-10
7,9,0.00000000,0.00000000,0.00000000,-1.27321043E-10
7,10,0.00000000,0.00000000,0.00000000,-1.27321043E-10
7,11,0.00000000,0.00000000,0.00000000,-1.27321043E-10
7,12,0.00000000,0.00000000,0.00000000,-1.27321043E-10
7,13,0.00000000,0.00000000,0.00000000,-1.27321043E-10
7,14,0.00000000,0.00000000,0.00000000,-1.27321043E-10
7,15,0.00000000,0.00000000,0.00000000,-1.27321043E-10
7,16,0.00000000,0.00000000,0.00000000,-1.27321043E-10
7,17,0.00000000,0.00000000,0.00000000,-1.27321043E-10
7,18,0.00000000,0.00000000,0.00000000,-1.27321043E-10
7,19,0.00000000,0.00000000,0.00000000,-1.27321043E-10
7,20,0.00000000,0.00000000,0.00000000,-1.27321043E-10
8,1,0.00000000,0.00000000,0.00000000,-1.16422283E-03
8,2,0.00000000,0.00000000,0.00000000,-1.16422283E-03
8,3,0.00000000,0.00000000,0.00000000,-1.16422283E-03
8,4,0.00000000,0.00000000,0.00000000,-1.16422283E-03
8,5,0.00000000,0.00000000,0.00000000,-1.16422283E-03
8,6,0.00000000,0.00000000,0.00000000,-1.16422283E-03
8,7,0.00000000,0.00000000,0.00000000,-1.16422283E-03
8,8,0.00000000,0.00000000,0.00000000,-1.16422283E-03
8,9,0.00000000,0.00000000,0.00000000,-1.16422283E-03
8,10,0.00000000,0.00000000,0.00000000,-1.16422283E-03
8,11,0.00000000,0.00000000,0.00000000,-1.16422283E-03
8,12,0.00000000,0.00000000,0.00000000,-1.16422283E-03
8,13,0.00000000,0.00000000,0.00000000,-1.16422283E-03
8,14,0.00000000,0.00000000,0.00000000,-1.16422283E-03
8,15,0.00000000,0.00000000,0.00000000,-1.16422283E-03
8,16,0.00000000,0.00000000,0.00000000,-1.16422283E-03
8,17,0.00000000,0.00000000,0.00000000,-1.16422283E-03
8,18,0.00000000,0.00000000,0.00000000,-1.16422283E-03
8,19,0.00000000,0.00000000,0.00000000,-1.16422283E-03
8,20,0.00000000,0.00000000,0.00000000,-1.16422283E-03
9,1,1.01492810,0.00000000,5.55425920E-02,7.97674238E-06
9,2,1.01492810,5.55425920E-02,9.44257081E-02,7.97674238E-06
9,3,1.01492810,9.44257081E-02,0.150173992,7.97674238E-06
9,4,1.01492810,0.150173992,0.211416841,7.97674238E-06
9,5,1.01492810,0.211416841,0.266941011,7.97674238E-06
9,6,1.01492810,0.266941011,0.314573705,7.97674238E-06
9,7,1.01492810,0.314573705,0.358115524,7.97674238E-06
9,8,1.01492810,0.358115524,0.402621090,7.97674238E-06
9,9,1.01492810,0.402621090,0.451414615,7.97674238E-06
9,10,1.01492810,0.451414615,0.505197644,7.97674238E-06
9,11,1.01492810,0.505197644,0.562554896,7.97674238E-06
9,12,1.01492810,0.562554896,0.621038139,7.97674238E-06
9,13,1.01492810,0.621038139,0.678229749,7.97674238E-06
9,14,1.01492810,0.678229749,0.732469320,7.97674238E-06
9,15,1.01492810,0.732469320,0.783158243,7.97674238E-06
9,16,1.01492810,0.783158243,0.830706000,7.97674238E-06
9,17,1.01492810,0.830706000,0.876241803,7.97674238E-06
9,18,1.01492810,0.876241803,0.921229661,7.97674238E-06
9,19,1.01492810,0.921229661,0.967092335,7.97674238E-06
9,20,1.01492810,0.967092335,1.01492810,7.97674238E-06
10,1,0.00000000,0.00000000,0.00000000,-8.92233074E-05
10,2,0.00000000,0.00000000,0.00000000,-8.92233074E-05
10,3,0.00000000,0.00000000,0.00000000,-8.92233074E-05
10,4,0.00000000,0.00000000,0.00000000,-8.92233074E-05
10,5,0.00000000,0.00000000,0.00000000,-8.92233074E-05
10,6,0.00000000,0.00000000,0.00000000,-8.92233074E-05
10,7,0.00000000,0.00000000,0.00000000,-8.92233074E-05
10,8,0.00000000,0.00000000,0.00000000,-8.92233074E-05
10,9,0.00000000,0.00000000,0.00000000,-8.92233074E-05
10,10,0.00000000,0.00000000,0.00000000,-8.92233074E-05
10,11,0.00000000,0.00000000,0.00000000,-8.92233074E-05
10,12,0.00000000,0.00000000,0.00000000,-8.92233074E-05
10,13,0.00000000,0.00000000,0.00000000,-8.92233074E-05
10,14,0.00000000,0.00000000,0.00000000,-8.92233074E-05
10,15,0.00000000,0.00000000,0.00000000,-8.92233074E-05
10,16,0.00000000,0.00000000,0.00000000,-8.92233074E-05
10,17,0.00000000,0.00000000,0.00000000,-8.92233074E-05
10,18,0.00000000,0.00000000,0.00000000,-8.92233074E-05
10,19,0.00000000,0.00000000,0.00000000,-8.92233074E-05
10,20,0.00000000,0.00000000,0.00000000,-8.92233074E-05
11,1,2.69957066,0.00000000,0.147205234,2.52356176E-06
11,2,2.69957066,0.147205234,0.303201139,2.52356176E-06
11,3,2.69957066,0.303201139,0.422374845,2.52356176E-06
11,4,2.69957066,0.422374845,0.616216183,2.52356176E-06
11,5,2.69957066,0.616216183,0.748823524,2.52356176E-06
11,6,2.69957066,0.748823524,0.863710344,2.52356176E-06
11,7,2.69957066,0.863710344,1.01987970,2.52356176E-06
11,8,2.69957066,1.01987970,1.20763278,2.52356176E-06
11,9,2.69957066,1.20763278,1.29188251,2.52356176E-06
11,10,2.69957066,1.29188251,1.72263026,2.52356176E-06
11,11,2.69957066,1.72263026,1.28475332,2.52356176E-06
11,12,2.69957066,1.28475332,1.79221058,2.52356176E-06
11,13,2.69957066,1.79221058,2.16294122,2.52356176E-06
11,14,2.69957066,2.16294122,2.10200381,2.52356176E-06
11,15,2.69957066,2.10200381,2.03045630,2.52356176E-06
11,16,2.69957066,2.03045630,2.30518842,2.52356176E-06
11,17,2.69957066,2.30518842,2.38861489,2.52356176E-06
11,18,2.69957066,2.38861489,3.02128673,2.52356176E-06
11,19,2.69957066,3.02128673,3.10394549,2.52356176E-06
11,20,2.69957066,3.10394549,2.69957066,2.52356176E-06
12,1,0.00000000,0.00000000,0.00000000,-4.48168530E-10
12,2,0.00000000,0.00000000,0.00000000,-4.48168530E-10
12,3,0.00000000,0.00000000,0.00000000,-4.48168530E-10
12,4,0.00000000,0.00000000,0.00000000,-4.48168530E-10
12,5,0.00000000,0.00000000,0.00000000,-4.48168530E-10
12,6,0.00000000,0.00000000,0.00000000,-4.48168530E-10
12,7,0.00000000,0.00000000,0.00000000,-4.48168530E-10
12,8,0.00000000,0.00000000,0.00000000,-4.48168530E-10
12,9,0.00000000,0.00000000,0.00000000,-4.48168530E-10
12,10,0.00000000,0.00000000,0.00000000,-4.48168530E-10
12,11,0.00000000,0.00000000,0.00000000,-4.48168530E-10
12,12,0.00000000,0.00000000,0.00000000,-4.48168530E-10
12,13,0.00000000,0.00000000,0.00000000,-4.48168530E-10
12,14,0.00000000,0.00000000,0.00000000,-4.48168530E-10
12,15,0.00000000,0.00000000,0.00000000,-4.48168530E-10
12,16,0.00000000,0.00000000,0.00000000,-4.48168530E-10
12,17,0.00000000,0.00000000,0.00000000,-4.48168530E-10
12,18,0.00000000,0.00000000,0.00000000,-4.48168530E-10
12,19,0.00000000,0.00000000,0.00000000,-4.48168530E-10
12,20,0.00000000,0.00000000,0.00000000,-4.48168530E-10
13,1,0.419886827,0.00000000,2.09610127E-02,2.55707164E-07
13,2,0.419886827,2.09610127E-02,4.17988151E-02,2.55707164E-07
13,3,0.419886827,4.17988151E-02,6.30432814E-02,2.55707164E-07
13,4,0.419886827,6.30432814E-02,8.37982297E-02,2.55707164E-07
13,5,0.419886827,8.37982297E-02,0.104326710,2.55707164E-07
13,6,0.419886827,0.104326710,0.125681445,2.55707164E-07
13,7,0.419886827,0.125681445,0.147181198,2.55707164E-07
13,8,0.419886827,0.147181198,0.167921558,2.55707164E-07
13,9,0.419886827,0.167921558,0.188136458,2.55707164E-07
13,10,0.419886827,0.188136458,0.208698124,2.55707164E-07
13,11,0.419886827,0.208698124,0.230043158,2.55707164E-07
13,12,0.419886827,0.230043158,0.251810819,2.55707164E-07
13,13,0.419886827,0.251810819,0.273285717,2.55707164E-07
13,14,0.419886827,0.273285717,0.294032544,2.55707164E-07
13,15,0.419886827,0.294032544,0.314184129,2.55707164E-07
13,16,0.419886827,0.314184129,0.334278047,2.55707164E-07
13,17,0.419886827,0.334278047,0.354861379,2.55707164E-07
13,18,0.419886827,0.354861379,0.376160651,2.55707164E-07
13,19,0.419886827,0.376160651,0.397988677,2.55707164E-07
13,20,0.419886827,0.397988677,0.419886827,2.55707164E-07
14,1,47.4529839,0.00000000,6.28221369,4.64022538E-04
14,2,47.4529839,6.28221369,12.4686508,4.64022538E-04
14,3,47.4529839,12.4686508,18.4291573,4.64022538E-04
14,4,47.4529839,18.4291573,23.9990635,4.64022538E-04
14,5,47.4529839,23.9990635,29.0183086,4.64022538E-04
14,6,47.4529839,29.0183086,33.3680153,4.64022538E-04
14,7,47.4529839,33.3680153,36.9913063,4.64022538E-04
14,8,47.4529839,36.9913063,39.8952675,4.64022538E-04
14,9,47.4529839,39.8952675,42.1386185,4.64022538E-04
14,10,47.4529839,42.1386185,43.8126450,4.64022538E-04
14,11,47.4529839,43.8126450,45.0220642,4.64022538E-04
14,12,47.4529839,45.0220642,45.8699150,4.64022538E-04
14,13,47.4529839,45.8699150,46.4479179,4.64022538E-04
14,14,47.4529839,46.4479179,46.8318520,4.64022538E-04
14,15,47.4529839,46.8318520,47.0807991,4.64022538E-04
14,16,47.4529839,47.0807991,47.2386436,4.64022538E-04
14,17,47.4529839,47.2386436,47.3366508,4.64022538E-04
14,18,47.4529839,47.3366508,47.3963280,4.64022538E-04
14,19,47.4529839,47.3963280,47.4320107,4.64022538E-04
14,20,47.4529839,47.4320107,47.4529839,4.64022538E-04
15,1,1.04973805,1.01492810,1.01759732,2.71507474E-07
15,2,1.04973805,1.01759732,1.06469095,2.71507474E-07
15,3,1.04973805,1.06469095,0.980089128,2.71507474E-07
15,4,1.04973805,0.980089128,1.12996006,2.71507474E-07
15,5,1.04973805,1.12996006,1.09009206,2.71507474E-07
15,6,1.04973805,1.09009206,0.994261384,2.71507474E-07
15,7,1.04973805,0.994261384,0.961764932,2.71507474E-07
15,8,1.04973805,0.961764932,1.06729972,2.71507474E-07
15,9,1.04973805,1.06729972,1.15211928,2.71507474E-07
15,10,1.04973805,1.15211928,1.12800324,2.71507474E-07
15,11,1.04973805,1.12800324,1.06283045,2.71507474E-07
15,12,1.04973805,1.06283045,1.02887976,2.71507474E-07
15,13,1.04973805,1.02887976,1.03408206,2.71507474E-07
15,14,1.04973805,1.03408206,1.06236315,2.71507474E-07
15,15,1.04973805,1.06236315,1.10329139,2.71507474E-07
15,16,1.04973805,1.10329139,1.14270818,2.71507474E-07
15,17,1.04973805,1.14270818,1.15801108,2.71507474E-07
15,18,1.04973805,1.15801108,1.13595521,2.71507474E-07
15,19,1.04973805,1.13595521,1.08923542,2.71507474E-07
15,20,1.04973805,1.08923542,1.04973805,2.71507474E-07
16,1,189.280273,0.00000000,9.44117165,1.14076142E-03
16,2,189.280273,9.44117165,18.8405724,1.14076142E-03
16,3,189.280273,18.8405724,28.3733425,1.14076142E-03
16,4,189.280273,28.3733425,37.7741051,1.14076142E-03
16,5,189.280273,37.7741051,46.9968529,1.14076142E-03
16,6,189.280273,46.9968529,56.6193581,1.14076142E-03
16,7,189.280273,56.6193581,66.3073959,1.14076142E-03
16,8,189.280273,66.3073959,75.6255188,1.14076142E-03
16,9,189.280273,75.6255188,84.7221680,1.14076142E-03
16,10,189.280273,84.7221680,94.0222397,1.14076142E-03
16,11,189.280273,94.0222397,103.689011,1.14076142E-03
16,12,189.280273,103.689011,113.500923,1.14076142E-03
16,13,189.280273,113.500923,123.116905,1.14076142E-03
16,14,189.280273,123.116905,132.381592,1.14076142E-03
16,15,189.280273,132.381592,141.420135,1.14076142E-03
16,16,189.280273,141.420135,150.512115,1.14076142E-03
16,17,189.280273,150.512115,159.886841,1.14076142E-03
16,18,189.280273,159.886841,169.586884,1.14076142E-03
16,19,189.280273,169.586884,179.463959,1.14076142E-03
16,20,189.280273,179.463959,189.280273,1.14076142E-03
17,1,0.00000000,0.00000000,0.00000000,-6.06279973E-05
17,2,0.00000000,0.00000000,0.00000000,-6.06279973E-05
17,3,0.00000000,0.00000000,0.00000000,-6.06279973E-05
17,4,0.00000000,0.00000000,0.00000000,-6.06279973E-05
17,5,0.00000000,0.00000000,0.00000000,-6.06279973E-05
17,6,0.00000000,0.00000000,0.00000000,-6.06279973E-05
17,7,0.00000000,0.00000000,0.00000000,-6.06279973E-05
17,8,0.00000000,0.00000000,0.00000000,-6.06279973E-05
17,9,0.00000000,0.00000000,0.00000000,-6.06279973E-05
17,10,0.00000000,0.00000000,0.00000000,-6.06279973E-05
17,11,0.00000000,0.00000000,0.00000000,-6.06279973E-05
17,12,0.00000000,0.00000000,0.00000000,-6.06279973E-05
17,13,0.00000000,0.00000000,0.00000000,-6.06279973E-05
17,14,0.00000000,0.00000000,0.00000000,-6.06279973E-05
17,15,0.00000000,0.00000000,0.00000000,-6.06279973E-05
17,16,0.00000000,0.00000000,0.00000000,-6.06279973E-05
17,17,0.00000000,0.00000000,0.00000000,-6.06279973E-05
17,18,0.00000000,0.00000000,0.00000000,-6.06279973E-05
17,19,0.00000000,0.00000000,0.00000000,-6.06279973E-05
17,20,0.00000000,0.00000000,0.00000000,-6.06279973E-05
18,1,12.2842531,2.69957066,2.91292453,4.64159311E-05
18,2,12.2842531,2.91292453,3.40599394,4.64159311E-05
18,3,12.2842531,3.40599394,3.98019648,4.64159311E-05
18,4,12.2842531,3.98019648,4.54916286,4.64159311E-05
18,5,12.2842531,4.54916286,5.07728243,4.64159311E-05
18,6,12.2842531,5.07728243,5.55340576,4.64159311E-05
18,7,12.2842531,5.55340576,5.98070431,4.64159311E-05
18,8,12.2842531,5.98070431,6.37113667,4.64159311E-05
18,9,12.2842531,6.37113667,6.74512959,4.64159311E-05
18,10,12.2842531,6.74512959,7.11630154,4.64159311E-05
18,11,12.2842531,7.11630154,7.50431061,4.64159311E-05
18,12,12.2842531,7.50431061,7.93163872,4.64159311E-05
18,13,12.2842531,7.93163872,8.34162998,4.64159311E-05
18,14,12.2842531,8.34162998,8.88970089,4.64159311E-05
18,15,12.2842531,8.88970089,9.42415714,4.64159311E-05
18,16,12.2842531,9.42415714,9.95664883,4.64159311E-05
18,17,12.2842531,9.95664883,10.5126476,4.64159311E-05
18,18,12.2842531,10.5126476,11.0963459,4.64159311E-05
18,19,12.2842531,11.0963459,11.6937361,4.64159311E-05
18,20,12.2842531,11.6937361,12.2842531,4.64159311E-05
19,1,189.571289,189.280273,189.008041,1.18437651E-08
19,2,189.571289,189.008041,187.983673,1.18437651E-08
19,3,189.571289,187.983673,188.546890,1.18437651E-08
19,4,189.571289,188.546890,189.641327,1.18437651E-08
19,5,189.571289,189.641327,188.952423,1.18437651E-08
19,6,189.571289,188.952423,187.711945,1.18437651E-08
19,7,189.571289,187.711945,188.151031,1.18437651E-08
19,8,189.571289,188.151031,190.020691,1.18437651E-08
19,9,189.571289,190.020691,189.429901,1.18437651E-08
19,10,189.571289,189.429901,188.086105,1.18437651E-08
19,11,189.571289,188.086105,187.650970,1.18437651E-08
19,12,189.571289,187.650970,187.725189,1.18437651E-08
19,13,189.571289,187.725189,190.385895,1.18437651E-08
19,14,189.571289,190.385895,191.355408,1.18437651E-08
19,15,189.571289,191.355408,187.966125,1.18437651E-08
19,16,189.571289,187.966125,185.273193,1.18437651E-08
19,17,189.571289,185.273193,187.237991,1.18437651E-08
19,18,189.571289,187.237991,190.894226,1.18437651E-08
19,19,189.571289,190.894226,191.733246,1.18437651E-08
19,20,189.571289,191.733246,189.571289,1.18437651E-08
20,1,1.13598359,1.04973805,1.04493785,-8.16631456E-08
20,2,1.13598359,1.04493785,1.04076314,-8.16631456E-08
20,3,1.13598359,1.04076314,1.03833652,-8.16631456E-08
20,4,1.13598359,1.03833652,1.03820419,-8.16631456E-08
20,5,1.13598359,1.03820419,1.04001153,-8.16631456E-08
20,6,1.13598359,1.04001153,1.04300773,-8.16631456E-08
20,7,1.13598359,1.04300773,1.04649055,-8.16631456E-08
20,8,1.13598359,1.04649055,1.05007851,-8.16631456E-08
20,9,1.13598359,1.05007851,1.05373955,-8.16631456E-08
20,10,1.13598359,1.05373955,1.05769932,-8.16631456E-08
20,11,1.13598359,1.05769932,1.06227314,-8.16631456E-08
20,12,1.13598359,1.06227314,1.06775320,-8.16631456E-08
20,13,1.13598359,1.06775320,1.07430446,-8.16631456E-08
20,14,1.13598359,1.07430446,1.08193064,-8.16631456E-08
20,15,1.13598359,1.08193064,1.09047365,-8.16631456E-08
20,16,1.13598359,1.09047365,1.09966815,-8.16631456E-08
20,17,1.13598359,1.09966815,1.10916424,-8.16631456E-08
20,18,1.13598359,1.10916424,1.11859226,-8.16631456E-08
20,19,1.13598359,1.11859226,1.12762499,-8.16631456E-08
20,20,1.13598359,1.12762499,1.13598359,-8.16631456E-08
21,1,3.02943015,0.00000000,0.254545152,3.02586450E-05
21,2,3.02943015,0.254545152,0.438312441,3.02586450E-05
21,3,3.02943015,0.438312441,0.574861050,3.02586450E-05
21,4,3.02943015,0.574861050,0.682518482,3.02586450E-05
21,5,3.02943015,0.682518482,0.775253057,3.02586450E-05
21,6,3.02943015,0.775253057,0.863430500,3.02586450E-05
21,7,3.02943015,0.863430500,0.954465628,3.02586450E-05
21,8,3.02943015,0.954465628,1.05338502,3.02586450E-05
21,9,3.02943015,1.05338502,1.16330242,3.02586450E-05
21,10,3.02943015,1.16330242,1.28582883,3.02586450E-05
21,11,3.02943015,1.28582883,1.42141533,3.02586450E-05
21,12,3.02943015,1.42141533,1.56964505,3.02586450E-05
21,13,3.02943015,1.56964505,1.72947121,3.02586450E-05
21,14,3.02943015,1.72947121,1.89941573,3.02586450E-05
21,15,3.02943015,1.89941573,2.07773423,3.02586450E-05
21,16,3.02943015,2.07773423,2.26254201,3.02586450E-05
21,17,3.02943015,2.26254201,2.45192575,3.02586450E-05
21,18,3.02943015,2.45192575,2.64401722,3.02586450E-05
21,19,3.02943015,2.64401722,2.83705544,3.02586450E-05
21,20,3.02943015,2.83705544,3.02943015,3.02586450E-05
22,1,609.828979,12.2842531,38.9908638,1.22391549E-03
22,2,609.828979,38.9908638,68.0144958,1.22391549E-03
22,3,609.828979,68.0144958,109.617004,1.22391549E-03
22,4,609.828979,109.617004,138.736801,1.22391549E-03
22,5,609.828979,138.736801,151.763000,1.22391549E-03
22,6,609.828979,151.763000,173.435486,1.22391549E-03
22,7,609.828979,173.435486,188.631287,1.22391549E-03
22,8,609.828979,188.631287,220.136139,1.22391549E-03
22,9,609.828979,220.136139,276.742401,1.22391549E-03
22,10,609.828979,276.742401,333.956390,1.22391549E-03
22,11,609.828979,333.956390,373.783630,1.22391549E-03
22,12,609.828979,373.783630,392.709412,1.22391549E-03
22,13,609.828979,392.709412,397.632019,1.22391549E-03
22,14,609.828979,397.632019,399.322876,1.22391549E-03
22,15,609.828979,399.322876,408.788879,1.22391549E-03
22,16,609.828979,408.788879,426.976532,1.22391549E-03
22,17,609.828979,426.976532,456.723785,1.22391549E-03
22,18,609.828979,456.723785,501.101288,1.22391549E-03
22,19,609.828979,501.101288,555.058533,1.22391549E-03
22,20,609.828979,555.058533,609.828979,1.22391549E-03
23,1,161.000320,189.571289,187.884232,-2.03974938E-04
23,2,161.000320,187.884232,186.820770,-2.03974938E-04
23,3,161.000320,186.820770,184.388275,-2.03974938E-04
23,4,161.000320,184.388275,182.601349,-2.03974938E-04
23,5,161.000320,182.601349,181.687851,-2.03974938E-04
23,6,161.000320,181.687851,181.374466,-2.03974938E-04
23,7,161.000320,181.374466,179.828964,-2.03974938E-04
23,8,161.000320,179.828964,177.562592,-2.03974938E-04
23,9,161.000320,177.562592,175.387680,-2.03974938E-04
23,10,161.000320,175.387680,173.914108,-2.03974938E-04
23,11,161.000320,173.914108,172.854630,-2.03974938E-04
23,12,161.000320,172.854630,171.438568,-2.03974938E-04
23,13,161.000320,171.438568,171.032623,-2.03974938E-04
23,14,161.000320,171.032623,171.025314,-2.03974938E-04
23,15,161.000320,171.025314,170.642014,-2.03974938E-04
23,16,161.000320,170.642014,169.514359,-2.03974938E-04
23,17,161.000320,169.514359,167.695694,-2.03974938E-04
23,18,161.000320,167.695694,165.489227,-2.03974938E-04
23,19,161.000320,165.489227,163.157135,-2.03974938E-04
23,20,161.000320,163.157135,161.000320,-2.03974938E-04
24,1,2.13085794,3.02943015,3.01873493,1.83738905E-07
24,2,2.13085794,3.01873493,3.34276843,1.83738905E-07
24,3,2.13085794,3.34276843,3.43185782,1.83738905E-07
24,4,2.13085794,3.43185782,2.80785823,1.83738905E-07
24,5,2.13085794,2.80785823,3.31475997,1.83738905E-07
24,6,2.13085794,3.31475997,3.56894135,1.83738905E-07
24,7,2.13085794,3.56894135,2.48388267,1.83738905E-07
24,8,2.13085794,2.48388267,1.71915984,1.83738905E-07
24,9,2.13085794,1.71915984,1.67091084,1.83738905E-07
24,10,2.13085794,1.67091084,2.18467188,1.83738905E-07
24,11,2.13085794,2.18467188,2.94469118,1.83738905E-07
24,12,2.13085794,2.94469118,3.66344643,1.83738905E-07
24,13,2.13085794,3.66344643,4.15402985,1.83738905E-07
24,14,2.13085794,4.15402985,4.33900309,1.83738905E-07
24,15,2.13085794,4.33900309,4.22929478,1.83738905E-07
24,16,2.13085794,4.22929478,3.89304376,1.83738905E-07
24,17,2.13085794,3.89304376,3.42530394,1.83738905E-07
24,18,2.13085794,3.42530394,2.92375302,1.83738905E-07
24,19,2.13085794,2.92375302,2.47209930,1.83738905E-07
24,20,2.13085794,2.47209930,2.13085794,1.83738905E-07
25,1,633.401855,610.248840,614.748108,-8.77582067E-07
25,2,633.401855,614.748108,619.259216,-8.77582067E-07
25,3,633.401855,619.259216,627.878174,-8.77582067E-07
25,4,633.401855,627.878174,644.872986,-8.77582067E-07
25,5,633.401855,644.872986,663.047791,-8.77582067E-07
25,6,633.401855,663.047791,669.685669,-8.77582067E-07
25,7,633.401855,669.685669,656.129150,-8.77582067E-07
25,8,633.401855,656.129150,627.686218,-8.77582067E-07
25,9,633.401855,627.686218,575.646301,-8.77582067E-07
25,10,633.401855,575.646301,543.550781,-8.77582067E-07
25,11,633.401855,543.550781,556.445374,-8.77582067E-07
25,12,633.401855,556.445374,589.732727,-8.77582067E-07
25,13,633.401855,589.732727,627.174561,-8.77582067E-07
25,14,633.401855,627.174561,658.735413,-8.77582067E-07
25,15,633.401855,658.735413,684.075684,-8.77582067E-07
25,16,633.401855,684.075684,693.210876,-8.77582067E-07
25,17,633.401855,693.210876,690.934937,-8.77582067E-07
25,18,633.401855,690.934937,678.700928,-8.77582067E-07
25,19,633.401855,678.700928,658.695557,-8.77582067E-07
25,20,633.401855,658.695557,633.401855,-8.77582067E-07
26,1,0.00000000,161.000320,123.808502,-6.31256320E-04
26,2,0.00000000,123.808502,84.7332764,-6.31256320E-04
26,3,0.00000000,84.7332764,43.5695457,-6.31256320E-04
26,4,0.00000000,43.5695457,5.59982681,-6.31256320E-04
26,5,0.00000000,5.59982681,0.00000000,-6.31256320E-04
26,6,0.00000000,0.00000000,0.00000000,-6.31256320E-04
26,7,0.00000000,0.00000000,0.00000000,-6.31256320E-04
26,8,0.00000000,0.00000000,0.00000000,-6.31256320E-04
26,9,0.00000000,0.00000000,0.00000000,-6.31256320E-04
26,10,0.00000000,0.00000000,0.00000000,-6.31256320E-04
26,11,0.00000000,0.00000000,0.00000000,-6.31256320E-04
26,12,0.00000000,0.00000000,0.00000000,-6.31256320E-04
26,13,0.00000000,0.00000000,0.00000000,-6.31256320E-04
26,14,0.00000000,0.00000000,0.00000000,-6.31256320E-04
26,15,0.00000000,0.00000000,0.00000000,-6.31256320E-04
26,16,0.00000000,0.00000000,0.00000000,-6.31256320E-04
26,17,0.00000000,0.00000000,0.00000000,-6.31256320E-04
26,18,0.00000000,0.00000000,0.00000000,-6.31256320E-04
26,19,0.00000000,0.00000000,0.00000000,-6.31256320E-04
26,20,0.00000000,0.00000000,0.00000000,-6.31256320E-04
27,1,0.00000000,2.13085794,0.00000000,-2.60926504E-03
27,2,0.00000000,0.00000000,0.00000000,-2.60926504E-03
27,3,0.00000000,0.00000000,0.00000000,-2.60926504E-03
27,4,0.00000000,0.00000000,0.00000000,-2.60926504E-03
27,5,0.00000000,0.00000000,0.00000000,-2.60926504E-03
27,6,0.00000000,0.00000000,0.00000000,-2.60926504E-03
27,7,0.00000000,0.00000000,0.00000000,-2.60926504E-03
27,8,0.00000000,0.00000000,0.00000000,-2.60926504E-03
27,9,0.00000000,0.00000000,0.00000000,-2.60926504E-03
27,10,0.00000000,0.00000000,0.00000000,-2.60926504E-03
27,11,0.00000000,0.00000000,0.00000000,-2.60926504E-03
27,12,0.00000000,0.00000000,0.00000000,-2.60926504E-03
27,13,0.00000000,0.00000000,0.00000000,-2.60926504E-03
27,14,0.00000000,0.00000000,0.00000000,-2.60926504E-03
27,15,0.00000000,0.00000000,0.00000000,-2.60926504E-03
27,16,0.00000000,0.00000000,0.00000000,-2.60926504E-03
27,17,0.00000000,0.00000000,0.00000000,-2.60926504E-03
27,18,0.00000000,0.00000000,0.00000000,-2.60926504E-03
27,19,0.00000000,0.00000000,0.00000000,-2.60926504E-03
27,20,0.00000000,0.00000000,0.00000000,-2.60926504E-03
28,1,0.00000000,633.401855,435.050507,-4.66854515E-04
28,2,0.00000000,435.050507,469.525665,-4.66854515E-04
28,3,0.00000000,469.525665,563.723145,-4.66854515E-04
28,4,0.00000000,563.723145,522.341614,-4.66854515E-04
28,5,0.00000000,522.341614,341.718719,-4.66854515E-04
28,6,0.00000000,341.718719,399.069489,-4.66854515E-04
28,7,0.00000000,399.069489,359.208282,-4.66854515E-04
28,8,0.00000000,359.208282,376.446503,-4.66854515E-04
28,9,0.00000000,376.446503,245.194199,-4.66854515E-04
28,10,0.00000000,245.194199,293.738434,-4.66854515E-04
28,11,0.00000000,293.738434,153.276657,-4.66854515E-04
28,12,0.00000000,153.276657,30.7259712,-4.66854515E-04
28,13,0.00000000,30.7259712,132.560776,-4.66854515E-04
28,14,0.00000000,132.560776,248.646744,-4.66854515E-04
28,15,0.00000000,248.646744,175.922989,-4.66854515E-04
28,16,0.00000000,175.922989,54.7154350,-4.66854515E-04
28,17,0.00000000,54.7154350,0.00000000,-4.66854515E-04
28,18,0.00000000,0.00000000,0.00000000,-4.66854515E-04
28,19,0.00000000,0.00000000,0.00000000,-4.66854515E-04
28,20,0.00000000,0.00000000,0.00000000,-4.66854515E-04
29,1,7.93973398,0.00000000,0.354885787,3.25520450E-05
29,2,7.93973398,0.354885787,0.902898371,3.25520450E-05
29,3,7.93973398,0.902898371,1.32078242,3.25520450E-05
29,4,7.93973398,1.32078242,1.24544716,3.25520450E-05
29,5,7.93973398,1.24544716,1.83279729,3.25520450E-05
29,6,7.93973398,1.83279729,2.61545992,3.25520450E-05
29,7,7.93973398,2.61545992,3.08232832,3.25520450E-05
29,8,7.93973398,3.08232832,3.31169057,3.25520450E-05
29,9,7.93973398,3.31169057,3.54513121,3.25520450E-05
29,10,7.93973398,3.54513121,3.85569596,3.25520450E-05
29,11,7.93973398,3.85569596,4.19225264,3.25520450E-05
29,12,7.93973398,4.19225264,4.53461266,3.25520450E-05
29,13,7.93973398,4.53461266,4.93929434,3.25520450E-05
29,14,7.93973398,4.93929434,5.46989346,3.25520450E-05
29,15,7.93973398,5.46989346,6.11582518,3.25520450E-05
29,16,7.93973398,6.11582518,6.77628183,3.25520450E-05
29,17,7.93973398,6.77628183,7.32708597,3.25520450E-05
29,18,7.93973398,7.32708597,7.65927315,3.25520450E-05
29,19,7.93973398,7.65927315,7.72404623,3.25520450E-05
29,20,7.93973398,7.72404623,7.93973398,3.25520450E-05
30,1,18.9565926,0.00000000,0.956491411,2.85776623E-05
30,2,18.9565926,0.956491411,1.74300158,2.85776623E-05
30,3,18.9565926,1.74300158,2.99188232,2.85776623E-05
30,4,18.9565926,2.99188232,3.77311230,2.85776623E-05
30,5,18.9565926,3.77311230,4.48256969,2.85776623E-05
30,6,18.9565926,4.48256969,5.32633400,2.85776623E-05
30,7,18.9565926,5.32633400,7.37002182,2.85776623E-05
30,8,18.9565926,7.37002182,6.51812983,2.85776623E-05
30,9,18.9565926,6.51812983,8.26582146,2.85776623E-05
30,10,18.9565926,8.26582146,10.7223501,2.85776623E-05
30,11,18.9565926,10.7223501,10.8128176,2.85776623E-05
30,12,18.9565926,10.8128176,10.1500454,2.85776623E-05
30,13,18.9565926,10.1500454,10.6234875,2.85776623E-05
30,14,18.9565926,10.6234875,12.8258276,2.85776623E-05
30,15,18.9565926,12.8258276,12.6427402,2.85776623E-05
30,16,18.9565926,12.6427402,20.0976410,2.85776623E-05
30,17,18.9565926,20.0976410,16.6758480,2.85776623E-05
30,18,18.9565926,16.6758480,14.4735670,2.85776623E-05
30,19,18.9565926,14.4735670,16.1921005,2.85776623E-05
30,20,18.9565926,16.1921005,18.9565926,2.85776623E-05
31,1,137.391098,76.8579102,79.4073868,1.54930603E-04
31,2,137.391098,79.4073868,82.4723740,1.54930603E-04
31,3,137.391098,82.4723740,85.3726120,1.54930603E-04
31,4,137.391098,85.3726120,88.4346771,1.54930603E-04
31,5,137.391098,88.4346771,91.7717896,1.54930603E-04
31,6,137.391098,91.7717896,95.2861481,1.54930603E-04
31,7,137.391098,95.2861481,98.8304291,1.54930603E-04
31,8,137.391098,98.8304291,102.295456,1.54930603E-04
31,9,137.391098,102.295456,105.626869,1.54930603E-04
31,10,137.391098,105.626869,108.810936,1.54930603E-04
31,11,137.391098,108.810936,111.856102,1.54930603E-04
31,12,137.391098,111.856102,114.781868,1.54930603E-04
31,13,137.391098,114.781868,117.615036,1.54930603E-04
31,14,137.391098,117.615036,120.388123,1.54930603E-04
31,15,137.391098,120.388123,123.137001,1.54930603E-04
31,16,137.391098,123.137001,125.896294,1.54930603E-04
31,17,137.391098,125.896294,128.693314,1.54930603E-04
31,18,137.391098,128.693314,131.543350,1.54930603E-04
31,19,137.391098,131.543350,134.447006,1.54930603E-04
31,20,137.391098,134.447006,137.391098,1.54930603E-04
32,1,41014.3711,66.4095764,299.900391,1.39736231E-08
32,2,41014.3711,299.900391,1225.75232,1.39736231E-08
32,3,41014.3711,1225.75232,2780.38965,1.39736231E-08
32,4,41014.3711,2780.38965,4179.53857,1.39736231E-08
32,5,41014.3711,4179.53857,4676.89648,1.39736231E-08
32,6,41014.3711,4676.89648,4188.83643,1.39736231E-08
32,7,41014.3711,4188.83643,3143.04004,1.39736231E-08
32,8,41014.3711,3143.04004,2032.23022,1.39736231E-08
32,9,41014.3711,2032.23022,1166.56714,1.39736231E-08
32,10,41014.3711,1166.56714,659.834229,1.39736231E-08
32,11,41014.3711,659.834229,524.091553,1.39736231E-08
32,12,41014.3711,524.091553,784.227051,1.39736231E-08
32,13,41014.3711,784.227051,1562.05017,1.39736231E-08
32,14,41014.3711,1562.05017,3105.50781,1.39736231E-08
32,15,41014.3711,3105.50781,5758.41748,1.39736231E-08
32,16,41014.3711,5758.41748,9874.21289,1.39736231E-08
32,17,41014.3711,9874.21289,15684.7852,1.39736231E-08
32,18,41014.3711,15684.7852,23154.0000,1.39736231E-08
32,19,41014.3711,23154.0000,31867.2578,1.39736231E-08
32,20,41014.3711,31867.2578,41014.3711,1.39736231E-08
33,1,119.031090,139.892822,138.805634,-1.10260553E-04
33,2,119.031090,138.805634,137.705963,-1.10260553E-04
33,3,119.031090,137.705963,136.672607,-1.10260553E-04
33,4,119.031090,136.672607,135.663635,-1.10260553E-04
33,5,119.031090,135.663635,134.630539,-1.10260553E-04
33,6,119.031090,134.630539,133.549042,-1.10260553E-04
33,7,119.031090,133.549042,132.418442,-1.10260553E-04
33,8,119.031090,132.418442,131.256287,-1.10260553E-04
33,9,119.031090,131.256287,130.072754,-1.10260553E-04
33,10,119.031090,130.072754,128.865692,-1.10260553E-04
33,11,119.031090,128.865692,127.727997,-1.10260553E-04
33,12,119.031090,127.727997,126.627747,-1.10260553E-04
33,13,119.031090,126.627747,125.541908,-1.10260553E-04
33,14,119.031090,125.541908,124.475319,-1.10260553E-04
33,15,119.031090,124.475319,123.445732,-1.10260553E-04
33,16,119.031090,123.445732,122.468216,-1.10260553E-04
33,17,119.031090,122.468216,121.547485,-1.10260553E-04
33,18,119.031090,121.547485,120.677162,-1.10260553E-04
33,19,119.031090,120.677162,119.843697,-1.10260553E-04
33,20,119.031090,119.843697,119.031090,-1.10260553E-04
34,1,60734.5430,41014.3711,42870.0859,-2.67293743E-08
34,2,60734.5430,42870.0859,44689.7344,-2.67293743E-08
34,3,60734.5430,44689.7344,46462.3047,-2.67293743E-08
34,4,60734.5430,46462.3047,48176.8516,-2.67293743E-08
34,5,60734.5430,48176.8516,49822.5703,-2.67293743E-08
34,6,60734.5430,49822.5703,51388.9414,-2.67293743E-08
34,7,60734.5430,51388.9414,52865.8672,-2.67293743E-08
34,8,60734.5430,52865.8672,54243.7734,-2.67293743E-08
34,9,60734.5430,54243.7734,55513.7578,-2.67293743E-08
34,10,60734.5430,55513.7578,56667.6523,-2.67293743E-08
34,11,60734.5430,56667.6523,57698.1562,-2.67293743E-08
34,12,60734.5430,57698.1562,58598.9219,-2.67293743E-08
34,13,60734.5430,58598.9219,59364.6094,-2.67293743E-08
34,14,60734.5430,59364.6094,59991.0039,-2.67293743E-08
34,15,60734.5430,59991.0039,60475.0117,-2.67293743E-08
34,16,60734.5430,60475.0117,60814.7109,-2.67293743E-08
34,17,60734.5430,60814.7109,61009.4141,-2.67293743E-08
34,18,60734.5430,61009.4141,61059.6250,-2.67293743E-08
34,19,60734.5430,61059.6250,60967.0352,-2.67293743E-08
34,20,60734.5430,60967.0352,60734.5430,-2.67293743E-08
35,1,60656.1211,60734.5430,60730.3711,-1.41710404E-03
35,2,60656.1211,60730.3711,60727.3750,-1.41710404E-03
35,3,60656.1211,60727.3750,60722.0547,-1.41710404E-03
35,4,60656.1211,60722.0547,60717.9766,-1.41710404E-03
35,5,60656.1211,60717.9766,60714.7891,-1.41710404E-03
35,6,60656.1211,60714.7891,60711.9297,-1.41710404E-03
35,7,60656.1211,60711.9297,60706.9062,-1.41710404E-03
35,8,60656.1211,60706.9062,60701.1953,-1.41710404E-03
35,9,60656.1211,60701.1953,60699.1836,-1.41710404E-03
35,10,60656.1211,60699.1836,60695.3906,-1.41710404E-03
35,11,60656.1211,60695.3906,60691.4258,-1.41710404E-03
35,12,60656.1211,60691.4258,60686.5195,-1.41710404E-03
35,13,60656.1211,60686.5195,60682.6328,-1.41710404E-03
35,14,60656.1211,60682.6328,60678.9648,-1.41710404E-03
35,15,60656.1211,60678.9648,60675.9883,-1.41710404E-03
35,16,60656.1211,60675.9883,60671.2305,-1.41710404E-03
35,17,60656.1211,60671.2305,60667.6797,-1.41710404E-03
35,18,60656.1211,60667.6797,60663.7383,-1.41710404E-03
35,19,60656.1211,60663.7383,60659.3945,-1.41710404E-03
35,20,60656.1211,60659.3945,60656.1211,-1.41710404E-03
36,1,122873.055,60656.1211,59454.8320,-1.48163645E-06
36,2,122873.055,59454.8320,58041.8125,-1.48163645E-06
36,3,122873.055,58041.8125,56548.1797,-1.48163645E-06
36,4,122873.055,56548.1797,55076.5625,-1.48163645E-06
36,5,122873.055,55076.5625,53714.7891,-1.48163645E-06
36,6,122873.055,53714.7891,52546.9570,-1.48163645E-06
36,7,122873.055,52546.9570,51660.2891,-1.48163645E-06
36,8,122873.055,51660.2891,51148.3125,-1.48163645E-06
36,9,122873.055,51148.3125,51112.0703,-1.48163645E-06
36,10,122873.055,51112.0703,51660.7891,-1.48163645E-06
36,11,122873.055,51660.7891,52912.9609,-1.48163645E-06
36,12,122873.055,52912.9609,54998.3125,-1.48163645E-06
36,13,122873.055,54998.3125,58060.3711,-1.48163645E-06
36,14,122873.055,58060.3711,62259.4141,-1.48163645E-06
36,15,122873.055,62259.4141,67775.0234,-1.48163645E-06
36,16,122873.055,67775.0234,74808.0391,-1.48163645E-06
36,17,122873.055,74808.0391,83581.1719,-1.48163645E-06
36,18,122873.055,83581.1719,94338.3828,-1.48163645E-06
36,19,122873.055,94338.3828,107342.773,-1.48163645E-06
36,20,122873.055,107342.773,122873.055,-1.48163645E-06
37,1,2123636.00,122873.055,149382.562,6.43421197E-04
37,2,2123636.00,149382.562,182387.391,6.43421197E-04
37,3,2123636.00,182387.391,222776.516,6.43421197E-04
37,4,2123636.00,222776.516,271403.719,6.43421197E-04
37,5,2123636.00,271403.719,329040.594,6.43421197E-04
37,6,2123636.00,329040.594,396328.656,6.43421197E-04
37,7,2123636.00,396328.656,473732.250,6.43421197E-04
37,8,2123636.00,473732.250,561495.312,6.43421197E-04
37,9,2123636.00,561495.312,659603.625,6.43421197E-04
37,10,2123636.00,659603.625,767754.938,6.43421197E-04
37,11,2123636.00,767754.938,885338.250,6.43421197E-04
37,12,2123636.00,885338.250,1011424.12,6.43421197E-04
37,13,2123636.00,1011424.12,1144766.25,6.43421197E-04
37,14,2123636.00,1144766.25,1283818.50,6.43421197E-04
37,15,2123636.00,1283818.50,1426763.50,6.43421197E-04
37,16,2123636.00,1426763.50,1571555.38,6.43421197E-04
37,17,2123636.00,1571555.38,1715975.00,6.43421197E-04
37,18,2123636.00,1715975.00,1857695.12,6.43421197E-04
37,19,2123636.00,1857695.12,1994354.62,6.43421197E-04
37,20,2123636.00,1994354.62,2123636.00,6.43421197E-04
38,1,794890.625,2123636.00,2330483.25,3.87210639E-06
38,2,794890.625,2330483.25,2499700.00,3.87210639E-06
38,3,794890.625,2499700.00,2622923.50,3.87210639E-06
38,4,794890.625,2622923.50,2695185.00,3.87210639E-06
38,5,794890.625,2695185.00,2715403.50,3.87210639E-06
38,6,794890.625,2715403.50,2686394.00,3.87210639E-06
38,7,794890.625,2686394.00,2614336.75,3.87210639E-06
38,8,794890.625,2614336.75,2507798.25,3.87210639E-06
38,9,794890.625,2507798.25,2376462.25,3.87210639E-06
38,10,794890.625,2376462.25,2229812.25,3.87210639E-06
38,11,794890.625,2229812.25,2075996.75,3.87210639E-06
38,12,794890.625,2075996.75,1921075.50,3.87210639E-06
38,13,794890.625,1921075.50,1768740.00,3.87210639E-06
38,14,794890.625,1768740.00,1620516.12,3.87210639E-06
38,15,794890.625,1620516.12,1476337.88,3.87210639E-06
38,16,794890.625,1476337.88,1335325.00,3.87210639E-06
38,17,794890.625,1335325.00,1196562.38,3.87210639E-06
38,18,794890.625,1196562.38,1059708.50,3.87210639E-06
38,19,794890.625,1059708.50,925323.812,3.87210639E-06
38,20,794890.625,925323.812,794890.625,3.87210639E-06
39,1,46650.6367,794890.625,698792.688,-3.54361482E-08
39,2,46650.6367,698792.688,607570.438,-3.54361482E-08
39,3,46650.6367,607570.438,522305.219,-3.54361482E-08
39,4,46650.6367,522305.219,443923.625,-3.54361482E-08
39,5,46650.6367,443923.625,373122.031,-3.54361482E-08
39,6,46650.6367,373122.031,310319.531,-3.54361482E-08
39,7,46650.6367,310319.531,255642.641,-3.54361482E-08
39,8,46650.6367,255642.641,208940.219,-3.54361482E-08
39,9,46650.6367,208940.219,169822.906,-3.54361482E-08
39,10,46650.6367,169822.906,137717.656,-3.54361482E-08
39,11,46650.6367,137717.656,111927.891,-3.54361482E-08
39,12,46650.6367,111927.891,91691.3906,-3.54361482E-08
39,13,46650.6367,91691.3906,76230.5938,-3.54361482E-08
39,14,46650.6367,76230.5938,64791.9883,-3.54361482E-08
39,15,46650.6367,64791.9883,56674.5430,-3.54361482E-08
39,16,46650.6367,56674.5430,51247.6445,-3.54361482E-08
39,17,46650.6367,51247.6445,47960.4453,-3.54361482E-08
39,18,46650.6367,47960.4453,46344.5977,-3.54361482E-08
39,19,46650.6367,46344.5977,46012.2031,-3.54361482E-08
39,20,46650.6367,46012.2031,46650.6367,-3.54361482E-08
40,1,72899.9062,46650.6367,47973.6758,0.135913983
40,2,72899.9062,47973.6758,49342.4609,0.135913983
40,3,72899.9062,49342.4609,50748.9141,0.135913983
40,4,72899.9062,50748.9141,52183.8047,0.135913983
40,5,72899.9062,52183.8047,53637.0898,0.135913983
40,6,72899.9062,53637.0898,55098.3789,0.135913983
40,7,72899.9062,55098.3789,56557.4492,0.135913983
40,8,72899.9062,56557.4492,58004.7578,0.135913983
40,9,72899.9062,58004.7578,59431.8555,0.135913983
40,10,72899.9062,59431.8555,60831.7383,0.135913983
40,11,72899.9062,60831.7383,62199.0039,0.135913983
40,12,72899.9062,62199.0039,63529.9688,0.135913983
40,13,72899.9062,63529.9688,64822.5977,0.135913983
40,14,72899.9062,64822.5977,66076.3750,0.135913983
40,15,72899.9062,66076.3750,67292.1953,0.135913983
40,16,72899.9062,67292.1953,68472.0625,0.135913983
40,17,72899.9062,68472.0625,69618.9141,0.135913983
40,18,72899.9062,69618.9141,70736.3750,0.135913983
40,19,72899.9062,70736.3750,71828.5625,0.135913983
40,20,72899.9062,71828.5625,72899.9062,0.135913983
41,1,81223.2422,72899.9062,72930.9844,-2.22916384E-07
41,2,81223.2422,72930.9844,72955.5469,-2.22916384E-07
41,3,81223.2422,72955.5469,72981.0000,-2.22916384E-07
41,4,81223.2422,72981.0000,73015.8047,-2.22916384E-07
41,5,81223.2422,73015.8047,73069.1641,-2.22916384E-07
41,6,81223.2422,73069.1641,73150.6719,-2.22916384E-07
41,7,81223.2422,73150.6719,73269.9453,-2.22916384E-07
41,8,81223.2422,73269.9453,73436.2188,-2.22916384E-07
41,9,81223.2422,73436.2188,73658.0781,-2.22916384E-07
41,10,81223.2422,73658.0781,73943.1953,-2.22916384E-07
41,11,81223.2422,73943.1953,74298.1797,-2.22916384E-07
41,12,81223.2422,74298.1797,74728.5312,-2.22916384E-07
41,13,81223.2422,74728.5312,75238.6094,-2.22916384E-07
41,14,81223.2422,75238.6094,75831.7500,-2.22916384E-07
41,15,81223.2422,75831.7500,76510.3672,-2.22916384E-07
41,16,81223.2422,76510.3672,77276.0625,-2.22916384E-07
41,17,81223.2422,77276.0625,78129.8203,-2.22916384E-07
41,18,81223.2422,78129.8203,79072.1719,-2.22916384E-07
41,19,81223.2422,79072.1719,80103.2969,-2.22916384E-07
41,20,81223.2422,80103.2969,81223.2422,-2.22916384E-07
42,1,99463.9531,81223.2422,81877.9375,9.79185279E-05
42,2,99463.9531,81877.9375,82559.3906,9.79185279E-05
42,3,99463.9531,82559.3906,83267.6016,9.79185279E-05
42,4,99463.9531,83267.6016,84002.5781,9.79185279E-05
42,5,99463.9531,84002.5781,84764.3359,9.79185279E-05
42,6,99463.9531,84764.3359,85552.9219,9.79185279E-05
42,7,99463.9531,85552.9219,86368.3906,9.79185279E-05
42,8,99463.9531,86368.3906,87210.7969,9.79185279E-05
42,9,99463.9531,87210.7969,88080.2344,9.79185279E-05
42,10,99463.9531,88080.2344,88976.8047,9.79185279E-05
42,11,99463.9531,88976.8047,89900.6016,9.79185279E-05
42,12,99463.9531,89900.6016,90851.7578,9.79185279E-05
42,13,99463.9531,90851.7578,91830.4062,9.79185279E-05
42,14,99463.9531,91830.4062,92836.7031,9.79185279E-05
42,15,99463.9531,92836.7031,93870.7812,9.79185279E-05
42,16,99463.9531,93870.7812,94932.8281,9.79185279E-05
42,17,99463.9531,94932.8281,96023.0078,9.79185279E-05
42,18,99463.9531,96023.0078,97141.4766,9.79185279E-05
42,19,99463.9531,97141.4766,98288.3984,9.79185279E-05
42,20,99463.9531,98288.3984,99463.9531,9.79185279E-05
43,1,470871.156,99463.9531,107502.273,2.67236344E-09
43,2,470871.156,107502.273,116633.500,2.67236344E-09
43,3,470871.156,116633.500,126861.469,2.67236344E-09
43,4,470871.156,126861.469,138180.328,2.67236344E-09
43,5,470871.156,138180.328,150582.328,2.67236344E-09
43,6,470871.156,150582.328,164065.828,2.67236344E-09
43,7,470871.156,164065.828,178641.094,2.67236344E-09
43,8,470871.156,178641.094,194332.094,2.67236344E-09
43,9,470871.156,194332.094,211174.094,2.67236344E-09
43,10,470871.156,211174.094,229207.516,2.67236344E-09
43,11,470871.156,229207.516,248469.109,2.67236344E-09
43,12,470871.156,248469.109,268982.344,2.67236344E-09
43,13,470871.156,268982.344,290748.000,2.67236344E-09
43,14,470871.156,290748.000,313736.188,2.67236344E-09
43,15,470871.156,313736.188,337880.625,2.67236344E-09
43,16,470871.156,337880.625,363075.469,2.67236344E-09
43,17,470871.156,363075.469,389174.500,2.67236344E-09
43,18,470871.156,389174.500,415992.531,2.67236344E-09
43,19,470871.156,415992.531,443308.750,2.67236344E-09
43,20,470871.156,443308.750,470871.156,2.67236344E-09
44,1,582220.000,470871.156,476578.469,1.89116842E-03
44,2,582220.000,476578.469,482287.094,1.89116842E-03
44,3,582220.000,482287.094,487994.312,1.89116842E-03
44,4,582220.000,487994.312,493697.719,1.89116842E-03
44,5,582220.000,493697.719,499394.719,1.89116842E-03
44,6,582220.000,499394.719,505082.594,1.89116842E-03
44,7,582220.000,505082.594,510758.719,1.89116842E-03
44,8,582220.000,510758.719,516420.469,1.89116842E-03
44,9,582220.000,516420.469,522064.969,1.89116842E-03
44,10,582220.000,522064.969,527689.500,1.89116842E-03
44,11,582220.000,527689.500,533291.312,1.89116842E-03
44,12,582220.000,533291.312,538867.562,1.89116842E-03
44,13,582220.000,538867.562,544415.438,1.89116842E-03
44,14,582220.000,544415.438,549932.188,1.89116842E-03
44,15,582220.000,549932.188,555414.875,1.89116842E-03
44,16,582220.000,555414.875,560860.812,1.89116842E-03
44,17,582220.000,560860.812,566267.062,1.89116842E-03
44,18,582220.000,566267.062,571630.938,1.89116842E-03
44,19,582220.000,571630.938,576949.500,1.89116842E-03
44,20,582220.000,576949.500,582220.000,1.89116842E-03
45,1,729787.625,582220.000,595002.250,3.19643259E-05
45,2,729787.625,595002.250,607422.750,3.19643259E-05
45,3,729787.625,607422.750,619440.375,3.19643259E-05
45,4,729787.625,619440.375,631015.375,3.19643259E-05
45,5,729787.625,631015.375,642108.875,3.19643259E-05
45,6,729787.625,642108.875,652683.250,3.19643259E-05
45,7,729787.625,652683.250,662702.500,3.19643259E-05
45,8,729787.625,662702.500,672132.250,3.19643259E-05
45,9,729787.625,672132.250,680939.750,3.19643259E-05
45,10,729787.625,680939.750,689094.500,3.19643259E-05
45,11,729787.625,689094.500,696568.188,3.19643259E-05
45,12,729787.625,696568.188,703334.938,3.19643259E-05
45,13,729787.625,703334.938,709371.250,3.19643259E-05
45,14,729787.625,709371.250,714656.250,3.19643259E-05
45,15,729787.625,714656.250,719172.062,3.19643259E-05
45,16,729787.625,719172.062,722903.438,3.19643259E-05
45,17,729787.625,722903.438,725838.375,3.19643259E-05
45,18,729787.625,725838.375,727967.438,3.19643259E-05
45,19,729787.625,727967.438,729284.875,3.19643259E-05
45,20,729787.625,729284.875,729787.625,3.19643259E-05
46,1,712259.250,729787.625,729761.500,2.06426577E-07
46,2,712259.250,729761.500,729656.375,2.06426577E-07
46,3,712259.250,729656.375,729470.625,2.06426577E-07
46,4,712259.250,729470.625,729202.500,2.06426577E-07
46,5,712259.250,729202.500,728850.125,2.06426577E-07
46,6,712259.250,728850.125,728411.500,2.06426577E-07
46,7,712259.250,728411.500,727884.625,2.06426577E-07
46,8,712259.250,727884.625,727267.500,2.06426577E-07
46,9,712259.250,727267.500,726558.188,2.06426577E-07
46,10,712259.250,726558.188,725754.875,2.06426577E-07
46,11,712259.250,725754.875,724855.750,2.06426577E-07
46,12,712259.250,724855.750,723859.250,2.06426577E-07
46,13,712259.250,723859.250,722763.875,2.06426577E-07
46,14,712259.250,722763.875,721568.625,2.06426577E-07
46,15,712259.250,721568.625,720272.438,2.06426577E-07
46,16,712259.250,720272.438,718874.500,2.06426577E-07
46,17,712259.250,718874.500,717374.312,2.06426577E-07
46,18,712259.250,717374.312,715771.625,2.06426577E-07
46,19,712259.250,715771.625,714066.500,2.06426577E-07
46,20,712259.250,714066.500,712259.250,2.06426577E-07
47,1,711147.688,712260.375,712206.625,-7.16308841E-06
47,2,711147.688,712206.625,712152.188,-7.16308841E-06
47,3,711147.688,712152.188,712099.125,-7.16308841E-06
47,4,711147.688,712099.125,712046.625,-7.16308841E-06
47,5,711147.688,712046.625,711987.812,-7.16308841E-06
47,6,711147.688,711987.812,711947.125,-7.16308841E-06
47,7,711147.688,711947.125,711863.688,-7.16308841E-06
47,8,711147.688,711863.688,711854.562,-7.16308841E-06
47,9,711147.688,711854.562,711734.750,-7.16308841E-06
47,10,711147.688,711734.750,711726.312,-7.16308841E-06
47,11,711147.688,711726.312,711674.812,-7.16308841E-06
47,12,711147.688,711674.812,711626.875,-7.16308841E-06
47,13,711147.688,711626.875,711498.188,-7.16308841E-06
47,14,711147.688,711498.188,711502.688,-7.16308841E-06
47,15,711147.688,711502.688,711494.375,-7.16308841E-06
47,16,711147.688,711494.375,711378.812,-7.16308841E-06
47,17,711147.688,711378.812,711287.062,-7.16308841E-06
47,18,711147.688,711287.062,711301.438,-7.16308841E-06
47,19,711147.688,711301.438,711216.750,-7.16308841E-06
47,20,711147.688,711216.750,711147.688,-7.16308841E-06
48,1,706935.875,711147.688,711114.000,1.29712187E-03
48,2,706935.875,711114.000,711092.875,1.29712187E-03
48,3,706935.875,711092.875,711030.188,1.29712187E-03
48,4,706935.875,711030.188,711005.188,1.29712187E-03
48,5,706935.875,711005.188,710932.625,1.29712187E-03
48,6,706935.875,710932.625,710945.375,1.29712187E-03
48,7,706935.875,710945.375,710808.750,1.29712187E-03
48,8,706935.875,710808.750,710841.625,1.29712187E-03
48,9,706935.875,710841.625,710758.312,1.29712187E-03
48,10,706935.875,710758.312,710861.312,1.29712187E-03
48,11,706935.875,710861.312,710659.000,1.29712187E-03
48,12,706935.875,710659.000,710588.062,1.29712187E-03
48,13,706935.875,710588.062,710759.312,1.29712187E-03
48,14,706935.875,710759.312,710537.000,1.29712187E-03
48,15,706935.875,710537.000,709927.875,1.29712187E-03
48,16,706935.875,709927.875,712324.188,1.29712187E-03
48,17,706935.875,712324.188,708261.625,1.29712187E-03
48,18,706935.875,708261.625,710660.250,1.29712187E-03
48,19,706935.875,710660.250,713071.125,1.29712187E-03
48,20,706935.875,713071.125,706935.875,1.29712187E-03
49,1,704269.562,706935.875,708506.000,8.77900863E-09
49,2,704269.562,708506.000,711933.812,8.77900863E-09
49,3,704269.562,711933.812,712888.500,8.77900863E-09
49,4,704269.562,712888.500,710922.188,8.77900863E-09
49,5,704269.562,710922.188,708579.188,8.77900863E-09
49,6,704269.562,708579.188,708117.562,8.77900863E-09
49,7,704269.562,708117.562,709442.062,8.77900863E-09
49,8,704269.562,709442.062,711865.500,8.77900863E-09
49,9,704269.562,711865.500,710400.250,8.77900863E-09
49,10,704269.562,710400.250,712519.188,8.77900863E-09
49,11,704269.562,712519.188,707540.500,8.77900863E-09
49,12,704269.562,707540.500,707556.750,8.77900863E-09
49,13,704269.562,707556.750,709627.375,8.77900863E-09
49,14,704269.562,709627.375,708992.625,8.77900863E-09
49,15,704269.562,708992.625,713566.688,8.77900863E-09
49,16,704269.562,713566.688,711986.438,8.77900863E-09
49,17,704269.562,711986.438,709173.500,8.77900863E-09
49,18,704269.562,709173.500,711257.000,8.77900863E-09
49,19,704269.562,711257.000,709160.500,8.77900863E-09
49,20,704269.562,709160.500,704269.562,8.77900863E-09
50,1,712454.500,704388.562,706275.688,-4.95442096E-03
50,2,712454.500,706275.688,713368.250,-4.95442096E-03
50,3,712454.500,713368.250,713995.938,-4.95442096E-03
50,4,712454.500,713995.938,710514.000,-4.95442096E-03
50,5,712454.500,710514.000,709680.562,-4.95442096E-03
50,6,712454.500,709680.562,707758.812,-4.95442096E-03
50,7,712454.500,707758.812,705368.375,-4.95442096E-03
50,8,712454.500,705368.375,699847.125,-4.95442096E-03
50,9,712454.500,699847.125,711187.312,-4.95442096E-03
50,10,712454.500,711187.312,714934.500,-4.95442096E-03
50,11,712454.500,714934.500,716218.062,-4.95442096E-03
50,12,712454.500,716218.062,712639.250,-4.95442096E-03
50,13,712454.500,712639.250,702825.562,-4.95442096E-03
50,14,712454.500,702825.562,698714.938,-4.95442096E-03
50,15,712454.500,698714.938,704675.750,-4.95442096E-03
50,16,712454.500,704675.750,710814.188,-4.95442096E-03
50,17,712454.500,710814.188,709956.875,-4.95442096E-03
50,18,712454.500,709956.875,706602.312,-4.95442096E-03
50,19,712454.500,706602.312,707666.500,-4.95442096E-03
50,20,712454.500,707666.500,712454.500,-4.95442096E-03
51,1,693408.625,712454.500,714357.438,6.60618243E-05
51,2,693408.625,714357.438,708609.125,6.60618243E-05
51,3,693408.625,708609.125,699296.188,6.60618243E-05
51,4,693408.625,699296.188,695322.750,6.60618243E-05
51,5,693408.625,695322.750,699737.625,6.60618243E-05
51,6,693408.625,699737.625,710825.688,6.60618243E-05
51,7,693408.625,710825.688,718466.438,6.60618243E-05
51,8,693408.625,718466.438,721748.625,6.60618243E-05
51,9,693408.625,721748.625,712480.938,6.60618243E-05
51,10,693408.625,712480.938,700526.562,6.60618243E-05
51,11,693408.625,700526.562,695469.438,6.60618243E-05
51,12,693408.625,695469.438,693677.625,6.60618243E-05
51,13,693408.625,693677.625,695758.312,6.60618243E-05
51,14,693408.625,695758.312,712979.062,6.60618243E-05
51,15,693408.625,712979.062,723674.938,6.60618243E-05
51,16,693408.625,723674.938,716998.375,6.60618243E-05
51,17,693408.625,716998.375,709381.375,6.60618243E-05
51,18,693408.625,709381.375,706921.375,6.60618243E-05
51,19,693408.625,706921.375,701098.312,6.60618243E-05
51,20,693408.625,701098.312,693408.625,6.60618243E-05
52,1,694025.250,693460.188,696600.312,1.14409896E-02
52,2,694025.250,696600.312,710832.688,1.14409896E-02
52,3,694025.250,710832.688,718383.375,1.14409896E-02
52,4,694025.250,718383.375,712527.500,1.14409896E-02
52,5,694025.250,712527.500,705334.500,1.14409896E-02
52,6,694025.250,705334.500,706713.375,1.14409896E-02
52,7,694025.250,706713.375,711605.500,1.14409896E-02
52,8,694025.250,711605.500,711434.875,1.14409896E-02
52,9,694025.250,711434.875,705743.625,1.14409896E-02
52,10,694025.250,705743.625,703758.188,1.14409896E-02
52,11,694025.250,703758.188,704843.125,1.14409896E-02
52,12,694025.250,704843.125,710128.375,1.14409896E-02
52,13,694025.250,710128.375,711804.250,1.14409896E-02
52,14,694025.250,711804.250,712945.000,1.14409896E-02
52,15,694025.250,712945.000,716517.688,1.14409896E-02
52,16,694025.250,716517.688,721629.125,1.14409896E-02
52,17,694025.250,721629.125,716870.438,1.14409896E-02
52,18,694025.250,716870.438,713955.188,1.14409896E-02
52,19,694025.250,713955.188,695106.562,1.14409896E-02
52,20,694025.250,695106.562,694025.250,1.14409896E-02
53,1,707268.250,694025.250,694255.938,-7.34626725E-02
53,2,707268.250,694255.938,695113.250,-7.34626725E-02
53,3,707268.250,695113.250,695953.938,-7.34626725E-02
53,4,707268.250,695953.938,696520.812,-7.34626725E-02
53,5,707268.250,696520.812,696777.500,-7.34626725E-02
53,6,707268.250,696777.500,696796.438,-7.34626725E-02
53,7,707268.250,696796.438,696692.750,-7.34626725E-02
53,8,707268.250,696692.750,696583.250,-7.34626725E-02
53,9,707268.250,696583.250,696561.688,-7.34626725E-02
53,10,707268.250,696561.688,696693.688,-7.34626725E-02
53,11,707268.250,696693.688,697017.875,-7.34626725E-02
53,12,707268.250,697017.875,697547.625,-7.34626725E-02
53,13,707268.250,697547.625,698278.562,-7.34626725E-02
53,14,707268.250,698278.562,699192.375,-7.34626725E-02
53,15,707268.250,699192.375,700266.375,-7.34626725E-02
53,16,707268.250,700266.375,701477.250,-7.34626725E-02
53,17,707268.250,701477.250,702801.500,-7.34626725E-02
53,18,707268.250,702801.500,704218.125,-7.34626725E-02
53,19,707268.250,704218.125,705710.812,-7.34626725E-02
53,20,707268.250,705710.812,707268.250,-7.34626725E-02
54,1,690105.375,707268.250,713964.750,-3.47369886E-03
54,2,690105.375,713964.750,720972.750,-3.47369886E-03
54,3,690105.375,720972.750,727672.500,-3.47369886E-03
54,4,690105.375,727672.500,733134.688,-3.47369886E-03
54,5,690105.375,733134.688,736316.625,-3.47369886E-03
54,6,690105.375,736316.625,736449.938,-3.47369886E-03
54,7,690105.375,736449.938,733370.125,-3.47369886E-03
54,8,690105.375,733370.125,727599.750,-3.47369886E-03
54,9,690105.375,727599.750,720178.250,-3.47369886E-03
54,10,690105.375,720178.250,712334.812,-3.47369886E-03
54,11,690105.375,712334.812,705153.438,-3.47369886E-03
54,12,690105.375,705153.438,699342.375,-3.47369886E-03
54,13,690105.375,699342.375,695155.375,-3.47369886E-03
54,14,690105.375,695155.375,692461.500,-3.47369886E-03
54,15,690105.375,692461.500,690899.062,-3.47369886E-03
54,16,690105.375,690899.062,690055.062,-3.47369886E-03
54,17,690105.375,690055.062,689611.625,-3.47369886E-03
54,18,690105.375,689611.625,689426.625,-3.47369886E-03
54,19,690105.375,689426.625,689534.688,-3.47369886E-03
54,20,690105.375,689534.688,690105.375,-3.47369886E-03
55,1,715424.188,690105.375,691105.688,-8.07666162E-04
55,2,715424.188,691105.688,692684.625,-8.07666162E-04
55,3,715424.188,692684.625,694904.938,-8.07666162E-04
55,4,715424.188,694904.938,697750.562,-8.07666162E-04
55,5,715424.188,697750.562,701145.812,-8.07666162E-04
55,6,715424.188,701145.812,704944.000,-8.07666162E-04
55,7,715424.188,704944.000,708948.938,-8.07666162E-04
55,8,715424.188,708948.938,712936.875,-8.07666162E-04
55,9,715424.188,712936.875,716683.188,-8.07666162E-04
55,10,715424.188,716683.188,719983.250,-8.07666162E-04
55,11,715424.188,719983.250,722667.875,-8.07666162E-04
55,12,715424.188,722667.875,724617.688,-8.07666162E-04
55,13,715424.188,724617.688,725768.625,-8.07666162E-04
55,14,715424.188,725768.625,726111.062,-8.07666162E-04
55,15,715424.188,726111.062,725684.625,-8.07666162E-04
55,16,715424.188,725684.625,724566.688,-8.07666162E-04
55,17,715424.188,724566.688,722861.000,-8.07666162E-04
55,18,715424.188,722861.000,720688.125,-8.07666162E-04
55,19,715424.188,720688.125,718169.812,-8.07666162E-04
55,20,715424.188,718169.812,715424.188,-8.07666162E-04
56,1,719139.688,715424.188,711633.500,-6.95286326E-06
56,2,719139.688,711633.500,707826.312,-6.95286326E-06
56,3,719139.688,707826.312,704155.438,-6.95286326E-06
56,4,719139.688,704155.438,700734.000,-6.95286326E-06
56,5,719139.688,700734.000,697646.438,-6.95286326E-06
56,6,719139.688,697646.438,694962.125,-6.95286326E-06
56,7,719139.688,694962.125,692748.688,-6.95286326E-06
56,8,719139.688,692748.688,691076.625,-6.95286326E-06
56,9,719139.688,691076.625,690020.375,-6.95286326E-06
56,10,719139.688,690020.375,689652.250,-6.95286326E-06
56,11,719139.688,689652.250,690032.500,-6.95286326E-06
56,12,719139.688,690032.500,691197.250,-6.95286326E-06
56,13,719139.688,691197.250,693145.125,-6.95286326E-06
56,14,719139.688,693145.125,695832.250,-6.95286326E-06
56,15,719139.688,695832.250,699164.000,-6.95286326E-06
56,16,719139.688,699164.000,702995.750,-6.95286326E-06
56,17,719139.688,702995.750,707139.625,-6.95286326E-06
56,18,719139.688,707139.625,711373.438,-6.95286326E-06
56,19,719139.688,711373.438,715455.562,-6.95286326E-06
56,20,719139.688,715455.562,719139.688,-6.95286326E-06
57,1,692380.500,719977.812,723156.625,-4.55472218E-07
57,2,692380.500,723156.625,725115.750,-4.55472218E-07
57,3,692380.500,725115.750,726803.188,-4.55472218E-07
57,4,692380.500,726803.188,726686.562,-4.55472218E-07
57,5,692380.500,726686.562,724992.750,-4.55472218E-07
57,6,692380.500,724992.750,722790.375,-4.55472218E-07
57,7,692380.500,722790.375,719396.562,-4.55472218E-07
57,8,692380.500,719396.562,715491.750,-4.55472218E-07
57,9,692380.500,715491.750,710507.312,-4.55472218E-07
57,10,692380.500,710507.312,705068.375,-4.55472218E-07
57,11,692380.500,705068.375,699258.062,-4.55472218E-07
57,12,692380.500,699258.062,695872.625,-4.55472218E-07
57,13,692380.500,695872.625,688982.438,-4.55472218E-07
57,14,692380.500,688982.438,686271.625,-4.55472218E-07
57,15,692380.500,686271.625,685012.438,-4.55472218E-07
57,16,692380.500,685012.438,684022.312,-4.55472218E-07
57,17,692380.500,684022.312,684117.188,-4.55472218E-07
57,18,692380.500,684117.188,686064.375,-4.55472218E-07
57,19,692380.500,686064.375,688956.562,-4.55472218E-07
57,20,692380.500,688956.562,692380.500,-4.55472218E-07
58,1,705380.812,692380.500,711781.438,8.15577187E-06
58,2,705380.812,711781.438,728365.750,8.15577187E-06
58,3,705380.812,728365.750,725322.875,8.15577187E-06
58,4,705380.812,725322.875,708590.812,8.15577187E-06
58,5,705380.812,708590.812,691171.438,8.15577187E-06
58,6,705380.812,691171.438,685228.500,8.15577187E-06
58,7,705380.812,685228.500,697034.312,8.15577187E-06
58,8,705380.812,697034.312,712541.500,8.15577187E-06
58,9,705380.812,712541.500,719295.062,8.15577187E-06
58,10,705380.812,719295.062,715695.562,8.15577187E-06
58,11,705380.812,715695.562,705006.438,8.15577187E-06
58,12,705380.812,705006.438,695777.312,8.15577187E-06
58,13,705380.812,695777.312,696466.438,8.15577187E-06
58,14,705380.812,696466.438,703914.438,8.15577187E-06
58,15,705380.812,703914.438,709885.188,8.15577187E-06
58,16,705380.812,709885.188,709630.125,8.15577187E-06
58,17,705380.812,709630.125,703619.250,8.15577187E-06
58,18,705380.812,703619.250,697822.812,8.15577187E-06
58,19,705380.812,697822.812,698298.000,8.15577187E-06
58,20,705380.812,698298.000,705380.812,8.15577187E-06
