i,k,old_q,old_q_ch_in,old_q_ch_out,qlat_ch_old
1,1,71.3584824,0.00000000,3.60216117,8.29281707E-05
1,2,71.3584824,3.60216117,7.20266485,8.29281707E-05
1,3,71.3584824,7.20266485,10.8127365,8.29281707E-05
1,4,71.3584824,10.8127365,14.3953152,8.29281707E-05
1,5,71.3584824,14.3953152,18.0084343,8.29281707E-05
1,6,71.3584824,18.0084343,21.6664906,8.29281707E-05
1,7,71.3584824,21.6664906,25.1125889,8.29281707E-05
1,8,71.3584824,25.1125889,28.9296360,8.29281707E-05
1,9,71.3584824,28.9296360,32.2533951,8.29281707E-05
1,10,71.3584824,32.2533951,36.2108917,8.29281707E-05
1,11,71.3584824,36.2108917,39.6455498,8.29281707E-05
1,12,71.3584824,39.6455498,43.0725594,8.29281707E-05
1,13,71.3584824,43.0725594,46.6110573,8.29281707E-05
1,14,71.3584824,46.6110573,50.8121376,8.29281707E-05
1,15,71.3584824,50.8121376,54.2132721,8.29281707E-05
1,16,71.3584824,54.2132721,56.9972801,8.29281707E-05
1,17,71.3584824,56.9972801,61.4434128,8.29281707E-05
1,18,71.3584824,61.4434128,65.7807617,8.29281707E-05
1,19,71.3584824,65.7807617,67.2355576,8.29281707E-05
1,20,71.3584824,67.2355576,71.3584824,8.29281707E-05
2,1,18.0215607,0.00000000,0.907911360,3.66279164E-05
2,2,18.0215607,0.907911360,1.83905125,3.66279164E-05
2,3,18.0215607,1.83905125,2.65201116,3.66279164E-05
2,4,18.0215607,2.65201116,3.70049310,3.66279164E-05
2,5,18.0215607,3.70049310,4.59199619,3.66279164E-05
2,6,18.0215607,4.59199619,5.40104342,3.66279164E-05
2,7,18.0215607,5.40104342,6.30486298,3.66279164E-05
2,8,18.0215607,6.30486298,7.27968645,3.66279164E-05
2,9,18.0215607,7.27968645,8.27214241,3.66279164E-05
2,10,18.0215607,8.27214241,9.05765152,3.66279164E-05
2,11,18.0215607,9.05765152,9.99839211,3.66279164E-05
2,12,18.0215607,9.99839211,10.8513813,3.66279164E-05
2,13,18.0215607,10.8513813,11.7466507,3.66279164E-05
2,14,18.0215607,11.7466507,12.7372971,3.66279164E-05
2,15,18.0215607,12.7372971,13.7198410,3.66279164E-05
2,16,18.0215607,13.7198410,14.6851482,3.66279164E-05
2,17,18.0215607,14.6851482,15.5262489,3.66279164E-05
2,18,18.0215607,15.5262489,16.2890759,3.66279164E-05
2,19,18.0215607,16.2890759,17.0653992,3.66279164E-05
2,20,18.0215607,17.0653992,18.0215607,3.66279164E-05
3,1,11.8385944,0.00000000,0.591858327,8.84785459E-06
3,2,11.8385944,0.591858327,1.18371654,8.84785459E-06
3,3,11.8385944,1.18371654,1.77557492,8.84785459E-06
3,4,11.8385944,1.77557492,2.36743307,8.84785459E-06
3,5,11.8385944,2.36743307,2.95929146,8.84785459E-06
3,6,11.8385944,2.95929146,3.55114985,8.84785459E-06
3,7,11.8385944,3.55114985,4.14300966,8.84785459E-06
3,8,11.8385944,4.14300966,4.73485613,8.84785459E-06
3,9,11.8385944,4.73485613,5.32678080,8.84785459E-06
3,10,11.8385944,5.32678080,5.91834307,8.84785459E-06
3,11,11.8385944,5.91834307,6.51124334,8.84785459E-06
3,12,11.8385944,6.51124334,7.10026789,8.84785459E-06
3,13,11.8385944,7.10026789,7.69777679,8.84785459E-06
3,14,11.8385944,7.69777679,8.28248215,8.84785459E-06
3,15,11.8385944,8.28248215,8.87655640,8.84785459E-06
3,16,11.8385944,8.87655640,9.47928619,8.84785459E-06
3,17,11.8385944,9.47928619,10.0513115,8.84785459E-06
3,18,11.8385944,10.0513115,10.6488647,8.84785459E-06
3,19,11.8385944,10.6488647,11.2616501,8.84785459E-06
3,20,11.8385944,11.2616501,11.8385944,8.84785459E-06
4,1,72.7254181,0.00000000,3.65382218,5.95952806E-05
4,2,72.7254181,3.65382218,7.29950762,5.95952806E-05
4,3,72.7254181,7.29950762,10.9092817,5.95952806E-05
4,4,72.7254181,10.9092817,14.7933893,5.95952806E-05
4,5,72.7254181,14.7933893,17.9926414,5.95952806E-05
4,6,72.7254181,17.9926414,22.0073929,5.95952806E-05
4,7,72.7254181,22.0073929,25.6980305,5.95952806E-05
4,8,72.7254181,25.6980305,29.0563393,5.95952806E-05
4,9,72.7254181,29.0563393,32.7646103,5.95952806E-05
4,10,72.7254181,32.7646103,36.6909790,5.95952806E-05
4,11,72.7254181,36.6909790,40.4782333,5.95952806E-05
4,12,72.7254181,40.4782333,43.4462891,5.95952806E-05
4,13,72.7254181,43.4462891,47.5159264,5.95952806E-05
4,14,72.7254181,47.5159264,50.8798141,5.95952806E-05
4,15,72.7254181,50.8798141,54.2151375,5.95952806E-05
4,16,72.7254181,54.2151375,59.5636292,5.95952806E-05
4,17,72.7254181,59.5636292,62.1826859,5.95952806E-05
4,18,72.7254181,62.1826859,65.6947174,5.95952806E-05
4,19,72.7254181,65.6947174,69.1654816,5.95952806E-05
4,20,72.7254181,69.1654816,72.7254181,5.95952806E-05
5,1,8.28012848,0.00000000,0.415625334,7.07864547E-06
5,2,8.28012848,0.415625334,0.831243753,7.07864547E-06
5,3,8.28012848,0.831243753,1.24693465,7.07864547E-06
5,4,8.28012848,1.24693465,1.66218448,7.07864547E-06
5,5,8.28012848,1.66218448,2.07912970,7.07864547E-06
5,6,8.28012848,2.07912970,2.49197555,7.07864547E-06
5,7,8.28012848,2.49197555,2.91020465,7.07864547E-06
5,8,8.28012848,2.91020465,3.32812905,7.07864547E-06
5,9,8.28012848,3.32812905,3.73451185,7.07864547E-06
5,10,8.28012848,3.73451185,4.15913963,7.07864547E-06
5,11,8.28012848,4.15913963,4.56960869,7.07864547E-06
5,12,8.28012848,4.56960869,5.00638342,7.07864547E-06
5,13,8.28012848,5.00638342,5.36485434,7.07864547E-06
5,14,8.28012848,5.36485434,5.85565186,7.07864547E-06
5,15,8.28012848,5.85565186,6.19745255,7.07864547E-06
5,16,8.28012848,6.19745255,6.70265961,7.07864547E-06
5,17,8.28012848,6.70265961,7.02188253,7.07864547E-06
5,18,8.28012848,7.02188253,7.50157452,7.07864547E-06
5,19,8.28012848,7.50157452,7.88259792,7.07864547E-06
5,20,8.28012848,7.88259792,8.28012848,7.07864547E-06
6,1,12.0788012,0.00000000,0.604182482,3.99266828E-05
6,2,12.0788012,0.604182482,1.20741975,3.99266828E-05
6,3,12.0788012,1.20741975,1.80076849,3.99266828E-05
6,4,12.0788012,1.80076849,2.45131969,3.99266828E-05
6,5,12.0788012,2.45131969,2.97567058,3.99266828E-05
6,6,12.0788012,2.97567058,3.62869406,3.99266828E-05
6,7,12.0788012,3.62869406,4.25636053,3.99266828E-05
6,8,12.0788012,4.25636053,4.81342697,3.99266828E-05
6,9,12.0788012,4.81342697,5.40560055,3.99266828E-05
6,10,12.0788012,5.40560055,6.05327892,3.99266828E-05
6,11,12.0788012,6.05327892,6.69139957,3.99266828E-05
6,12,12.0788012,6.69139957,7.25356579,3.99266828E-05
6,13,12.0788012,7.25356579,7.78192043,3.99266828E-05
6,14,12.0788012,7.78192043,8.48145294,3.99266828E-05
6,15,12.0788012,8.48145294,8.92305183,3.99266828E-05
6,16,12.0788012,8.92305183,9.76381969,3.99266828E-05
6,17,12.0788012,9.76381969,10.3084354,3.99266828E-05
6,18,12.0788012,10.3084354,10.9204540,3.99266828E-05
6,19,12.0788012,10.9204540,11.4809313,3.99266828E-05
6,20,12.0788012,11.4809313,12.0788012,3.99266828E-05
7,1,1.46009183,0.00000000,7.36863911E-02,5.59927321E-06
7,2,1.46009183,7.36863911E-02,0.147226647,5.59927321E-06
7,3,1.46009183,0.147226647,0.221176565,5.59927321E-06
7,4,1.46009183,0.221176565,0.295271575,5.59927321E-06
7,5,1.46009183,0.295271575,0.365783989,5.59927321E-06
7,6,1.46009183,0.365783989,0.446020693,5.59927321E-06
7,7,1.46009183,0.446020693,0.512234449,5.59927321E-06
7,8,1.46009183,0.512234449,0.590759397,5.59927321E-06
7,9,1.46009183,0.590759397,0.665788412,5.59927321E-06
7,10,1.46009183,0.665788412,0.732733190,5.59927321E-06
7,11,1.46009183,0.732733190,0.806106925,5.59927321E-06
7,12,1.46009183,0.806106925,0.893719435,5.59927321E-06
7,13,1.46009183,0.893719435,0.946156681,5.59927321E-06
7,14,1.46009183,0.946156681,1.05699468,5.59927321E-06
7,15,1.46009183,1.05699468,1.08608651,5.59927321E-06
7,16,1.46009183,1.08608651,1.15577137,5.59927321E-06
7,17,1.46009183,1.15577137,1.28398049,5.59927321E-06
7,18,1.46009183,1.28398049,1.32937074,5.59927321E-06
7,19,1.46009183,1.32937074,1.38884068,5.59927321E-06
7,20,1.46009183,1.38884068,1.46009183,5.59927321E-06
8,1,2.29884720,0.00000000,0.114955671,1.53338024E-05
8,2,2.29884720,0.114955671,0.229739666,1.53338024E-05
8,3,2.29884720,0.229739666,0.342571586,1.53338024E-05
8,4,2.29884720,0.342571586,0.466484576,1.53338024E-05
8,5,2.29884720,0.466484576,0.566196203,1.53338024E-05
8,6,2.29884720,0.566196203,0.690242529,1.53338024E-05
8,7,2.29884720,0.690242529,0.809926748,1.53338024E-05
8,8,2.29884720,0.809926748,0.916009307,1.53338024E-05
8,9,2.29884720,0.916009307,1.02835631,1.53338024E-05
8,10,2.29884720,1.02835631,1.15148449,1.53338024E-05
8,11,2.29884720,1.15148449,1.27294564,1.53338024E-05
8,12,2.29884720,1.27294564,1.38137591,1.53338024E-05
8,13,2.29884720,1.38137591,1.47944307,1.53338024E-05
8,14,2.29884720,1.47944307,1.61475062,1.53338024E-05
8,15,2.29884720,1.61475062,1.69766593,1.53338024E-05
8,16,2.29884720,1.69766593,1.85592270,1.53338024E-05
8,17,2.29884720,1.85592270,1.96147704,1.53338024E-05
8,18,2.29884720,1.96147704,2.07852793,1.53338024E-05
8,19,2.29884720,2.07852793,2.18519568,1.53338024E-05
8,20,2.29884720,2.18519568,2.29884720,1.53338024E-05
9,1,2.08179379,0.00000000,0.102258421,1.59447300E-05
9,2,2.08179379,0.102258421,0.210522786,1.59447300E-05
9,3,2.08179379,0.210522786,0.297754914,1.59447300E-05
9,4,2.08179379,0.297754914,0.411874056,1.59447300E-05
9,5,2.08179379,0.411874056,0.525309145,1.59447300E-05
9,6,2.08179379,0.525309145,0.618264675,1.59447300E-05
9,7,2.08179379,0.618264675,0.712814927,1.59447300E-05
9,8,2.08179379,0.712814927,0.815876603,1.59447300E-05
9,9,2.08179379,0.815876603,0.917425990,1.59447300E-05
9,10,2.08179379,0.917425990,1.05254936,1.59447300E-05
9,11,2.08179379,1.05254936,1.11794388,1.59447300E-05
9,12,2.08179379,1.11794388,1.22973847,1.59447300E-05
9,13,2.08179379,1.22973847,1.34889698,1.59447300E-05
9,14,2.08179379,1.34889698,1.43764436,1.59447300E-05
9,15,2.08179379,1.43764436,1.52390623,1.59447300E-05
9,16,2.08179379,1.52390623,1.62950218,1.59447300E-05
9,17,2.08179379,1.62950218,1.75092053,1.59447300E-05
9,18,2.08179379,1.75092053,1.86728644,1.59447300E-05
9,19,2.08179379,1.86728644,1.97617543,1.59447300E-05
9,20,2.08179379,1.97617543,2.08179379,1.59447300E-05
10,1,0.680625081,0.00000000,3.33788730E-02,6.88785894E-06
10,2,0.680625081,3.33788730E-02,6.90355152E-02,6.88785894E-06
10,3,0.680625081,6.90355152E-02,9.73318070E-02,6.88785894E-06
10,4,0.680625081,9.73318070E-02,0.133651644,6.88785894E-06
10,5,0.680625081,0.133651644,0.172795653,6.88785894E-06
10,6,0.680625081,0.172795653,0.201648116,6.88785894E-06
10,7,0.680625081,0.201648116,0.233526170,6.88785894E-06
10,8,0.680625081,0.233526170,0.267020643,6.88785894E-06
10,9,0.680625081,0.267020643,0.299989432,6.88785894E-06
10,10,0.680625081,0.299989432,0.339899570,6.88785894E-06
10,11,0.680625081,0.339899570,0.371144950,6.88785894E-06
10,12,0.680625081,0.371144950,0.398945332,6.88785894E-06
10,13,0.680625081,0.398945332,0.439920664,6.88785894E-06
10,14,0.680625081,0.439920664,0.472779334,6.88785894E-06
10,15,0.680625081,0.472779334,0.500389576,6.88785894E-06
10,16,0.680625081,0.500389576,0.531374335,6.88785894E-06
10,17,0.680625081,0.531374335,0.568201721,6.88785894E-06
10,18,0.680625081,0.568201721,0.608178139,6.88785894E-06
10,19,0.680625081,0.608178139,0.643434405,6.88785894E-06
10,20,0.680625081,0.643434405,0.680625081,6.88785894E-06
11,1,8.04815578,0.00000000,0.406699449,6.93076618E-06
11,2,8.04815578,0.406699449,0.812557697,6.93076618E-06
11,3,8.04815578,0.812557697,1.22064412,6.93076618E-06
11,4,8.04815578,1.22064412,1.63021040,6.93076618E-06
11,5,8.04815578,1.63021040,2.01789618,6.93076618E-06
11,6,8.04815578,2.01789618,2.46223640,6.93076618E-06
11,7,8.04815578,2.46223640,2.82769918,6.93076618E-06
11,8,8.04815578,2.82769918,3.25852633,6.93076618E-06
11,9,8.04815578,3.25852633,3.67647028,6.93076618E-06
11,10,8.04815578,3.67647028,4.04846621,6.93076618E-06
11,11,8.04815578,4.04846621,4.43863869,6.93076618E-06
11,12,8.04815578,4.43863869,4.94357300,6.93076618E-06
11,13,8.04815578,4.94357300,5.20714426,6.93076618E-06
11,14,8.04815578,5.20714426,5.83407831,6.93076618E-06
11,15,8.04815578,5.83407831,6.04231453,6.93076618E-06
11,16,8.04815578,6.04231453,6.33049154,6.93076618E-06
11,17,8.04815578,6.33049154,7.06335735,6.93076618E-06
11,18,8.04815578,7.06335735,7.38156223,6.93076618E-06
11,19,8.04815578,7.38156223,7.67669344,6.93076618E-06
11,20,8.04815578,7.67669344,8.04815578,6.93076618E-06
12,1,3.02886605,0.00000000,0.151241824,3.65409392E-06
12,2,3.02886605,0.151241824,0.302070081,3.65409392E-06
12,3,3.02886605,0.302070081,0.452879131,3.65409392E-06
12,4,3.02886605,0.452879131,0.609595478,3.65409392E-06
12,5,3.02886605,0.609595478,0.746048450,3.65409392E-06
12,6,3.02886605,0.746048450,0.914955258,3.65409392E-06
12,7,3.02886605,0.914955258,1.05818534,3.65409392E-06
12,8,3.02886605,1.05818534,1.20244277,3.65409392E-06
12,9,3.02886605,1.20244277,1.36469054,3.65409392E-06
12,10,3.02886605,1.36469054,1.52092624,3.65409392E-06
12,11,3.02886605,1.52092624,1.65911329,3.65409392E-06
12,12,3.02886605,1.65911329,1.79633093,3.65409392E-06
12,13,3.02886605,1.79633093,1.98110318,3.65409392E-06
12,14,3.02886605,1.98110318,2.08811378,3.65409392E-06
12,15,3.02886605,2.08811378,2.30236435,3.65409392E-06
12,16,3.02886605,2.30236435,2.44718289,3.65409392E-06
12,17,3.02886605,2.44718289,2.52952361,3.65409392E-06
12,18,3.02886605,2.52952361,2.71488738,3.65409392E-06
12,19,3.02886605,2.71488738,2.85994077,3.65409392E-06
12,20,3.02886605,2.85994077,3.02886605,3.65409392E-06
13,1,26.8218536,0.00000000,1.34315920,1.63915502E-05
13,2,26.8218536,1.34315920,2.68326688,1.63915502E-05
13,3,26.8218536,2.68326688,4.03021431,1.63915502E-05
13,4,26.8218536,4.03021431,5.38857841,1.63915502E-05
13,5,26.8218536,5.38857841,6.65600681,1.63915502E-05
13,6,26.8218536,6.65600681,8.13482571,1.63915502E-05
13,7,26.8218536,8.13482571,9.34503269,1.63915502E-05
13,8,26.8218536,9.34503269,10.7431049,1.63915502E-05
13,9,26.8218536,10.7431049,12.1518011,1.63915502E-05
13,10,26.8218536,12.1518011,13.4092751,1.63915502E-05
13,11,26.8218536,13.4092751,14.5940208,1.63915502E-05
13,12,26.8218536,14.5940208,16.3661404,1.63915502E-05
13,13,26.8218536,16.3661404,17.1405487,1.63915502E-05
13,14,26.8218536,17.1405487,19.2069130,1.63915502E-05
13,15,26.8218536,19.2069130,20.2640934,1.63915502E-05
13,16,26.8218536,20.2640934,20.7840519,1.63915502E-05
13,17,26.8218536,20.7840519,23.0017719,1.63915502E-05
13,18,26.8218536,23.0017719,24.5902977,1.63915502E-05
13,19,26.8218536,24.5902977,25.4140396,1.63915502E-05
13,20,26.8218536,25.4140396,26.8218536,1.63915502E-05
14,1,58.2354240,0.00000000,0.567315996,4.18289637E-05
14,2,58.2354240,0.567315996,1.13048792,4.18289637E-05
14,3,58.2354240,1.13048792,1.68483615,4.18289637E-05
14,4,58.2354240,1.68483615,2.22688127,4.18289637E-05
14,5,58.2354240,2.22688127,2.75887871,4.18289637E-05
14,6,58.2354240,2.75887871,3.29398203,4.18289637E-05
14,7,58.2354240,3.29398203,3.86088514,4.18289637E-05
14,8,58.2354240,3.86088514,4.50719070,4.18289637E-05
14,9,58.2354240,4.50719070,5.30121374,4.18289637E-05
14,10,58.2354240,5.30121374,6.33229065,4.18289637E-05
14,11,58.2354240,6.33229065,7.70975828,4.18289637E-05
14,12,58.2354240,7.70975828,9.56070137,4.18289637E-05
14,13,58.2354240,9.56070137,12.0263662,4.18289637E-05
14,14,58.2354240,12.0263662,15.2570210,4.18289637E-05
14,15,58.2354240,15.2570210,19.4050789,4.18289637E-05
14,16,58.2354240,19.4050789,24.6165085,4.18289637E-05
14,17,58.2354240,24.6165085,31.0209827,4.18289637E-05
14,18,58.2354240,31.0209827,38.7215958,4.18289637E-05
14,19,58.2354240,38.7215958,47.7853127,4.18289637E-05
14,20,58.2354240,47.7853127,58.2354240,4.18289637E-05
15,1,15.1585503,13.9203882,13.9131994,3.58134275E-06
15,2,15.1585503,13.9131994,13.9532690,3.58134275E-06
15,3,15.1585503,13.9532690,14.0901690,3.58134275E-06
15,4,15.1585503,14.0901690,14.1127453,3.58134275E-06
15,5,15.1585503,14.1127453,14.1132603,3.58134275E-06
15,6,15.1585503,14.1132603,14.1574507,3.58134275E-06
15,7,15.1585503,14.1574507,14.3268671,3.58134275E-06
15,8,15.1585503,14.3268671,14.2969170,3.58134275E-06
15,9,15.1585503,14.2969170,14.3788433,3.58134275E-06
15,10,15.1585503,14.3788433,14.5600166,3.58134275E-06
15,11,15.1585503,14.5600166,14.4263000,3.58134275E-06
15,12,15.1585503,14.4263000,14.5912228,3.58134275E-06
15,13,15.1585503,14.5912228,14.6376114,3.58134275E-06
15,14,15.1585503,14.6376114,14.4012337,3.58134275E-06
15,15,15.1585503,14.4012337,14.8112726,3.58134275E-06
15,16,15.1585503,14.8112726,15.2280216,3.58134275E-06
15,17,15.1585503,15.2280216,14.8492546,3.58134275E-06
15,18,15.1585503,14.8492546,14.7232151,3.58134275E-06
15,19,15.1585503,14.7232151,14.8066912,3.58134275E-06
15,20,15.1585503,14.8066912,15.1585503,3.58134275E-06
16,1,4.40646887,2.29884720,2.36935997,1.17668424E-05
16,2,4.40646887,2.36935997,2.47756290,1.17668424E-05
16,3,4.40646887,2.47756290,2.61858177,1.17668424E-05
16,4,4.40646887,2.61858177,2.73555279,1.17668424E-05
16,5,4.40646887,2.73555279,2.73565841,1.17668424E-05
16,6,4.40646887,2.73565841,2.78769541,1.17668424E-05
16,7,4.40646887,2.78769541,3.09556246,1.17668424E-05
16,8,4.40646887,3.09556246,3.07304549,1.17668424E-05
16,9,4.40646887,3.07304549,3.23665571,1.17668424E-05
16,10,4.40646887,3.23665571,3.20891762,1.17668424E-05
16,11,4.40646887,3.20891762,3.24333072,1.17668424E-05
16,12,4.40646887,3.24333072,3.48841095,1.17668424E-05
16,13,4.40646887,3.48841095,3.64601803,1.17668424E-05
16,14,4.40646887,3.64601803,3.82520652,1.17668424E-05
16,15,4.40646887,3.82520652,3.61916661,1.17668424E-05
16,16,4.40646887,3.61916661,3.71649408,1.17668424E-05
16,17,4.40646887,3.71649408,3.96384263,1.17668424E-05
16,18,4.40646887,3.96384263,4.04612732,1.17668424E-05
16,19,4.40646887,4.04612732,4.35175276,1.17668424E-05
16,20,4.40646887,4.35175276,4.40646887,1.17668424E-05
17,1,24.7206993,3.02886605,4.14346504,1.93560936E-05
17,2,24.7206993,4.14346504,5.28625679,1.93560936E-05
17,3,24.7206993,5.28625679,6.27980804,1.93560936E-05
17,4,24.7206993,6.27980804,7.40474224,1.93560936E-05
17,5,24.7206993,7.40474224,8.44726658,1.93560936E-05
17,6,24.7206993,8.44726658,9.66609383,1.93560936E-05
17,7,24.7206993,9.66609383,10.8264751,1.93560936E-05
17,8,24.7206993,10.8264751,11.7715807,1.93560936E-05
17,9,24.7206993,11.7715807,13.1138601,1.93560936E-05
17,10,24.7206993,13.1138601,14.2280025,1.93560936E-05
17,11,24.7206993,14.2280025,14.5356445,1.93560936E-05
17,12,24.7206993,14.5356445,15.8907146,1.93560936E-05
17,13,24.7206993,15.8907146,18.1554623,1.93560936E-05
17,14,24.7206993,18.1554623,18.8586102,1.93560936E-05
17,15,24.7206993,18.8586102,18.5764885,1.93560936E-05
17,16,24.7206993,18.5764885,20.4239769,1.93560936E-05
17,17,24.7206993,20.4239769,22.1817055,1.93560936E-05
17,18,24.7206993,22.1817055,23.4501743,1.93560936E-05
17,19,24.7206993,23.4501743,23.8720856,1.93560936E-05
17,20,24.7206993,23.8720856,24.7206993,1.93560936E-05
18,1,9.86235142,8.04815578,8.03258133,9.06566856E-06
18,2,9.86235142,8.03258133,8.44169998,9.06566856E-06
18,3,9.86235142,8.44169998,8.26018810,9.06566856E-06
18,4,9.86235142,8.26018810,8.28231621,9.06566856E-06
18,5,9.86235142,8.28231621,8.55914211,9.06566856E-06
18,6,9.86235142,8.55914211,8.78854752,9.06566856E-06
18,7,9.86235142,8.78854752,8.83129883,9.06566856E-06
18,8,9.86235142,8.83129883,8.77160454,9.06566856E-06
18,9,9.86235142,8.77160454,8.75208569,9.06566856E-06
18,10,9.86235142,8.75208569,8.84580612,9.06566856E-06
18,11,9.86235142,8.84580612,9.04028034,9.06566856E-06
18,12,9.86235142,9.04028034,9.28117561,9.06566856E-06
18,13,9.86235142,9.28117561,9.51400280,9.06566856E-06
18,14,9.86235142,9.51400280,9.70224190,9.06566856E-06
18,15,9.86235142,9.70224190,9.82499123,9.06566856E-06
18,16,9.86235142,9.82499123,9.88861656,9.06566856E-06
18,17,9.86235142,9.88861656,9.88617802,9.06566856E-06
18,18,9.86235142,9.88617802,9.84244156,9.06566856E-06
18,19,9.86235142,9.84244156,9.84700871,9.06566856E-06
18,20,9.86235142,9.84700871,9.86235142,9.06566856E-06
19,1,5.87562895,4.40646887,4.04842138,2.77650020E-06
19,2,5.87562895,4.04842138,4.57986593,2.77650020E-06
19,3,5.87562895,4.57986593,4.60877180,2.77650020E-06
19,4,5.87562895,4.60877180,4.38318777,2.77650020E-06
19,5,5.87562895,4.38318777,4.78937674,2.77650020E-06
19,6,5.87562895,4.78937674,4.85026598,2.77650020E-06
19,7,5.87562895,4.85026598,4.75629568,2.77650020E-06
19,8,5.87562895,4.75629568,4.84713888,2.77650020E-06
19,9,5.87562895,4.84713888,5.42008686,2.77650020E-06
19,10,5.87562895,5.42008686,4.71372938,2.77650020E-06
19,11,5.87562895,4.71372938,5.43956184,2.77650020E-06
19,12,5.87562895,5.43956184,5.29998350,2.77650020E-06
19,13,5.87562895,5.29998350,5.24540758,2.77650020E-06
19,14,5.87562895,5.24540758,5.59513235,2.77650020E-06
19,15,5.87562895,5.59513235,5.58689642,2.77650020E-06
19,16,5.87562895,5.58689642,5.72776031,2.77650020E-06
19,17,5.87562895,5.72776031,5.62021208,2.77650020E-06
19,18,5.87562895,5.62021208,5.75944519,2.77650020E-06
19,19,5.87562895,5.75944519,6.14142227,2.77650020E-06
19,20,5.87562895,6.14142227,5.87562895,2.77650020E-06
20,1,16.0190735,15.8391752,15.7599907,8.77558421E-07
20,2,16.0190735,15.7599907,15.5036373,8.77558421E-07
20,3,16.0190735,15.5036373,15.6461115,8.77558421E-07
20,4,16.0190735,15.6461115,15.8556194,8.77558421E-07
20,5,16.0190735,15.8556194,15.7943439,8.77558421E-07
20,6,16.0190735,15.7943439,15.5285654,8.77558421E-07
20,7,16.0190735,15.5285654,15.4282026,8.77558421E-07
20,8,16.0190735,15.4282026,15.4388371,8.77558421E-07
20,9,16.0190735,15.4388371,15.7252712,8.77558421E-07
20,10,16.0190735,15.7252712,15.8095131,8.77558421E-07
20,11,16.0190735,15.8095131,15.7763681,8.77558421E-07
20,12,16.0190735,15.7763681,15.6269083,8.77558421E-07
20,13,16.0190735,15.6269083,15.2670002,8.77558421E-07
20,14,16.0190735,15.2670002,14.9403391,8.77558421E-07
20,15,16.0190735,14.9403391,15.0456123,8.77558421E-07
20,16,16.0190735,15.0456123,15.1492090,8.77558421E-07
20,17,16.0190735,15.1492090,15.4049559,8.77558421E-07
20,18,16.0190735,15.4049559,15.4356050,8.77558421E-07
20,19,16.0190735,15.4356050,15.8564672,8.77558421E-07
20,20,16.0190735,15.8564672,16.0190735,8.77558421E-07
21,1,26.6030731,24.7206993,24.3714523,2.50331941E-05
21,2,26.6030731,24.3714523,24.3290997,2.50331941E-05
21,3,26.6030731,24.3290997,24.6037197,2.50331941E-05
21,4,26.6030731,24.6037197,24.8247757,2.50331941E-05
21,5,26.6030731,24.8247757,25.1012363,2.50331941E-05
21,6,26.6030731,25.1012363,25.5987339,2.50331941E-05
21,7,26.6030731,25.5987339,25.7114849,2.50331941E-05
21,8,26.6030731,25.7114849,25.6377201,2.50331941E-05
21,9,26.6030731,25.6377201,26.5190792,2.50331941E-05
21,10,26.6030731,26.5190792,26.4099827,2.50331941E-05
21,11,26.6030731,26.4099827,26.2282181,2.50331941E-05
21,12,26.6030731,26.2282181,26.4767971,2.50331941E-05
21,13,26.6030731,26.4767971,26.8613529,2.50331941E-05
21,14,26.6030731,26.8613529,27.0139694,2.50331941E-05
21,15,26.6030731,27.0139694,26.8463535,2.50331941E-05
21,16,26.6030731,26.8463535,26.5136528,2.50331941E-05
21,17,26.6030731,26.5136528,26.2353058,2.50331941E-05
21,18,26.6030731,26.2353058,26.1566410,2.50331941E-05
21,19,26.6030731,26.1566410,26.3029041,2.50331941E-05
21,20,26.6030731,26.3029041,26.6030731,2.50331941E-05
22,1,17.2209396,9.86235142,10.1947575,1.57753020E-05
22,2,17.2209396,10.1947575,10.7464647,1.57753020E-05
22,3,17.2209396,10.7464647,10.9908762,1.57753020E-05
22,4,17.2209396,10.9908762,10.9680204,1.57753020E-05
22,5,17.2209396,10.9680204,11.2927446,1.57753020E-05
22,6,17.2209396,11.2927446,11.8491554,1.57753020E-05
22,7,17.2209396,11.8491554,12.4400272,1.57753020E-05
22,8,17.2209396,12.4400272,13.1272364,1.57753020E-05
22,9,17.2209396,13.1272364,13.4394588,1.57753020E-05
22,10,17.2209396,13.4394588,13.5344877,1.57753020E-05
22,11,17.2209396,13.5344877,13.7546434,1.57753020E-05
22,12,17.2209396,13.7546434,14.6365147,1.57753020E-05
22,13,17.2209396,14.6365147,15.4456415,1.57753020E-05
22,14,17.2209396,15.4456415,15.7584333,1.57753020E-05
22,15,17.2209396,15.7584333,15.7988911,1.57753020E-05
22,16,17.2209396,15.7988911,15.6209393,1.57753020E-05
22,17,17.2209396,15.6209393,15.4390326,1.57753020E-05
22,18,17.2209396,15.4390326,15.6929169,1.57753020E-05
22,19,17.2209396,15.6929169,16.4247456,1.57753020E-05
22,20,17.2209396,16.4247456,17.2209396,1.57753020E-05
23,1,9.76138783,5.87562895,6.15418243,2.65869749E-05
23,2,9.76138783,6.15418243,6.42726183,2.65869749E-05
23,3,9.76138783,6.42726183,6.59641171,2.65869749E-05
23,4,9.76138783,6.59641171,6.61147976,2.65869749E-05
23,5,9.76138783,6.61147976,6.41445637,2.65869749E-05
23,6,9.76138783,6.41445637,6.54494476,2.65869749E-05
23,7,9.76138783,6.54494476,6.67286015,2.65869749E-05
23,8,9.76138783,6.67286015,7.09568453,2.65869749E-05
23,9,9.76138783,7.09568453,7.39048243,2.65869749E-05
23,10,9.76138783,7.39048243,7.17941856,2.65869749E-05
23,11,9.76138783,7.17941856,7.37676382,2.65869749E-05
23,12,9.76138783,7.37676382,8.03490829,2.65869749E-05
23,13,9.76138783,8.03490829,8.43454456,2.65869749E-05
23,14,9.76138783,8.43454456,8.63199902,2.65869749E-05
23,15,9.76138783,8.63199902,8.69260311,2.65869749E-05
23,16,9.76138783,8.69260311,8.76213074,2.65869749E-05
23,17,9.76138783,8.76213074,9.27227879,2.65869749E-05
23,18,9.76138783,9.27227879,9.66482925,2.65869749E-05
23,19,9.76138783,9.66482925,9.66559887,2.65869749E-05
23,20,9.76138783,9.66559887,9.76138783,2.65869749E-05
24,1,29.3501301,26.6030731,27.4117699,6.15158206E-06
24,2,29.3501301,27.4117699,27.8573360,6.15158206E-06
24,3,29.3501301,27.8573360,28.6338425,6.15158206E-06
24,4,29.3501301,28.6338425,29.3681831,6.15158206E-06
24,5,29.3501301,29.3681831,28.6740322,6.15158206E-06
24,6,29.3501301,28.6740322,27.7250290,6.15158206E-06
24,7,29.3501301,27.7250290,27.9573727,6.15158206E-06
24,8,29.3501301,27.9573727,29.1415615,6.15158206E-06
24,9,29.3501301,29.1415615,29.2847633,6.15158206E-06
24,10,29.3501301,29.2847633,28.3504047,6.15158206E-06
24,11,29.3501301,28.3504047,27.6663380,6.15158206E-06
24,12,29.3501301,27.6663380,27.4625645,6.15158206E-06
24,13,29.3501301,27.4625645,27.8168736,6.15158206E-06
24,14,29.3501301,27.8168736,28.1750584,6.15158206E-06
24,15,29.3501301,28.1750584,28.3837585,6.15158206E-06
24,16,29.3501301,28.3837585,28.5657673,6.15158206E-06
24,17,29.3501301,28.5657673,28.8161736,6.15158206E-06
24,18,29.3501301,28.8161736,29.1041107,6.15158206E-06
24,19,29.3501301,29.1041107,29.3361492,6.15158206E-06
24,20,29.3501301,29.3361492,29.3501301,6.15158206E-06
25,1,47.3124962,44.0427933,43.7249947,1.30481176E-05
25,2,47.3124962,43.7249947,44.2215538,1.30481176E-05
25,3,47.3124962,44.2215538,44.1786232,1.30481176E-05
25,4,47.3124962,44.1786232,44.6511612,1.30481176E-05
25,5,47.3124962,44.6511612,44.2377434,1.30481176E-05
25,6,47.3124962,44.2377434,44.2219810,1.30481176E-05
25,7,47.3124962,44.2219810,45.0879211,1.30481176E-05
25,8,47.3124962,45.0879211,45.8826714,1.30481176E-05
25,9,47.3124962,45.8826714,46.1428566,1.30481176E-05
25,10,47.3124962,46.1428566,45.4380989,1.30481176E-05
25,11,47.3124962,45.4380989,44.1954117,1.30481176E-05
25,12,47.3124962,44.1954117,44.0866890,1.30481176E-05
25,13,47.3124962,44.0866890,44.8077812,1.30481176E-05
25,14,47.3124962,44.8077812,45.7099800,1.30481176E-05
25,15,47.3124962,45.7099800,46.2150345,1.30481176E-05
25,16,47.3124962,46.2150345,46.3067245,1.30481176E-05
25,17,47.3124962,46.3067245,46.5830421,1.30481176E-05
25,18,47.3124962,46.5830421,46.9170418,1.30481176E-05
25,19,47.3124962,46.9170418,46.3528442,1.30481176E-05
25,20,47.3124962,46.3528442,47.3124962,1.30481176E-05
26,1,14.7861185,9.76138783,8.91694164,4.55355666E-06
26,2,14.7861185,8.91694164,9.73461819,4.55355666E-06
26,3,14.7861185,9.73461819,10.1112194,4.55355666E-06
26,4,14.7861185,10.1112194,10.5515852,4.55355666E-06
26,5,14.7861185,10.5515852,10.4457006,4.55355666E-06
26,6,14.7861185,10.4457006,10.4793358,4.55355666E-06
26,7,14.7861185,10.4793358,11.8100386,4.55355666E-06
26,8,14.7861185,11.8100386,11.9030008,4.55355666E-06
26,9,14.7861185,11.9030008,11.2483244,4.55355666E-06
26,10,14.7861185,11.2483244,11.7841463,4.55355666E-06
26,11,14.7861185,11.7841463,13.4139700,4.55355666E-06
26,12,14.7861185,13.4139700,12.4126463,4.55355666E-06
26,13,14.7861185,12.4126463,12.5404768,4.55355666E-06
26,14,14.7861185,12.5404768,12.7558584,4.55355666E-06
26,15,14.7861185,12.7558584,13.7068834,4.55355666E-06
26,16,14.7861185,13.7068834,14.0620480,4.55355666E-06
26,17,14.7861185,14.0620480,14.0102720,4.55355666E-06
26,18,14.7861185,14.0102720,14.6716318,4.55355666E-06
26,19,14.7861185,14.6716318,14.4523096,4.55355666E-06
26,20,14.7861185,14.4523096,14.7861185,4.55355666E-06
27,1,40.2022209,29.3501301,30.3739338,3.53892428E-05
27,2,40.2022209,30.3739338,31.3916855,3.53892428E-05
27,3,40.2022209,31.3916855,33.0258484,3.53892428E-05
27,4,40.2022209,33.0258484,34.0784950,3.53892428E-05
27,5,40.2022209,34.0784950,34.1941414,3.53892428E-05
27,6,40.2022209,34.1941414,33.5743141,3.53892428E-05
27,7,40.2022209,33.5743141,32.7188301,3.53892428E-05
27,8,40.2022209,32.7188301,32.5414925,3.53892428E-05
27,9,40.2022209,32.5414925,33.1072159,3.53892428E-05
27,10,40.2022209,33.1072159,34.8975677,3.53892428E-05
27,11,40.2022209,34.8975677,36.6519547,3.53892428E-05
27,12,40.2022209,36.6519547,37.3296471,3.53892428E-05
27,13,40.2022209,37.3296471,38.6235542,3.53892428E-05
27,14,40.2022209,38.6235542,39.3307266,3.53892428E-05
27,15,40.2022209,39.3307266,42.8261452,3.53892428E-05
27,16,40.2022209,42.8261452,41.7799110,3.53892428E-05
27,17,40.2022209,41.7799110,42.5900230,3.53892428E-05
27,18,40.2022209,42.5900230,42.3964653,3.53892428E-05
27,19,40.2022209,42.3964653,39.8392677,3.53892428E-05
27,20,40.2022209,39.8392677,40.2022209,3.53892428E-05
28,1,81.8668976,47.3124962,49.3325386,2.58571163E-05
28,2,81.8668976,49.3325386,49.2389030,2.58571163E-05
28,3,81.8668976,49.2389030,50.7993813,2.58571163E-05
28,4,81.8668976,50.7993813,53.0475082,2.58571163E-05
28,5,81.8668976,53.0475082,55.5505943,2.58571163E-05
28,6,81.8668976,55.5505943,61.1814117,2.58571163E-05
28,7,81.8668976,61.1814117,57.5333939,2.58571163E-05
28,8,81.8668976,57.5333939,61.7286530,2.58571163E-05
28,9,81.8668976,61.7286530,62.1606178,2.58571163E-05
28,10,81.8668976,62.1606178,63.4569473,2.58571163E-05
28,11,81.8668976,63.4569473,69.5578995,2.58571163E-05
28,12,81.8668976,69.5578995,70.4243698,2.58571163E-05
28,13,81.8668976,70.4243698,70.2310715,2.58571163E-05
28,14,81.8668976,70.2310715,72.6842728,2.58571163E-05
28,15,81.8668976,72.6842728,70.4002304,2.58571163E-05
28,16,81.8668976,70.4002304,75.9278336,2.58571163E-05
28,17,81.8668976,75.9278336,82.0279617,2.58571163E-05
28,18,81.8668976,82.0279617,83.6132889,2.58571163E-05
28,19,81.8668976,83.6132889,79.1880417,2.58571163E-05
28,20,81.8668976,79.1880417,81.8668976,2.58571163E-05
29,1,15.8403120,16.2462101,16.2456264,5.29521276E-06
29,2,15.8403120,16.2456264,16.2001152,5.29521276E-06
29,3,15.8403120,16.2001152,16.1034088,5.29521276E-06
29,4,15.8403120,16.1034088,16.5092964,5.29521276E-06
29,5,15.8403120,16.5092964,17.0813713,5.29521276E-06
29,6,15.8403120,17.0813713,17.5368881,5.29521276E-06
29,7,15.8403120,17.5368881,17.0842991,5.29521276E-06
29,8,15.8403120,17.0842991,17.0910130,5.29521276E-06
29,9,15.8403120,17.0910130,17.5011425,5.29521276E-06
29,10,15.8403120,17.5011425,17.6942787,5.29521276E-06
29,11,15.8403120,17.6942787,18.5905991,5.29521276E-06
29,12,15.8403120,18.5905991,18.2954769,5.29521276E-06
29,13,15.8403120,18.2954769,19.3636398,5.29521276E-06
29,14,15.8403120,19.3636398,20.1714287,5.29521276E-06
29,15,15.8403120,20.1714287,19.4864159,5.29521276E-06
29,16,15.8403120,19.4864159,19.0337296,5.29521276E-06
29,17,15.8403120,19.0337296,18.7920780,5.29521276E-06
29,18,15.8403120,18.7920780,18.1296177,5.29521276E-06
29,19,15.8403120,18.1296177,16.8248940,5.29521276E-06
29,20,15.8403120,16.8248940,15.8403120,5.29521276E-06
30,1,53.5019531,40.2022209,44.9539642,1.10747442E-05
30,2,53.5019531,44.9539642,42.8413887,1.10747442E-05
30,3,53.5019531,42.8413887,42.3049202,1.10747442E-05
30,4,53.5019531,42.3049202,44.4677849,1.10747442E-05
30,5,53.5019531,44.4677849,45.4366570,1.10747442E-05
30,6,53.5019531,45.4366570,49.3714561,1.10747442E-05
30,7,53.5019531,49.3714561,47.2625999,1.10747442E-05
30,8,53.5019531,47.2625999,42.4716606,1.10747442E-05
30,9,53.5019531,42.4716606,44.8556175,1.10747442E-05
30,10,53.5019531,44.8556175,44.5680962,1.10747442E-05
30,11,53.5019531,44.5680962,44.1147766,1.10747442E-05
30,12,53.5019531,44.1147766,47.1873055,1.10747442E-05
30,13,53.5019531,47.1873055,52.9072456,1.10747442E-05
30,14,53.5019531,52.9072456,51.9125404,1.10747442E-05
30,15,53.5019531,51.9125404,49.9863815,1.10747442E-05
30,16,53.5019531,49.9863815,44.7002296,1.10747442E-05
30,17,53.5019531,44.7002296,44.7277107,1.10747442E-05
30,18,53.5019531,44.7277107,49.0742035,1.10747442E-05
30,19,53.5019531,49.0742035,50.8241615,1.10747442E-05
30,20,53.5019531,50.8241615,53.5019531,1.10747442E-05
31,1,96.5085983,88.5657272,88.5637970,3.97984650E-06
31,2,96.5085983,88.5637970,88.2095566,3.97984650E-06
31,3,96.5085983,88.2095566,88.9063416,3.97984650E-06
31,4,96.5085983,88.9063416,87.5875015,3.97984650E-06
31,5,96.5085983,87.5875015,94.1962814,3.97984650E-06
31,6,96.5085983,94.1962814,93.1155319,3.97984650E-06
31,7,96.5085983,93.1155319,92.3350143,3.97984650E-06
31,8,96.5085983,92.3350143,92.7062302,3.97984650E-06
31,9,96.5085983,92.7062302,93.6677094,3.97984650E-06
31,10,96.5085983,93.6677094,89.6178055,3.97984650E-06
31,11,96.5085983,89.6178055,87.7941589,3.97984650E-06
31,12,96.5085983,87.7941589,93.1435165,3.97984650E-06
31,13,96.5085983,93.1435165,94.7274857,3.97984650E-06
31,14,96.5085983,94.7274857,90.7839584,3.97984650E-06
31,15,96.5085983,90.7839584,87.7887802,3.97984650E-06
31,16,96.5085983,87.7887802,91.3254013,3.97984650E-06
31,17,96.5085983,91.3254013,93.1748276,3.97984650E-06
31,18,96.5085983,93.1748276,97.8183823,3.97984650E-06
31,19,96.5085983,97.8183823,97.5238037,3.97984650E-06
31,20,96.5085983,97.5238037,96.5085983,3.97984650E-06
32,1,1300.57922,111.737381,132.318329,4.90672073E-06
32,2,1300.57922,132.318329,161.640137,4.90672073E-06
32,3,1300.57922,161.640137,197.414154,4.90672073E-06
32,4,1300.57922,197.414154,251.235168,4.90672073E-06
32,5,1300.57922,251.235168,338.451172,4.90672073E-06
32,6,1300.57922,338.451172,473.369354,4.90672073E-06
32,7,1300.57922,473.369354,663.747925,4.90672073E-06
32,8,1300.57922,663.747925,906.516724,4.90672073E-06
32,9,1300.57922,906.516724,1183.74365,4.90672073E-06
32,10,1300.57922,1183.74365,1461.63098,4.90672073E-06
32,11,1300.57922,1461.63098,1696.99243,4.90672073E-06
32,12,1300.57922,1696.99243,1851.42773,4.90672073E-06
32,13,1300.57922,1851.42773,1906.35864,4.90672073E-06
32,14,1300.57922,1906.35864,1869.70508,4.90672073E-06
32,15,1300.57922,1869.70508,1770.28857,4.90672073E-06
32,16,1300.57922,1770.28857,1644.21082,4.90672073E-06
32,17,1300.57922,1644.21082,1521.61426,4.90672073E-06
32,18,1300.57922,1521.61426,1420.15247,4.90672073E-06
32,19,1300.57922,1420.15247,1346.20422,4.90672073E-06
32,20,1300.57922,1346.20422,1300.57922,4.90672073E-06
33,1,111.887123,104.788727,102.686455,3.68639448E-05
33,2,111.887123,102.686455,102.101486,3.68639448E-05
33,3,111.887123,102.101486,98.9148407,3.68639448E-05
33,4,111.887123,98.9148407,96.7058182,3.68639448E-05
33,5,111.887123,96.7058182,98.9712906,3.68639448E-05
33,6,111.887123,98.9712906,101.606445,3.68639448E-05
33,7,111.887123,101.606445,100.841026,3.68639448E-05
33,8,111.887123,100.841026,102.898689,3.68639448E-05
33,9,111.887123,102.898689,103.580124,3.68639448E-05
33,10,111.887123,103.580124,107.166840,3.68639448E-05
33,11,111.887123,107.166840,104.232140,3.68639448E-05
33,12,111.887123,104.232140,105.106903,3.68639448E-05
33,13,111.887123,105.106903,100.932381,3.68639448E-05
33,14,111.887123,100.932381,103.049538,3.68639448E-05
33,15,111.887123,103.049538,103.232567,3.68639448E-05
33,16,111.887123,103.232567,103.277878,3.68639448E-05
33,17,111.887123,103.277878,108.636536,3.68639448E-05
33,18,111.887123,108.636536,110.499123,3.68639448E-05
33,19,111.887123,110.499123,109.031876,3.68639448E-05
33,20,111.887123,109.031876,111.887123,3.68639448E-05
34,1,1468.95679,1300.57922,1294.60010,3.37582992E-06
34,2,1468.95679,1294.60010,1289.83093,3.37582992E-06
34,3,1468.95679,1289.83093,1286.30127,3.37582992E-06
34,4,1468.95679,1286.30127,1284.04907,3.37582992E-06
34,5,1468.95679,1284.04907,1283.12109,3.37582992E-06
34,6,1468.95679,1283.12109,1283.57056,3.37582992E-06
34,7,1468.95679,1283.57056,1285.45752,3.37582992E-06
34,8,1468.95679,1285.45752,1288.84619,3.37582992E-06
34,9,1468.95679,1288.84619,1293.80420,3.37582992E-06
34,10,1468.95679,1293.80420,1300.40063,3.37582992E-06
34,11,1468.95679,1300.40063,1308.70398,3.37582992E-06
34,12,1468.95679,1308.70398,1318.78052,3.37582992E-06
34,13,1468.95679,1318.78052,1330.69214,3.37582992E-06
34,14,1468.95679,1330.69214,1344.49500,3.37582992E-06
34,15,1468.95679,1344.49500,1360.23706,3.37582992E-06
34,16,1468.95679,1360.23706,1377.95679,3.37582992E-06
34,17,1468.95679,1377.95679,1397.68140,3.37582992E-06
34,18,1468.95679,1397.68140,1419.42505,3.37582992E-06
34,19,1468.95679,1419.42505,1443.18835,3.37582992E-06
34,20,1468.95679,1443.18835,1468.95679,3.37582992E-06
35,1,1476.74658,1468.95679,1469.30579,9.58640230E-05
35,2,1476.74658,1469.30579,1469.65002,9.58640230E-05
35,3,1476.74658,1469.65002,1470.02576,9.58640230E-05
35,4,1476.74658,1470.02576,1470.44226,9.58640230E-05
35,5,1476.74658,1470.44226,1470.85767,9.58640230E-05
35,6,1476.74658,1470.85767,1471.27258,9.58640230E-05
35,7,1476.74658,1471.27258,1471.70483,9.58640230E-05
35,8,1476.74658,1471.70483,1472.13306,9.58640230E-05
35,9,1476.74658,1472.13306,1472.43555,9.58640230E-05
35,10,1476.74658,1472.43555,1472.65515,9.58640230E-05
35,11,1476.74658,1472.65515,1472.86719,9.58640230E-05
35,12,1476.74658,1472.86719,1473.11768,9.58640230E-05
35,13,1476.74658,1473.11768,1473.38928,9.58640230E-05
35,14,1476.74658,1473.38928,1473.73291,9.58640230E-05
35,15,1476.74658,1473.73291,1474.20422,9.58640230E-05
35,16,1476.74658,1474.20422,1474.74585,9.58640230E-05
35,17,1476.74658,1474.74585,1475.33435,9.58640230E-05
35,18,1476.74658,1475.33435,1475.92261,9.58640230E-05
35,19,1476.74658,1475.92261,1476.42419,9.58640230E-05
35,20,1476.74658,1476.42419,1476.74658,9.58640230E-05
36,1,4063.30469,1558.61353,1631.75208,6.39838472E-05
36,2,4063.30469,1631.75208,1711.17725,6.39838472E-05
36,3,4063.30469,1711.17725,1796.15771,6.39838472E-05
36,4,4063.30469,1796.15771,1886.22473,6.39838472E-05
36,5,4063.30469,1886.22473,1981.24084,6.39838472E-05
36,6,4063.30469,1981.24084,2081.38159,6.39838472E-05
36,7,4063.30469,2081.38159,2187.06641,6.39838472E-05
36,8,4063.30469,2187.06641,2298.86304,6.39838472E-05
36,9,4063.30469,2298.86304,2417.37329,6.39838472E-05
36,10,4063.30469,2417.37329,2543.11279,6.39838472E-05
36,11,4063.30469,2543.11279,2676.38525,6.39838472E-05
36,12,4063.30469,2676.38525,2817.16797,6.39838472E-05
36,13,4063.30469,2817.16797,2965.01733,6.39838472E-05
36,14,4063.30469,2965.01733,3119.00513,6.39838472E-05
36,15,4063.30469,3119.00513,3277.70117,6.39838472E-05
36,16,4063.30469,3277.70117,3439.19556,6.39838472E-05
36,17,4063.30469,3439.19556,3601.17456,6.39838472E-05
36,18,4063.30469,3601.17456,3761.02856,6.39838472E-05
36,19,4063.30469,3761.02856,3915.99292,6.39838472E-05
36,20,4063.30469,3915.99292,4063.30469,6.39838472E-05
37,1,3942.14771,4063.30469,4258.77490,2.58991258E-06
37,2,3942.14771,4258.77490,4428.07666,2.58991258E-06
37,3,3942.14771,4428.07666,4565.37988,2.58991258E-06
37,4,3942.14771,4565.37988,4666.89844,2.58991258E-06
37,5,3942.14771,4666.89844,4731.15283,2.58991258E-06
37,6,3942.14771,4731.15283,4758.92480,2.58991258E-06
37,7,3942.14771,4758.92480,4752.96045,2.58991258E-06
37,8,3942.14771,4752.96045,4717.50732,2.58991258E-06
37,9,3942.14771,4717.50732,4657.78467,2.58991258E-06
37,10,3942.14771,4657.78467,4579.50537,2.58991258E-06
37,11,3942.14771,4579.50537,4488.49951,2.58991258E-06
37,12,3942.14771,4488.49951,4390.46875,2.58991258E-06
37,13,3942.14771,4390.46875,4290.87402,2.58991258E-06
37,14,3942.14771,4290.87402,4194.89697,2.58991258E-06
37,15,3942.14771,4194.89697,4107.43652,2.58991258E-06
37,16,3942.14771,4107.43652,4033.08130,2.58991258E-06
37,17,3942.14771,4033.08130,3976.03882,2.58991258E-06
37,18,3942.14771,3976.03882,3940.00708,2.58991258E-06
37,19,3942.14771,3940.00708,3927.99927,2.58991258E-06
37,20,3942.14771,3927.99927,3942.14771,2.58991258E-06
38,1,4116.41309,3942.14771,4023.49023,3.78136315E-06
38,2,4116.41309,4023.49023,4186.80225,3.78136315E-06
38,3,4116.41309,4186.80225,4420.83984,3.78136315E-06
38,4,4116.41309,4420.83984,4703.20557,3.78136315E-06
38,5,4116.41309,4703.20557,5003.10205,3.78136315E-06
38,6,4116.41309,5003.10205,5285.89990,3.78136315E-06
38,7,4116.41309,5285.89990,5518.50928,3.78136315E-06
38,8,4116.41309,5518.50928,5674.38232,3.78136315E-06
38,9,4116.41309,5674.38232,5737.19629,3.78136315E-06
38,10,4116.41309,5737.19629,5702.62842,3.78136315E-06
38,11,4116.41309,5702.62842,5578.16650,3.78136315E-06
38,12,4116.41309,5578.16650,5381.23633,3.78136315E-06
38,13,4116.41309,5381.23633,5136.20996,3.78136315E-06
38,14,4116.41309,5136.20996,4870.92578,3.78136315E-06
38,15,4116.41309,4870.92578,4613.27881,3.78136315E-06
38,16,4116.41309,4613.27881,4388.30518,3.78136315E-06
38,17,4116.41309,4388.30518,4216.00000,3.78136315E-06
38,18,4116.41309,4216.00000,4109.95898,3.78136315E-06
38,19,4116.41309,4109.95898,4076.82153,3.78136315E-06
38,20,4116.41309,4076.82153,4116.41309,3.78136315E-06
39,1,5575.07275,4116.41309,4195.06396,1.24079259E-06
39,2,5575.07275,4195.06396,4307.55664,1.24079259E-06
39,3,5575.07275,4307.55664,4447.32959,1.24079259E-06
39,4,5575.07275,4447.32959,4606.93994,1.24079259E-06
39,5,5575.07275,4606.93994,4778.47754,1.24079259E-06
39,6,5575.07275,4778.47754,4953.96631,1.24079259E-06
39,7,5575.07275,4953.96631,5125.74170,1.24079259E-06
39,8,5575.07275,5125.74170,5286.80371,1.24079259E-06
39,9,5575.07275,5286.80371,5431.11035,1.24079259E-06
39,10,5575.07275,5431.11035,5553.83154,1.24079259E-06
39,11,5575.07275,5553.83154,5651.53955,1.24079259E-06
39,12,5575.07275,5651.53955,5722.33057,1.24079259E-06
39,13,5575.07275,5722.33057,5765.87793,1.24079259E-06
39,14,5575.07275,5765.87793,5783.41650,1.24079259E-06
39,15,5575.07275,5783.41650,5777.66016,1.24079259E-06
39,16,5575.07275,5777.66016,5752.65186,1.24079259E-06
39,17,5575.07275,5752.65186,5713.56738,1.24079259E-06
39,18,5575.07275,5713.56738,5666.46436,1.24079259E-06
39,19,5575.07275,5666.46436,5617.99121,1.24079259E-06
39,20,5575.07275,5617.99121,5575.07275,1.24079259E-06
40,1,5709.67090,5575.07275,5565.64990,9.15725614E-05
40,2,5709.67090,5565.64990,5557.22607,9.15725614E-05
40,3,5709.67090,5557.22607,5549.93359,9.15725614E-05
40,4,5709.67090,5549.93359,5543.89990,9.15725614E-05
40,5,5709.67090,5543.89990,5539.25098,9.15725614E-05
40,6,5709.67090,5539.25098,5536.10889,9.15725614E-05
40,7,5709.67090,5536.10889,5534.59082,9.15725614E-05
40,8,5709.67090,5534.59082,5534.81152,9.15725614E-05
40,9,5709.67090,5534.81152,5536.88330,9.15725614E-05
40,10,5709.67090,5536.88330,5540.91260,9.15725614E-05
40,11,5709.67090,5540.91260,5547.00293,9.15725614E-05
40,12,5709.67090,5547.00293,5555.25391,9.15725614E-05
40,13,5709.67090,5555.25391,5565.76221,9.15725614E-05
40,14,5709.67090,5565.76221,5578.61963,9.15725614E-05
40,15,5709.67090,5578.61963,5593.91357,9.15725614E-05
40,16,5709.67090,5593.91357,5611.72803,9.15725614E-05
40,17,5709.67090,5611.72803,5632.14062,9.15725614E-05
40,18,5709.67090,5632.14062,5655.22412,9.15725614E-05
40,19,5709.67090,5655.22412,5681.04688,9.15725614E-05
40,20,5709.67090,5681.04688,5709.67090,9.15725614E-05
41,1,6784.48730,5709.67090,5738.76025,1.94659992E-06
41,2,6784.48730,5738.76025,5770.43262,1.94659992E-06
41,3,6784.48730,5770.43262,5804.72314,1.94659992E-06
41,4,6784.48730,5804.72314,5841.66406,1.94659992E-06
41,5,6784.48730,5841.66406,5881.27686,1.94659992E-06
41,6,6784.48730,5881.27686,5923.58008,1.94659992E-06
41,7,6784.48730,5923.58008,5968.58350,1.94659992E-06
41,8,6784.48730,5968.58350,6016.28662,1.94659992E-06
41,9,6784.48730,6016.28662,6066.68213,1.94659992E-06
41,10,6784.48730,6066.68213,6119.74951,1.94659992E-06
41,11,6784.48730,6119.74951,6175.45898,1.94659992E-06
41,12,6784.48730,6175.45898,6233.76904,1.94659992E-06
41,13,6784.48730,6233.76904,6294.62451,1.94659992E-06
41,14,6784.48730,6294.62451,6357.95850,1.94659992E-06
41,15,6784.48730,6357.95850,6423.68994,1.94659992E-06
41,16,6784.48730,6423.68994,6491.72314,1.94659992E-06
41,17,6784.48730,6491.72314,6561.94971,1.94659992E-06
41,18,6784.48730,6561.94971,6634.24561,1.94659992E-06
41,19,6784.48730,6634.24561,6708.47559,1.94659992E-06
41,20,6784.48730,6708.47559,6784.48730,1.94659992E-06
42,1,7682.57568,6784.48730,6826.98877,9.58821965E-06
42,2,7682.57568,6826.98877,6869.94629,9.58821965E-06
42,3,7682.57568,6869.94629,6913.32910,9.58821965E-06
42,4,7682.57568,6913.32910,6957.10645,9.58821965E-06
42,5,7682.57568,6957.10645,7001.24609,9.58821965E-06
42,6,7682.57568,7001.24609,7045.71582,9.58821965E-06
42,7,7682.57568,7045.71582,7090.47998,9.58821965E-06
42,8,7682.57568,7090.47998,7135.50488,9.58821965E-06
42,9,7682.57568,7135.50488,7180.75391,9.58821965E-06
42,10,7682.57568,7180.75391,7226.19141,9.58821965E-06
42,11,7682.57568,7226.19141,7271.77930,9.58821965E-06
42,12,7682.57568,7271.77930,7317.48145,9.58821965E-06
42,13,7682.57568,7317.48145,7363.25977,9.58821965E-06
42,14,7682.57568,7363.25977,7409.07520,9.58821965E-06
42,15,7682.57568,7409.07520,7454.88965,9.58821965E-06
42,16,7682.57568,7454.88965,7500.66309,9.58821965E-06
42,17,7682.57568,7500.66309,7546.35742,9.58821965E-06
42,18,7682.57568,7546.35742,7591.93408,9.58821965E-06
42,19,7682.57568,7591.93408,7637.35254,9.58821965E-06
42,20,7682.57568,7637.35254,7682.57568,9.58821965E-06
43,1,7734.74609,7682.57568,7946.39697,2.08160163E-05
43,2,7734.74609,7946.39697,8190.19238,2.08160163E-05
43,3,7734.74609,8190.19238,8407.93652,2.08160163E-05
43,4,7734.74609,8407.93652,8595.13477,2.08160163E-05
43,5,7734.74609,8595.13477,8748.83984,2.08160163E-05
43,6,7734.74609,8748.83984,8867.51562,2.08160163E-05
43,7,7734.74609,8867.51562,8950.83203,2.08160163E-05
43,8,7734.74609,8950.83203,8999.44434,2.08160163E-05
43,9,7734.74609,8999.44434,9014.76660,2.08160163E-05
43,10,7734.74609,9014.76660,8998.78809,2.08160163E-05
43,11,7734.74609,8998.78809,8953.92480,2.08160163E-05
43,12,7734.74609,8953.92480,8882.90430,2.08160163E-05
43,13,7734.74609,8882.90430,8788.66699,2.08160163E-05
43,14,7734.74609,8788.66699,8674.28320,2.08160163E-05
43,15,7734.74609,8674.28320,8542.88574,2.08160163E-05
43,16,7734.74609,8542.88574,8397.58203,2.08160163E-05
43,17,7734.74609,8397.58203,8241.38672,2.08160163E-05
43,18,7734.74609,8241.38672,8077.14746,2.08160163E-05
43,19,7734.74609,8077.14746,7907.48486,2.08160163E-05
43,20,7734.74609,7907.48486,7734.74609,2.08160163E-05
44,1,7028.69238,7734.74609,7699.12402,6.46834596E-05
44,2,7028.69238,7699.12402,7663.44531,6.46834596E-05
44,3,7028.69238,7663.44531,7627.72656,6.46834596E-05
44,4,7028.69238,7627.72656,7591.98535,6.46834596E-05
44,5,7028.69238,7591.98535,7556.23779,6.46834596E-05
44,6,7028.69238,7556.23779,7520.49854,6.46834596E-05
44,7,7028.69238,7520.49854,7484.78320,6.46834596E-05
44,8,7028.69238,7484.78320,7449.10596,6.46834596E-05
44,9,7028.69238,7449.10596,7413.48193,6.46834596E-05
44,10,7028.69238,7413.48193,7377.92383,6.46834596E-05
44,11,7028.69238,7377.92383,7342.44434,6.46834596E-05
44,12,7028.69238,7342.44434,7307.05762,6.46834596E-05
44,13,7028.69238,7307.05762,7271.77441,6.46834596E-05
44,14,7028.69238,7271.77441,7236.60840,6.46834596E-05
44,15,7028.69238,7236.60840,7201.56982,6.46834596E-05
44,16,7028.69238,7201.56982,7166.67041,6.46834596E-05
44,17,7028.69238,7166.67041,7131.92285,6.46834596E-05
44,18,7028.69238,7131.92285,7097.33643,6.46834596E-05
44,19,7028.69238,7097.33643,7062.92285,6.46834596E-05
44,20,7028.69238,7062.92285,7028.69238,6.46834596E-05
45,1,5747.02051,7028.69238,6944.34814,3.22462292E-05
45,2,5747.02051,6944.34814,6861.38477,3.22462292E-05
45,3,5747.02051,6861.38477,6779.95996,3.22462292E-05
45,4,5747.02051,6779.95996,6700.23145,3.22462292E-05
45,5,5747.02051,6700.23145,6622.35107,3.22462292E-05
45,6,5747.02051,6622.35107,6546.46826,3.22462292E-05
45,7,5747.02051,6546.46826,6472.72510,3.22462292E-05
45,8,5747.02051,6472.72510,6401.25342,3.22462292E-05
45,9,5747.02051,6401.25342,6332.17627,3.22462292E-05
45,10,5747.02051,6332.17627,6265.59912,3.22462292E-05
45,11,5747.02051,6265.59912,6201.61328,3.22462292E-05
45,12,5747.02051,6201.61328,6140.28857,3.22462292E-05
45,13,5747.02051,6140.28857,6081.67725,3.22462292E-05
45,14,5747.02051,6081.67725,6025.80566,3.22462292E-05
45,15,5747.02051,6025.80566,5972.68066,3.22462292E-05
45,16,5747.02051,5972.68066,5922.28418,3.22462292E-05
45,17,5747.02051,5922.28418,5874.58105,3.22462292E-05
45,18,5747.02051,5874.58105,5829.51660,3.22462292E-05
45,19,5747.02051,5829.51660,5787.02246,3.22462292E-05
45,20,5747.02051,5787.02246,5747.02051,3.22462292E-05
46,1,5580.14795,5747.02051,5736.77197,2.52971950E-04
46,2,5580.14795,5736.77197,5726.73877,2.52971950E-04
46,3,5580.14795,5726.73877,5716.91895,2.52971950E-04
46,4,5580.14795,5716.91895,5707.30811,2.52971950E-04
46,5,5580.14795,5707.30811,5697.90381,2.52971950E-04
46,6,5580.14795,5697.90381,5688.70166,2.52971950E-04
46,7,5580.14795,5688.70166,5679.69971,2.52971950E-04
46,8,5580.14795,5679.69971,5670.89600,2.52971950E-04
46,9,5580.14795,5670.89600,5662.28662,2.52971950E-04
46,10,5580.14795,5662.28662,5653.87061,2.52971950E-04
46,11,5580.14795,5653.87061,5645.64697,2.52971950E-04
46,12,5580.14795,5645.64697,5637.61182,2.52971950E-04
46,13,5580.14795,5637.61182,5629.76514,2.52971950E-04
46,14,5580.14795,5629.76514,5622.10693,2.52971950E-04
46,15,5580.14795,5622.10693,5614.63623,2.52971950E-04
46,16,5580.14795,5614.63623,5607.35400,2.52971950E-04
46,17,5580.14795,5607.35400,5600.26221,2.52971950E-04
46,18,5580.14795,5600.26221,5593.36230,2.52971950E-04
46,19,5580.14795,5593.36230,5586.65625,2.52971950E-04
46,20,5580.14795,5586.65625,5580.14795,2.52971950E-04
47,1,5618.40283,5608.24561,5608.56543,6.97031719E-05
47,2,5618.40283,5608.56543,5608.79883,6.97031719E-05
47,3,5618.40283,5608.79883,5609.39404,6.97031719E-05
47,4,5618.40283,5609.39404,5609.76318,6.97031719E-05
47,5,5618.40283,5609.76318,5610.11719,6.97031719E-05
47,6,5618.40283,5610.11719,5611.23535,6.97031719E-05
47,7,5618.40283,5611.23535,5612.21777,6.97031719E-05
47,8,5618.40283,5612.21777,5612.81104,6.97031719E-05
47,9,5618.40283,5612.81104,5612.72510,6.97031719E-05
47,10,5618.40283,5612.72510,5613.24365,6.97031719E-05
47,11,5618.40283,5613.24365,5613.65039,6.97031719E-05
47,12,5618.40283,5613.65039,5614.81445,6.97031719E-05
47,13,5618.40283,5614.81445,5615.12695,6.97031719E-05
47,14,5618.40283,5615.12695,5614.79443,6.97031719E-05
47,15,5618.40283,5614.79443,5613.62158,6.97031719E-05
47,16,5618.40283,5613.62158,5613.15381,6.97031719E-05
47,17,5618.40283,5613.15381,5614.62598,6.97031719E-05
47,18,5618.40283,5614.62598,5616.42383,6.97031719E-05
47,19,5618.40283,5616.42383,5617.86572,6.97031719E-05
47,20,5618.40283,5617.86572,5618.40283,6.97031719E-05
48,1,5648.54980,5618.40283,5618.90967,1.13026661E-04
48,2,5648.54980,5618.90967,5620.94873,1.13026661E-04
48,3,5648.54980,5620.94873,5622.33350,1.13026661E-04
48,4,5648.54980,5622.33350,5623.64062,1.13026661E-04
48,5,5648.54980,5623.64062,5626.14600,1.13026661E-04
48,6,5648.54980,5626.14600,5628.54346,1.13026661E-04
48,7,5648.54980,5628.54346,5630.07422,1.13026661E-04
48,8,5648.54980,5630.07422,5631.62891,1.13026661E-04
48,9,5648.54980,5631.62891,5634.66211,1.13026661E-04
48,10,5648.54980,5634.66211,5635.67773,1.13026661E-04
48,11,5648.54980,5635.67773,5636.69189,1.13026661E-04
48,12,5648.54980,5636.69189,5637.27393,1.13026661E-04
48,13,5648.54980,5637.27393,5637.59082,1.13026661E-04
48,14,5648.54980,5637.59082,5637.04883,1.13026661E-04
48,15,5648.54980,5637.04883,5638.69922,1.13026661E-04
48,16,5648.54980,5638.69922,5642.42578,1.13026661E-04
48,17,5648.54980,5642.42578,5645.41406,1.13026661E-04
48,18,5648.54980,5645.41406,5646.61230,1.13026661E-04
48,19,5648.54980,5646.61230,5646.71484,1.13026661E-04
48,20,5648.54980,5646.71484,5648.54980,1.13026661E-04
49,1,5648.30127,5648.54980,5649.12793,5.57413659E-06
49,2,5648.30127,5649.12793,5649.73828,5.57413659E-06
49,3,5648.30127,5649.73828,5650.00684,5.57413659E-06
49,4,5648.30127,5650.00684,5649.85156,5.57413659E-06
49,5,5648.30127,5649.85156,5650.97559,5.57413659E-06
49,6,5648.30127,5650.97559,5651.92139,5.57413659E-06
49,7,5648.30127,5651.92139,5652.64160,5.57413659E-06
49,8,5648.30127,5652.64160,5651.93262,5.57413659E-06
49,9,5648.30127,5651.93262,5651.27197,5.57413659E-06
49,10,5648.30127,5651.27197,5651.67920,5.57413659E-06
49,11,5648.30127,5651.67920,5651.19043,5.57413659E-06
49,12,5648.30127,5651.19043,5650.94824,5.57413659E-06
49,13,5648.30127,5650.94824,5651.22705,5.57413659E-06
49,14,5648.30127,5651.22705,5650.46973,5.57413659E-06
49,15,5648.30127,5650.46973,5649.08350,5.57413659E-06
49,16,5648.30127,5649.08350,5648.27295,5.57413659E-06
49,17,5648.30127,5648.27295,5649.53955,5.57413659E-06
49,18,5648.30127,5649.53955,5649.65479,5.57413659E-06
49,19,5648.30127,5649.65479,5649.01514,5.57413659E-06
49,20,5648.30127,5649.01514,5648.30127,5.57413659E-06
50,1,5772.28174,5760.18848,5763.23486,6.00174026E-05
50,2,5772.28174,5763.23486,5759.56982,6.00174026E-05
50,3,5772.28174,5759.56982,5757.51709,6.00174026E-05
50,4,5772.28174,5757.51709,5759.88281,6.00174026E-05
50,5,5772.28174,5759.88281,5764.75586,6.00174026E-05
50,6,5772.28174,5764.75586,5763.94971,6.00174026E-05
50,7,5772.28174,5763.94971,5761.29395,6.00174026E-05
50,8,5772.28174,5761.29395,5757.43945,6.00174026E-05
50,9,5772.28174,5757.43945,5759.71680,6.00174026E-05
50,10,5772.28174,5759.71680,5756.17383,6.00174026E-05
50,11,5772.28174,5756.17383,5760.74170,6.00174026E-05
50,12,5772.28174,5760.74170,5759.66016,6.00174026E-05
50,13,5772.28174,5759.66016,5765.94043,6.00174026E-05
50,14,5772.28174,5765.94043,5766.26318,6.00174026E-05
50,15,5772.28174,5766.26318,5765.81738,6.00174026E-05
50,16,5772.28174,5765.81738,5766.52490,6.00174026E-05
50,17,5772.28174,5766.52490,5767.87061,6.00174026E-05
50,18,5772.28174,5767.87061,5773.16748,6.00174026E-05
50,19,5772.28174,5773.16748,5777.39795,6.00174026E-05
50,20,5772.28174,5777.39795,5772.28174,6.00174026E-05
51,1,5784.72119,5772.28174,5768.35498,1.06828393E-05
51,2,5784.72119,5768.35498,5765.81543,1.06828393E-05
51,3,5784.72119,5765.81543,5763.84619,1.06828393E-05
51,4,5784.72119,5763.84619,5765.60205,1.06828393E-05
51,5,5784.72119,5765.60205,5764.61523,1.06828393E-05
51,6,5784.72119,5764.61523,5768.23779,1.06828393E-05
51,7,5784.72119,5768.23779,5767.92627,1.06828393E-05
51,8,5784.72119,5767.92627,5771.58789,1.06828393E-05
51,9,5784.72119,5771.58789,5775.86768,1.06828393E-05
51,10,5784.72119,5775.86768,5778.18896,1.06828393E-05
51,11,5784.72119,5778.18896,5782.57666,1.06828393E-05
51,12,5784.72119,5782.57666,5779.90430,1.06828393E-05
51,13,5784.72119,5779.90430,5779.85889,1.06828393E-05
51,14,5784.72119,5779.85889,5775.25244,1.06828393E-05
51,15,5784.72119,5775.25244,5771.65088,1.06828393E-05
51,16,5784.72119,5771.65088,5769.37158,1.06828393E-05
51,17,5784.72119,5769.37158,5771.68115,1.06828393E-05
51,18,5784.72119,5771.68115,5777.95850,1.06828393E-05
51,19,5784.72119,5777.95850,5784.76611,1.06828393E-05
51,20,5784.72119,5784.76611,5784.72119,1.06828393E-05
52,1,5866.52832,5856.07959,5850.71387,4.80382460E-06
52,2,5866.52832,5850.71387,5842.54688,4.80382460E-06
52,3,5866.52832,5842.54688,5834.82080,4.80382460E-06
52,4,5866.52832,5834.82080,5829.89941,4.80382460E-06
52,5,5866.52832,5829.89941,5827.38086,4.80382460E-06
52,6,5866.52832,5827.38086,5826.99268,4.80382460E-06
52,7,5866.52832,5826.99268,5829.51953,4.80382460E-06
52,8,5866.52832,5829.51953,5834.42285,4.80382460E-06
52,9,5866.52832,5834.42285,5835.28809,4.80382460E-06
52,10,5866.52832,5835.28809,5834.91162,4.80382460E-06
52,11,5866.52832,5834.91162,5838.33496,4.80382460E-06
52,12,5866.52832,5838.33496,5843.49902,4.80382460E-06
52,13,5866.52832,5843.49902,5847.54199,4.80382460E-06
52,14,5866.52832,5847.54199,5862.32324,4.80382460E-06
52,15,5866.52832,5862.32324,5856.71875,4.80382460E-06
52,16,5866.52832,5856.71875,5859.96533,4.80382460E-06
52,17,5866.52832,5859.96533,5859.43359,4.80382460E-06
52,18,5866.52832,5859.43359,5855.00391,4.80382460E-06
52,19,5866.52832,5855.00391,5858.62354,4.80382460E-06
52,20,5866.52832,5858.62354,5866.52832,4.80382460E-06
53,1,5871.81836,5866.52832,5865.29053,2.06272191E-04
53,2,5871.81836,5865.29053,5869.85254,2.06272191E-04
53,3,5871.81836,5869.85254,5865.21143,2.06272191E-04
53,4,5871.81836,5865.21143,5864.61963,2.06272191E-04
53,5,5871.81836,5864.61963,5865.27979,2.06272191E-04
53,6,5871.81836,5865.27979,5867.45996,2.06272191E-04
53,7,5871.81836,5867.45996,5869.43164,2.06272191E-04
53,8,5871.81836,5869.43164,5869.01953,2.06272191E-04
53,9,5871.81836,5869.01953,5866.83936,2.06272191E-04
53,10,5871.81836,5866.83936,5866.87500,2.06272191E-04
53,11,5871.81836,5866.87500,5864.68213,2.06272191E-04
53,12,5871.81836,5864.68213,5866.29785,2.06272191E-04
53,13,5871.81836,5866.29785,5869.08643,2.06272191E-04
53,14,5871.81836,5869.08643,5871.29199,2.06272191E-04
53,15,5871.81836,5871.29199,5872.54102,2.06272191E-04
53,16,5871.81836,5872.54102,5872.06055,2.06272191E-04
53,17,5871.81836,5872.06055,5869.87988,2.06272191E-04
53,18,5871.81836,5869.87988,5869.16357,2.06272191E-04
53,19,5871.81836,5869.16357,5870.05176,2.06272191E-04
53,20,5871.81836,5870.05176,5871.81836,2.06272191E-04
54,1,5830.98926,5871.81836,5870.52881,5.29521049E-06
54,2,5830.98926,5870.52881,5866.25635,5.29521049E-06
54,3,5830.98926,5866.25635,5859.79639,5.29521049E-06
54,4,5830.98926,5859.79639,5856.07568,5.29521049E-06
54,5,5830.98926,5856.07568,5852.85498,5.29521049E-06
54,6,5830.98926,5852.85498,5845.55371,5.29521049E-06
54,7,5830.98926,5845.55371,5844.81348,5.29521049E-06
54,8,5830.98926,5844.81348,5851.05322,5.29521049E-06
54,9,5830.98926,5851.05322,5853.54492,5.29521049E-06
54,10,5830.98926,5853.54492,5851.43848,5.29521049E-06
54,11,5830.98926,5851.43848,5844.03467,5.29521049E-06
54,12,5830.98926,5844.03467,5838.56104,5.29521049E-06
54,13,5830.98926,5838.56104,5833.61914,5.29521049E-06
54,14,5830.98926,5833.61914,5832.66504,5.29521049E-06
54,15,5830.98926,5832.66504,5832.71875,5.29521049E-06
54,16,5830.98926,5832.71875,5834.74463,5.29521049E-06
54,17,5830.98926,5834.74463,5832.93408,5.29521049E-06
54,18,5830.98926,5832.93408,5831.43066,5.29521049E-06
54,19,5830.98926,5831.43066,5825.88574,5.29521049E-06
54,20,5830.98926,5825.88574,5830.98926,5.29521049E-06
55,1,5841.42090,5830.98926,5830.42188,2.34457020E-05
55,2,5841.42090,5830.42188,5832.03271,2.34457020E-05
55,3,5841.42090,5832.03271,5834.22461,2.34457020E-05
55,4,5841.42090,5834.22461,5841.31201,2.34457020E-05
55,5,5841.42090,5841.31201,5841.72705,2.34457020E-05
55,6,5841.42090,5841.72705,5842.42090,2.34457020E-05
55,7,5841.42090,5842.42090,5838.34863,2.34457020E-05
55,8,5841.42090,5838.34863,5840.48291,2.34457020E-05
55,9,5841.42090,5840.48291,5841.68994,2.34457020E-05
55,10,5841.42090,5841.68994,5849.13477,2.34457020E-05
55,11,5841.42090,5849.13477,5852.45264,2.34457020E-05
55,12,5841.42090,5852.45264,5859.43164,2.34457020E-05
55,13,5841.42090,5859.43164,5864.39209,2.34457020E-05
55,14,5841.42090,5864.39209,5865.05469,2.34457020E-05
55,15,5841.42090,5865.05469,5862.46875,2.34457020E-05
55,16,5841.42090,5862.46875,5857.90625,2.34457020E-05
55,17,5841.42090,5857.90625,5854.33350,2.34457020E-05
55,18,5841.42090,5854.33350,5848.16309,2.34457020E-05
55,19,5841.42090,5848.16309,5841.03223,2.34457020E-05
55,20,5841.42090,5841.03223,5841.42090,2.34457020E-05
56,1,5856.36768,5841.42090,5840.67383,9.55182895E-06
56,2,5856.36768,5840.67383,5841.06836,9.55182895E-06
56,3,5856.36768,5841.06836,5840.05664,9.55182895E-06
56,4,5856.36768,5840.05664,5843.90479,9.55182895E-06
56,5,5856.36768,5843.90479,5848.63623,9.55182895E-06
56,6,5856.36768,5848.63623,5852.21045,9.55182895E-06
56,7,5856.36768,5852.21045,5854.59766,9.55182895E-06
56,8,5856.36768,5854.59766,5860.94775,9.55182895E-06
56,9,5856.36768,5860.94775,5871.30322,9.55182895E-06
56,10,5856.36768,5871.30322,5886.67188,9.55182895E-06
56,11,5856.36768,5886.67188,5889.81445,9.55182895E-06
56,12,5856.36768,5889.81445,5891.87842,9.55182895E-06
56,13,5856.36768,5891.87842,5893.59082,9.55182895E-06
56,14,5856.36768,5893.59082,5894.22119,9.55182895E-06
56,15,5856.36768,5894.22119,5882.61865,9.55182895E-06
56,16,5856.36768,5882.61865,5867.79443,9.55182895E-06
56,17,5856.36768,5867.79443,5859.80322,9.55182895E-06
56,18,5856.36768,5859.80322,5862.17090,9.55182895E-06
56,19,5856.36768,5862.17090,5859.31152,9.55182895E-06
56,20,5856.36768,5859.31152,5856.36768,9.55182895E-06
57,1,5872.24365,5874.38916,5879.79834,6.39430982E-06
57,2,5872.24365,5879.79834,5888.63770,6.39430982E-06
57,3,5872.24365,5888.63770,5882.81152,6.39430982E-06
57,4,5872.24365,5882.81152,5866.32324,6.39430982E-06
57,5,5872.24365,5866.32324,5863.80762,6.39430982E-06
57,6,5872.24365,5863.80762,5869.57373,6.39430982E-06
57,7,5872.24365,5869.57373,5866.45801,6.39430982E-06
57,8,5872.24365,5866.45801,5854.36523,6.39430982E-06
57,9,5872.24365,5854.36523,5844.53467,6.39430982E-06
57,10,5872.24365,5844.53467,5850.47754,6.39430982E-06
57,11,5872.24365,5850.47754,5860.77148,6.39430982E-06
57,12,5872.24365,5860.77148,5860.81934,6.39430982E-06
57,13,5872.24365,5860.81934,5859.77539,6.39430982E-06
57,14,5872.24365,5859.77539,5866.66260,6.39430982E-06
57,15,5872.24365,5866.66260,5873.75195,6.39430982E-06
57,16,5872.24365,5873.75195,5873.71533,6.39430982E-06
57,17,5872.24365,5873.71533,5873.43701,6.39430982E-06
57,18,5872.24365,5873.43701,5867.20557,6.39430982E-06
57,19,5872.24365,5867.20557,5868.62012,6.39430982E-06
57,20,5872.24365,5868.62012,5872.24365,6.39430982E-06
58,1,5882.14160,5872.24365,5883.86426,3.16703845E-05
58,2,5882.14160,5883.86426,5871.38086,3.16703845E-05
58,3,5882.14160,5871.38086,5849.45410,3.16703845E-05
58,4,5882.14160,5849.45410,5858.50586,3.16703845E-05
58,5,5882.14160,5858.50586,5882.74854,3.16703845E-05
58,6,5882.14160,5882.74854,5876.19092,3.16703845E-05
58,7,5882.14160,5876.19092,5866.00439,3.16703845E-05
58,8,5882.14160,5866.00439,5891.74902,3.16703845E-05
58,9,5882.14160,5891.74902,5887.94189,3.16703845E-05
58,10,5882.14160,5887.94189,5865.41797,3.16703845E-05
58,11,5882.14160,5865.41797,5869.40918,3.16703845E-05
58,12,5882.14160,5869.40918,5881.72021,3.16703845E-05
58,13,5882.14160,5881.72021,5913.12744,3.16703845E-05
58,14,5882.14160,5913.12744,5905.04688,3.16703845E-05
58,15,5882.14160,5905.04688,5863.30713,3.16703845E-05
58,16,5882.14160,5863.30713,5837.05762,3.16703845E-05
58,17,5882.14160,5837.05762,5870.86670,3.16703845E-05
58,18,5882.14160,5870.86670,5900.88135,3.16703845E-05
58,19,5882.14160,5900.88135,5877.22412,3.16703845E-05
58,20,5882.14160,5877.22412,5882.14160,3.16703845E-05
