i,k,old_q,old_q_ch_in,old_q_ch_out,qlat_ch_old
1,1,27.1604023,0.00000000,1.37105012,3.15640173E-05
1,2,27.1604023,1.37105012,2.74146962,3.15640173E-05
1,3,27.1604023,2.74146962,4.11553097,3.15640173E-05
1,4,27.1604023,4.11553097,5.47912693,3.15640173E-05
1,5,27.1604023,5.47912693,6.85434818,3.15640173E-05
1,6,27.1604023,6.85434818,8.24667263,3.15640173E-05
1,7,27.1604023,8.24667263,9.55832291,3.15640173E-05
1,8,27.1604023,9.55832291,11.0111628,3.15640173E-05
1,9,27.1604023,11.0111628,12.2762489,3.15640173E-05
1,10,27.1604023,12.2762489,13.7825432,3.15640173E-05
1,11,27.1604023,13.7825432,15.0898352,3.15640173E-05
1,12,27.1604023,15.0898352,16.3942280,3.15640173E-05
1,13,27.1604023,16.3942280,17.7410412,3.15640173E-05
1,14,27.1604023,17.7410412,19.3400517,3.15640173E-05
1,15,27.1604023,19.3400517,20.6345997,3.15640173E-05
1,16,27.1604023,20.6345997,21.6942234,3.15640173E-05
1,17,27.1604023,21.6942234,23.3865242,3.15640173E-05
1,18,27.1604023,23.3865242,25.0373878,3.15640173E-05
1,19,27.1604023,25.0373878,25.5911121,3.15640173E-05
1,20,27.1604023,25.5911121,27.1604023,3.15640173E-05
2,1,6.85938883,0.00000000,0.345568120,1.39412732E-05
2,2,6.85938883,0.345568120,0.699977279,1.39412732E-05
2,3,6.85938883,0.699977279,1.00940537,1.39412732E-05
2,4,6.85938883,1.00940537,1.40847707,1.39412732E-05
2,5,6.85938883,1.40847707,1.74780059,1.39412732E-05
2,6,6.85938883,1.74780059,2.05573797,1.39412732E-05
2,7,6.85938883,2.05573797,2.39974928,1.39412732E-05
2,8,6.85938883,2.39974928,2.77078724,1.39412732E-05
2,9,6.85938883,2.77078724,3.14852619,1.39412732E-05
2,10,6.85938883,3.14852619,3.44752622,1.39412732E-05
2,11,6.85938883,3.44752622,3.80556774,1.39412732E-05
2,12,6.85938883,3.80556774,4.13023663,1.39412732E-05
2,13,6.85938883,4.13023663,4.47100306,1.39412732E-05
2,14,6.85938883,4.47100306,4.84806108,1.39412732E-05
2,15,6.85938883,4.84806108,5.22203112,1.39412732E-05
2,16,6.85938883,5.22203112,5.58942699,1.39412732E-05
2,17,6.85938883,5.58942699,5.90961075,1.39412732E-05
2,18,6.85938883,5.90961075,6.19988394,1.39412732E-05
2,19,6.85938883,6.19988394,6.49541950,1.39412732E-05
2,20,6.85938883,6.49541950,6.85938883,1.39412732E-05
3,1,4.50599194,0.00000000,0.225272387,3.36765970E-06
3,2,4.50599194,0.225272387,0.450544775,3.36765970E-06
3,3,4.50599194,0.450544775,0.675817132,3.36765970E-06
3,4,4.50599194,0.675817132,0.901089549,3.36765970E-06
3,5,4.50599194,0.901089549,1.12636197,3.36765970E-06
3,6,4.50599194,1.12636197,1.35163426,3.36765970E-06
3,7,4.50599194,1.35163426,1.57690716,3.36765970E-06
3,8,4.50599194,1.57690716,1.80217516,3.36765970E-06
3,9,4.50599194,1.80217516,2.02747297,3.36765970E-06
3,10,4.50599194,2.02747297,2.25263262,3.36765970E-06
3,11,4.50599194,2.25263262,2.47830153,3.36765970E-06
3,12,4.50599194,2.47830153,2.70249534,3.36765970E-06
3,13,4.50599194,2.70249534,2.92991853,3.36765970E-06
3,14,4.50599194,2.92991853,3.15246797,3.36765970E-06
3,15,4.50599194,3.15246797,3.37858462,3.36765970E-06
3,16,4.50599194,3.37858462,3.60799456,3.36765970E-06
3,17,4.50599194,3.60799456,3.82571936,3.36765970E-06
3,18,4.50599194,3.82571936,4.05316019,3.36765970E-06
3,19,4.50599194,4.05316019,4.28639555,3.36765970E-06
3,20,4.50599194,4.28639555,4.50599194,3.36765970E-06
4,1,27.6807976,0.00000000,1.39071333,2.26830816E-05
4,2,27.6807976,1.39071333,2.77832961,2.26830816E-05
4,3,27.6807976,2.77832961,4.15227795,2.26830816E-05
4,4,27.6807976,4.15227795,5.63064194,2.26830816E-05
4,5,27.6807976,5.63064194,6.84833574,2.26830816E-05
4,6,27.6807976,6.84833574,8.37642574,2.26830816E-05
4,7,27.6807976,8.37642574,9.78115273,2.26830816E-05
4,8,27.6807976,9.78115273,11.0593872,2.26830816E-05
4,9,27.6807976,11.0593872,12.4708214,2.26830816E-05
4,10,27.6807976,12.4708214,13.9652691,2.26830816E-05
4,11,27.6807976,13.9652691,15.4067726,2.26830816E-05
4,12,27.6807976,15.4067726,16.5364857,2.26830816E-05
4,13,27.6807976,16.5364857,18.0854340,2.26830816E-05
4,14,27.6807976,18.0854340,19.3658504,2.26830816E-05
4,15,27.6807976,19.3658504,20.6352558,2.26830816E-05
4,16,27.6807976,20.6352558,22.6710587,2.26830816E-05
4,17,27.6807976,22.6710587,23.6679611,2.26830816E-05
4,18,27.6807976,23.6679611,25.0045815,2.26830816E-05
4,19,27.6807976,25.0045815,26.3256741,2.26830816E-05
4,20,27.6807976,26.3256741,27.6807976,2.26830816E-05
5,1,3.15157294,0.00000000,0.158194795,2.69426528E-06
5,2,3.15157294,0.158194795,0.316386938,2.69426528E-06
5,3,3.15157294,0.316386938,0.474606752,2.69426528E-06
5,4,3.15157294,0.474606752,0.632658601,2.69426528E-06
5,5,3.15157294,0.632658601,0.791355789,2.69426528E-06
5,6,3.15157294,0.791355789,0.948492646,2.69426528E-06
5,7,3.15157294,0.948492646,1.10767841,2.69426528E-06
5,8,3.15157294,1.10767841,1.26674819,2.69426528E-06
5,9,3.15157294,1.26674819,1.42142558,2.69426528E-06
5,10,3.15157294,1.42142558,1.58304620,2.69426528E-06
5,11,3.15157294,1.58304620,1.73927903,2.69426528E-06
5,12,3.15157294,1.73927903,1.90552330,2.69426528E-06
5,13,3.15157294,1.90552330,2.04196429,2.69426528E-06
5,14,3.15157294,2.04196429,2.22877121,2.69426528E-06
5,15,3.15157294,2.22877121,2.35886645,2.69426528E-06
5,16,3.15157294,2.35886645,2.55115795,2.69426528E-06
5,17,3.15157294,2.55115795,2.67265964,2.69426528E-06
5,18,3.15157294,2.67265964,2.85523915,2.69426528E-06
5,19,3.15157294,2.85523915,3.00026298,2.69426528E-06
5,20,3.15157294,3.00026298,3.15157294,2.69426528E-06
6,1,4.59743881,0.00000000,0.229963228,1.51968452E-05
6,2,4.59743881,0.229963228,0.459566653,1.51968452E-05
6,3,4.59743881,0.459566653,0.685406446,1.51968452E-05
6,4,4.59743881,0.685406446,0.933018327,1.51968452E-05
6,5,4.59743881,0.933018327,1.13259625,1.51968452E-05
6,6,4.59743881,1.13259625,1.38114929,1.51968452E-05
6,7,4.59743881,1.38114929,1.62005103,1.51968452E-05
6,8,4.59743881,1.62005103,1.83208108,1.51968452E-05
6,9,4.59743881,1.83208108,2.05747271,1.51968452E-05
6,10,4.59743881,2.05747271,2.30399179,1.51968452E-05
6,11,4.59743881,2.30399179,2.54687500,1.51968452E-05
6,12,4.59743881,2.54687500,2.76084161,1.51968452E-05
6,13,4.59743881,2.76084161,2.96194839,1.51968452E-05
6,14,4.59743881,2.96194839,3.22820497,1.51968452E-05
6,15,4.59743881,3.22820497,3.39625835,1.51968452E-05
6,16,4.59743881,3.39625835,3.71632695,1.51968452E-05
6,17,4.59743881,3.71632695,3.92356920,1.51968452E-05
6,18,4.59743881,3.92356920,4.15652561,1.51968452E-05
6,19,4.59743881,4.15652561,4.36985064,1.51968452E-05
6,20,4.59743881,4.36985064,4.59743881,1.51968452E-05
7,1,0.555737793,0.00000000,2.80464217E-02,2.13118847E-06
7,2,0.555737793,2.80464217E-02,5.60372286E-02,2.13118847E-06
7,3,0.555737793,5.60372286E-02,8.41839686E-02,2.13118847E-06
7,4,0.555737793,8.41839686E-02,0.112385929,2.13118847E-06
7,5,0.555737793,0.112385929,0.139224261,2.13118847E-06
7,6,0.555737793,0.139224261,0.169763863,2.13118847E-06
7,7,0.555737793,0.169763863,0.194966078,2.13118847E-06
7,8,0.555737793,0.194966078,0.224854127,2.13118847E-06
7,9,0.555737793,0.224854127,0.253411710,2.13118847E-06
7,10,0.555737793,0.253411710,0.278891981,2.13118847E-06
7,11,0.555737793,0.278891981,0.306819499,2.13118847E-06
7,12,0.555737793,0.306819499,0.340166211,2.13118847E-06
7,13,0.555737793,0.340166211,0.360125661,2.13118847E-06
7,14,0.555737793,0.360125661,0.402311206,2.13118847E-06
7,15,0.555737793,0.402311206,0.413385510,2.13118847E-06
7,16,0.555737793,0.413385510,0.439907670,2.13118847E-06
7,17,0.555737793,0.439907670,0.488708615,2.13118847E-06
7,18,0.555737793,0.488708615,0.505981147,2.13118847E-06
7,19,0.555737793,0.505981147,0.528621674,2.13118847E-06
7,20,0.555737793,0.528621674,0.555737793,2.13118847E-06
8,1,0.874986351,0.00000000,4.37542871E-02,5.83633300E-06
8,2,0.874986351,4.37542871E-02,8.74432325E-02,5.83633300E-06
8,3,0.874986351,8.74432325E-02,0.130389199,5.83633300E-06
8,4,0.874986351,0.130389199,0.177552789,5.83633300E-06
8,5,0.874986351,0.177552789,0.215504885,5.83633300E-06
8,6,0.874986351,0.215504885,0.262719303,5.83633300E-06
8,7,0.874986351,0.262719303,0.308273375,5.83633300E-06
8,8,0.874986351,0.308273375,0.348650485,5.83633300E-06
8,9,0.874986351,0.348650485,0.391411722,5.83633300E-06
8,10,0.874986351,0.391411722,0.438276649,5.83633300E-06
8,11,0.874986351,0.438276649,0.484506905,5.83633300E-06
8,12,0.874986351,0.484506905,0.525777996,5.83633300E-06
8,13,0.874986351,0.525777996,0.563102424,5.83633300E-06
8,14,0.874986351,0.563102424,0.614605188,5.83633300E-06
8,15,0.874986351,0.614605188,0.646163166,5.83633300E-06
8,16,0.874986351,0.646163166,0.706399381,5.83633300E-06
8,17,0.874986351,0.706399381,0.746574104,5.83633300E-06
8,18,0.874986351,0.746574104,0.791122913,5.83633300E-06
8,19,0.874986351,0.791122913,0.831733465,5.83633300E-06
8,20,0.874986351,0.831733465,0.874986351,5.83633300E-06
9,1,0.792372108,0.00000000,3.89214754E-02,6.06886351E-06
9,2,0.792372108,3.89214754E-02,8.01289380E-02,6.06886351E-06
9,3,0.792372108,8.01289380E-02,0.113331117,6.06886351E-06
9,4,0.792372108,0.113331117,0.156766906,6.06886351E-06
9,5,0.792372108,0.156766906,0.199942693,6.06886351E-06
9,6,0.792372108,0.199942693,0.235323012,6.06886351E-06
9,7,0.792372108,0.235323012,0.271310806,6.06886351E-06
9,8,0.792372108,0.271310806,0.310537934,6.06886351E-06
9,9,0.792372108,0.310537934,0.349190116,6.06886351E-06
9,10,0.792372108,0.349190116,0.400618196,6.06886351E-06
9,11,0.792372108,0.400618196,0.425514102,6.06886351E-06
9,12,0.792372108,0.425514102,0.468059301,6.06886351E-06
9,13,0.792372108,0.468059301,0.513414681,6.06886351E-06
9,14,0.792372108,0.513414681,0.547195554,6.06886351E-06
9,15,0.792372108,0.547195554,0.580028236,6.06886351E-06
9,16,0.792372108,0.580028236,0.620219111,6.06886351E-06
9,17,0.792372108,0.620219111,0.666432381,6.06886351E-06
9,18,0.792372108,0.666432381,0.710725307,6.06886351E-06
9,19,0.792372108,0.710725307,0.752164781,6.06886351E-06
9,20,0.792372108,0.752164781,0.792372108,6.06886351E-06
10,1,0.259058833,0.00000000,1.27046257E-02,2.62164849E-06
10,2,0.259058833,1.27046257E-02,2.62762196E-02,2.62164849E-06
10,3,0.259058833,2.62762196E-02,3.70463058E-02,2.62164849E-06
10,4,0.259058833,3.70463058E-02,5.08703552E-02,2.62164849E-06
10,5,0.259058833,5.08703552E-02,6.57692850E-02,2.62164849E-06
10,6,0.259058833,6.57692850E-02,7.67510682E-02,2.62164849E-06
10,7,0.259058833,7.67510682E-02,8.88844207E-02,2.62164849E-06
10,8,0.259058833,8.88844207E-02,0.101633102,2.62164849E-06
10,9,0.259058833,0.101633102,0.114181548,2.62164849E-06
10,10,0.259058833,0.114181548,0.129372030,2.62164849E-06
10,11,0.259058833,0.129372030,0.141265392,2.62164849E-06
10,12,0.259058833,0.141265392,0.151845038,2.62164849E-06
10,13,0.259058833,0.151845038,0.167442262,2.62164849E-06
10,14,0.259058833,0.167442262,0.179949433,2.62164849E-06
10,15,0.259058833,0.179949433,0.190457910,2.62164849E-06
10,16,0.259058833,0.190457910,0.202250749,2.62164849E-06
10,17,0.259058833,0.202250749,0.216267794,2.62164849E-06
10,18,0.259058833,0.216267794,0.231483936,2.62164849E-06
10,19,0.259058833,0.231483936,0.244903713,2.62164849E-06
10,20,0.259058833,0.244903713,0.259058833,2.62164849E-06
11,1,3.06328845,0.00000000,0.154797450,2.63797983E-06
11,2,3.06328845,0.154797450,0.309274733,2.63797983E-06
11,3,3.06328845,0.309274733,0.464600116,2.63797983E-06
11,4,3.06328845,0.464600116,0.620488763,2.63797983E-06
11,5,3.06328845,0.620488763,0.768049121,2.63797983E-06
11,6,3.06328845,0.768049121,0.937173426,2.63797983E-06
11,7,3.06328845,0.937173426,1.07627511,2.63797983E-06
11,8,3.06328845,1.07627511,1.24025607,2.63797983E-06
11,9,3.06328845,1.24025607,1.39933360,2.63797983E-06
11,10,3.06328845,1.39933360,1.54092228,2.63797983E-06
11,11,3.06328845,1.54092228,1.68942940,2.63797983E-06
11,12,3.06328845,1.68942940,1.88161480,2.63797983E-06
11,13,3.06328845,1.88161480,1.98193955,2.63797983E-06
11,14,3.06328845,1.98193955,2.22055626,2.63797983E-06
11,15,3.06328845,2.22055626,2.29982519,2.63797983E-06
11,16,3.06328845,2.29982519,2.40949821,2.63797983E-06
11,17,3.06328845,2.40949821,2.68845153,2.63797983E-06
11,18,3.06328845,2.68845153,2.80955744,2.63797983E-06
11,19,3.06328845,2.80955744,2.92189002,2.63797983E-06
11,20,3.06328845,2.92189002,3.06328845,2.63797983E-06
12,1,1.15283990,0.00000000,5.75654879E-02,1.39081681E-06
12,2,1.15283990,5.75654879E-02,0.114973575,1.39081681E-06
12,3,1.15283990,0.114973575,0.172374338,1.39081681E-06
12,4,1.15283990,0.172374338,0.232023478,1.39081681E-06
12,5,1.15283990,0.232023478,0.283960104,1.39081681E-06
12,6,1.15283990,0.283960104,0.348249316,1.39081681E-06
12,7,1.15283990,0.348249316,0.402765095,1.39081681E-06
12,8,1.15283990,0.402765095,0.457672268,1.39081681E-06
12,9,1.15283990,0.457672268,0.519427001,1.39081681E-06
12,10,1.15283990,0.519427001,0.578892887,1.39081681E-06
12,11,1.15283990,0.578892887,0.631489217,1.39081681E-06
12,12,1.15283990,0.631489217,0.683717668,1.39081681E-06
12,13,1.15283990,0.683717668,0.754044771,1.39081681E-06
12,14,1.15283990,0.754044771,0.794775009,1.39081681E-06
12,15,1.15283990,0.794775009,0.876326263,1.39081681E-06
12,16,1.15283990,0.876326263,0.931440711,1.39081681E-06
12,17,1.15283990,0.931440711,0.962785661,1.39081681E-06
12,18,1.15283990,0.962785661,1.03333867,1.39081681E-06
12,19,1.15283990,1.03333867,1.08854663,1.39081681E-06
12,20,1.15283990,1.08854663,1.15283990,1.39081681E-06
13,1,10.2088985,0.00000000,0.511231542,6.23893175E-06
13,2,10.2088985,0.511231542,1.02130151,6.23893175E-06
13,3,10.2088985,1.02130151,1.53397489,6.23893175E-06
13,4,10.2088985,1.53397489,2.05099416,6.23893175E-06
13,5,10.2088985,2.05099416,2.53340030,6.23893175E-06
13,6,10.2088985,2.53340030,3.09626603,6.23893175E-06
13,7,10.2088985,3.09626603,3.55689502,6.23893175E-06
13,8,10.2088985,3.55689502,4.08902740,6.23893175E-06
13,9,10.2088985,4.08902740,4.62520504,6.23893175E-06
13,10,10.2088985,4.62520504,5.10381889,6.23893175E-06
13,11,10.2088985,5.10381889,5.55475807,6.23893175E-06
13,12,10.2088985,5.55475807,6.22925997,6.23893175E-06
13,13,10.2088985,6.22925997,6.52401638,6.23893175E-06
13,14,10.2088985,6.52401638,7.31051397,6.23893175E-06
13,15,10.2088985,7.31051397,7.71288872,6.23893175E-06
13,16,10.2088985,7.71288872,7.91081905,6.23893175E-06
13,17,10.2088985,7.91081905,8.75487995,6.23893175E-06
13,18,10.2088985,8.75487995,9.35955715,6.23893175E-06
13,19,10.2088985,9.35955715,9.67305946,6.23893175E-06
13,20,10.2088985,9.67305946,10.2088985,6.23893175E-06
14,1,22.1654720,0.00000000,0.215931118,1.59208885E-05
14,2,22.1654720,0.215931118,0.430284888,1.59208885E-05
14,3,22.1654720,0.430284888,0.641280055,1.59208885E-05
14,4,22.1654720,0.641280055,0.847592413,1.59208885E-05
14,5,22.1654720,0.847592413,1.05008054,1.59208885E-05
14,6,22.1654720,1.05008054,1.25375092,1.59208885E-05
14,7,22.1654720,1.25375092,1.46952510,1.59208885E-05
14,8,22.1654720,1.46952510,1.71552110,1.59208885E-05
14,9,22.1654720,1.71552110,2.01774120,1.59208885E-05
14,10,22.1654720,2.01774120,2.41018867,1.59208885E-05
14,11,22.1654720,2.41018867,2.93447900,1.59208885E-05
14,12,22.1654720,2.93447900,3.63898325,1.59208885E-05
14,13,22.1654720,3.63898325,4.57746220,1.59208885E-05
14,14,22.1654720,4.57746220,5.80711174,1.59208885E-05
14,15,22.1654720,5.80711174,7.38594151,1.59208885E-05
14,16,22.1654720,7.38594151,9.36951065,1.59208885E-05
14,17,22.1654720,9.36951065,11.8071737,1.59208885E-05
14,18,22.1654720,11.8071737,14.7381668,1.59208885E-05
14,19,22.1654720,14.7381668,18.1879787,1.59208885E-05
14,20,22.1654720,18.1879787,22.1654720,1.59208885E-05
15,1,5.76969099,5.29836416,5.29562807,1.36312633E-06
15,2,5.76969099,5.29562807,5.31086969,1.36312633E-06
15,3,5.76969099,5.31086969,5.36299229,1.36312633E-06
15,4,5.76969099,5.36299229,5.37156725,1.36312633E-06
15,5,5.76969099,5.37156725,5.37177372,1.36312633E-06
15,6,5.76969099,5.37177372,5.38858652,1.36312633E-06
15,7,5.76969099,5.38858652,5.45308161,1.36312633E-06
15,8,5.76969099,5.45308161,5.44166565,1.36312633E-06
15,9,5.76969099,5.44166565,5.47285175,1.36312633E-06
15,10,5.76969099,5.47285175,5.54182768,1.36312633E-06
15,11,5.76969099,5.54182768,5.49090004,1.36312633E-06
15,12,5.76969099,5.49090004,5.55369568,1.36312633E-06
15,13,5.76969099,5.55369568,5.57135344,1.36312633E-06
15,14,5.76969099,5.57135344,5.48137188,1.36312633E-06
15,15,5.76969099,5.48137188,5.63740683,1.36312633E-06
15,16,5.76969099,5.63740683,5.79611111,1.36312633E-06
15,17,5.76969099,5.79611111,5.65195227,1.36312633E-06
15,18,5.76969099,5.65195227,5.60380077,1.36312633E-06
15,19,5.76969099,5.60380077,5.63576031,1.36312633E-06
15,20,5.76969099,5.63576031,5.76969099,1.36312633E-06
16,1,1.67718613,0.874986351,0.901810765,4.47868115E-06
16,2,1.67718613,0.901810765,0.943019271,4.47868115E-06
16,3,1.67718613,0.943019271,0.996682227,4.47868115E-06
16,4,1.67718613,0.996682227,1.04119229,4.47868115E-06
16,5,1.67718613,1.04119229,1.04124820,4.47868115E-06
16,6,1.67718613,1.04124820,1.06105173,4.47868115E-06
16,7,1.67718613,1.06105173,1.17822993,4.47868115E-06
16,8,1.67718613,1.17822993,1.16965306,4.47868115E-06
16,9,1.67718613,1.16965306,1.23193789,4.47868115E-06
16,10,1.67718613,1.23193789,1.22137177,4.47868115E-06
16,11,1.67718613,1.22137177,1.23448145,4.47868115E-06
16,12,1.67718613,1.23448145,1.32773864,4.47868115E-06
16,13,1.67718613,1.32773864,1.38774526,4.47868115E-06
16,14,1.67718613,1.38774526,1.45596218,4.47868115E-06
16,15,1.67718613,1.45596218,1.37751245,4.47868115E-06
16,16,1.67718613,1.37751245,1.41456103,4.47868115E-06
16,17,1.67718613,1.41456103,1.50871408,4.47868115E-06
16,18,1.67718613,1.50871408,1.54004657,4.47868115E-06
16,19,1.67718613,1.54004657,1.65634632,4.47868115E-06
16,20,1.67718613,1.65634632,1.67718613,4.47868115E-06
17,1,9.40922356,1.15283990,1.57708359,7.36729226E-06
17,2,9.40922356,1.57708359,2.01204705,7.36729226E-06
17,3,9.40922356,2.01204705,2.39021945,7.36729226E-06
17,4,9.40922356,2.39021945,2.81837773,7.36729226E-06
17,5,9.40922356,2.81837773,3.21518397,7.36729226E-06
17,6,9.40922356,3.21518397,3.67910767,7.36729226E-06
17,7,9.40922356,3.67910767,4.12075996,7.36729226E-06
17,8,9.40922356,4.12075996,4.48046732,7.36729226E-06
17,9,9.40922356,4.48046732,4.99138975,7.36729226E-06
17,10,9.40922356,4.99138975,5.41544533,7.36729226E-06
17,11,9.40922356,5.41544533,5.53254986,7.36729226E-06
17,12,9.40922356,5.53254986,6.04826021,7.36729226E-06
17,13,9.40922356,6.04826021,6.91038561,7.36729226E-06
17,14,9.40922356,6.91038561,7.17787647,7.36729226E-06
17,15,9.40922356,7.17787647,7.07055950,7.36729226E-06
17,16,9.40922356,7.07055950,7.77380562,7.36729226E-06
17,17,9.40922356,7.77380562,8.44269562,7.36729226E-06
17,18,9.40922356,8.44269562,8.92565441,7.36729226E-06
17,19,9.40922356,8.92565441,9.08612251,7.36729226E-06
17,20,9.40922356,9.08612251,9.40922356,7.36729226E-06
18,1,3.75368905,3.06328845,3.05735898,3.45056355E-06
18,2,3.75368905,3.05735898,3.21306133,3.45056355E-06
18,3,3.75368905,3.21306133,3.14393163,3.45056355E-06
18,4,3.75368905,3.14393163,3.15242457,3.45056355E-06
18,5,3.75368905,3.15242457,3.25786400,3.45056355E-06
18,6,3.75368905,3.25786400,3.34500265,3.45056355E-06
18,7,3.75368905,3.34500265,3.36127400,3.45056355E-06
18,8,3.75368905,3.36127400,3.33869839,3.45056355E-06
18,9,3.75368905,3.33869839,3.33125997,3.45056355E-06
18,10,3.75368905,3.33125997,3.36692142,3.45056355E-06
18,11,3.75368905,3.36692142,3.44090271,3.45056355E-06
18,12,3.75368905,3.44090271,3.53256178,3.45056355E-06
18,13,3.75368905,3.53256178,3.62110877,3.45056355E-06
18,14,3.75368905,3.62110877,3.69280815,3.45056355E-06
18,15,3.75368905,3.69280815,3.73962522,3.45056355E-06
18,16,3.75368905,3.73962522,3.76393628,3.45056355E-06
18,17,3.75368905,3.76393628,3.76270461,3.45056355E-06
18,18,3.75368905,3.76270461,3.74638176,3.45056355E-06
18,19,3.75368905,3.74638176,3.74790120,3.45056355E-06
18,20,3.75368905,3.74790120,3.75368905,3.45056355E-06
19,1,2.23639846,1.67718613,1.54090679,1.05678805E-06
19,2,2.23639846,1.54090679,1.74318624,1.05678805E-06
19,3,2.23639846,1.74318624,1.75417280,1.05678805E-06
19,4,2.23639846,1.75417280,1.66834831,1.05678805E-06
19,5,2.23639846,1.66834831,1.82289517,1.05678805E-06
19,6,2.23639846,1.82289517,1.84612942,1.05678805E-06
19,7,2.23639846,1.84612942,1.81032324,1.05678805E-06
19,8,2.23639846,1.81032324,1.84491444,1.05678805E-06
19,9,2.23639846,1.84491444,2.06299043,1.05678805E-06
19,10,2.23639846,2.06299043,1.79413772,1.05678805E-06
19,11,2.23639846,1.79413772,2.07038617,1.05678805E-06
19,12,2.23639846,2.07038617,2.01729918,1.05678805E-06
19,13,2.23639846,2.01729918,1.99647355,1.05678805E-06
19,14,2.23639846,1.99647355,2.12963104,1.05678805E-06
19,15,2.23639846,2.12963104,2.12647986,1.05678805E-06
19,16,2.23639846,2.12647986,2.18007874,1.05678805E-06
19,17,2.23639846,2.18007874,2.13917446,1.05678805E-06
19,18,2.23639846,2.13917446,2.19215798,1.05678805E-06
19,19,2.23639846,2.19215798,2.33752322,1.05678805E-06
19,20,2.23639846,2.33752322,2.23639846,1.05678805E-06
20,1,6.09781027,6.02874994,5.99873495,3.34015198E-07
20,2,6.09781027,5.99873495,5.90092850,3.34015198E-07
20,3,6.09781027,5.90092850,5.95529413,3.34015198E-07
20,4,6.09781027,5.95529413,6.03490114,3.34015198E-07
20,5,6.09781027,6.03490114,6.01147175,3.34015198E-07
20,6,6.09781027,6.01147175,5.91020393,3.34015198E-07
20,7,6.09781027,5.91020393,5.87213182,3.34015198E-07
20,8,6.09781027,5.87213182,5.87642813,3.34015198E-07
20,9,6.09781027,5.87642813,5.98557329,3.34015198E-07
20,10,6.09781027,5.98557329,6.01708317,3.34015198E-07
20,11,6.09781027,6.01708317,6.00478697,3.34015198E-07
20,12,6.09781027,6.00478697,5.94763184,3.34015198E-07
20,13,6.09781027,5.94763184,5.81112337,3.34015198E-07
20,14,6.09781027,5.81112337,5.68641233,3.34015198E-07
20,15,6.09781027,5.68641233,5.72696543,3.34015198E-07
20,16,6.09781027,5.72696543,5.76613855,3.34015198E-07
20,17,6.09781027,5.76613855,5.86354351,3.34015198E-07
20,18,6.09781027,5.86354351,5.87482595,3.34015198E-07
20,19,6.09781027,5.87482595,6.03497171,3.34015198E-07
20,20,6.09781027,6.03497171,6.09781027,3.34015198E-07
21,1,10.1257515,9.40922356,9.27625465,9.52810387E-06
21,2,10.1257515,9.27625465,9.26018715,9.52810387E-06
21,3,10.1257515,9.26018715,9.36454964,9.52810387E-06
21,4,10.1257515,9.36454964,9.44836807,9.52810387E-06
21,5,10.1257515,9.44836807,9.55402088,9.52810387E-06
21,6,10.1257515,9.55402088,9.74290657,9.52810387E-06
21,7,10.1257515,9.74290657,9.78741360,9.52810387E-06
21,8,10.1257515,9.78741360,9.75817490,9.52810387E-06
21,9,10.1257515,9.75817490,10.0934563,9.52810387E-06
21,10,10.1257515,10.0934563,10.0520926,9.52810387E-06
21,11,10.1257515,10.0520926,9.98294544,9.52810387E-06
21,12,10.1257515,9.98294544,10.0774508,9.52810387E-06
21,13,10.1257515,10.0774508,10.2238340,9.52810387E-06
21,14,10.1257515,10.2238340,10.2819920,9.52810387E-06
21,15,10.1257515,10.2819920,10.2181997,9.52810387E-06
21,16,10.1257515,10.2181997,10.0914450,9.52810387E-06
21,17,10.1257515,10.0914450,9.98587990,9.52810387E-06
21,18,10.1257515,9.98587990,9.95599079,9.52810387E-06
21,19,10.1257515,9.95599079,10.0113125,9.52810387E-06
21,20,10.1257515,10.0113125,10.1257515,9.52810387E-06
22,1,6.55471039,3.75368905,3.88039255,6.00437625E-06
22,2,6.55471039,3.88039255,4.09025097,6.00437625E-06
22,3,6.55471039,4.09025097,4.18341017,6.00437625E-06
22,4,6.55471039,4.18341017,4.17459679,6.00437625E-06
22,5,6.55471039,4.17459679,4.29811859,6.00437625E-06
22,6,6.55471039,4.29811859,4.51021814,6.00437625E-06
22,7,6.55471039,4.51021814,4.73483706,6.00437625E-06
22,8,6.55471039,4.73483706,4.99645233,6.00437625E-06
22,9,6.55471039,4.99645233,5.11540222,6.00437625E-06
22,10,6.55471039,5.11540222,5.15121269,6.00437625E-06
22,11,6.55471039,5.15121269,5.23530769,6.00437625E-06
22,12,6.55471039,5.23530769,5.57104063,6.00437625E-06
22,13,6.55471039,5.57104063,5.87895155,6.00437625E-06
22,14,6.55471039,5.87895155,5.99791288,6.00437625E-06
22,15,6.55471039,5.99791288,6.01356316,6.00437625E-06
22,16,6.55471039,6.01356316,5.94561481,6.00437625E-06
22,17,6.55471039,5.94561481,5.87628603,6.00437625E-06
22,18,6.55471039,5.87628603,5.97283745,6.00437625E-06
22,19,6.55471039,5.97283745,6.25139284,6.00437625E-06
22,20,6.55471039,6.25139284,6.55471039,6.00437625E-06
23,1,3.71535873,2.23639846,2.34238839,1.01195019E-05
23,2,3.71535873,2.34238839,2.44635701,1.01195019E-05
23,3,3.71535873,2.44635701,2.51069951,1.01195019E-05
23,4,3.71535873,2.51069951,2.51649666,1.01195019E-05
23,5,3.71535873,2.51649666,2.44148207,1.01195019E-05
23,6,3.71535873,2.44148207,2.49115586,1.01195019E-05
23,7,3.71535873,2.49115586,2.53984261,1.01195019E-05
23,8,3.71535873,2.53984261,2.70071101,1.01195019E-05
23,9,3.71535873,2.70071101,2.81290698,1.01195019E-05
23,10,3.71535873,2.81290698,2.73256969,1.01195019E-05
23,11,3.71535873,2.73256969,2.80775976,1.01195019E-05
23,12,3.71535873,2.80775976,3.05821586,1.01195019E-05
23,13,3.71535873,3.05821586,3.21037316,1.01195019E-05
23,14,3.71535873,3.21037316,3.28553176,1.01195019E-05
23,15,3.71535873,3.28553176,3.30860567,1.01195019E-05
23,16,3.71535873,3.30860567,3.33500767,1.01195019E-05
23,17,3.71535873,3.33500767,3.52928925,1.01195019E-05
23,18,3.71535873,3.52928925,3.67866087,1.01195019E-05
23,19,3.71535873,3.67866087,3.67874479,1.01195019E-05
23,20,3.71535873,3.67874479,3.71535873,1.01195019E-05
24,1,11.1713638,10.1257515,10.4333544,2.34140771E-06
24,2,11.1713638,10.4333544,10.6030931,2.34140771E-06
24,3,11.1713638,10.6030931,10.8987827,2.34140771E-06
24,4,11.1713638,10.8987827,11.1778164,2.34140771E-06
24,5,11.1713638,11.1778164,10.9137430,2.34140771E-06
24,6,11.1713638,10.9137430,10.5528021,2.34140771E-06
24,7,11.1713638,10.5528021,10.6413822,2.34140771E-06
24,8,11.1713638,10.6413822,11.0920820,2.34140771E-06
24,9,11.1713638,11.0920820,11.1457787,2.34140771E-06
24,10,11.1713638,11.1457787,10.7903118,2.34140771E-06
24,11,11.1713638,10.7903118,10.5307150,2.34140771E-06
24,12,11.1713638,10.5307150,10.4529257,2.34140771E-06
24,13,11.1713638,10.4529257,10.5877686,2.34140771E-06
24,14,11.1713638,10.5877686,10.7236519,2.34140771E-06
24,15,11.1713638,10.7236519,10.8036289,2.34140771E-06
24,16,11.1713638,10.8036289,10.8729725,2.34140771E-06
24,17,11.1713638,10.8729725,10.9676361,2.34140771E-06
24,18,11.1713638,10.9676361,11.0770321,2.34140771E-06
24,19,11.1713638,11.0770321,11.1662683,2.34140771E-06
24,20,11.1713638,11.1662683,11.1713638,2.34140771E-06
25,1,18.0101566,16.7636089,16.6427670,4.96635857E-06
25,2,18.0101566,16.6427670,16.8319645,4.96635857E-06
25,3,18.0101566,16.8319645,16.8149738,4.96635857E-06
25,4,18.0101566,16.8149738,16.9950733,4.96635857E-06
25,5,18.0101566,16.9950733,16.8376637,4.96635857E-06
25,6,18.0101566,16.8376637,16.8326321,4.96635857E-06
25,7,18.0101566,16.8326321,17.1614037,4.96635857E-06
25,8,18.0101566,17.1614037,17.4629440,4.96635857E-06
25,9,18.0101566,17.4629440,17.5622425,4.96635857E-06
25,10,18.0101566,17.5622425,17.2946930,4.96635857E-06
25,11,18.0101566,17.2946930,16.8216915,4.96635857E-06
25,12,18.0101566,16.8216915,16.7816067,4.96635857E-06
25,13,18.0101566,16.7816067,17.0565853,4.96635857E-06
25,14,18.0101566,17.0565853,17.3969250,4.96635857E-06
25,15,18.0101566,17.3969250,17.5906506,4.96635857E-06
25,16,18.0101566,17.5906506,17.6244717,4.96635857E-06
25,17,18.0101566,17.6244717,17.7287312,4.96635857E-06
25,18,18.0101566,17.7287312,17.8574753,4.96635857E-06
25,19,18.0101566,17.8574753,17.6418285,4.96635857E-06
25,20,18.0101566,17.6418285,18.0101566,4.96635857E-06
26,1,5.62795830,3.71535873,3.39397812,1.73316914E-06
26,2,5.62795830,3.39397812,3.70516539,1.73316914E-06
26,3,5.62795830,3.70516539,3.84853840,1.73316914E-06
26,4,5.62795830,3.84853840,4.01610088,1.73316914E-06
26,5,5.62795830,4.01610088,3.97589445,1.73316914E-06
26,6,5.62795830,3.97589445,3.98855734,1.73316914E-06
26,7,5.62795830,3.98855734,4.49520254,1.73316914E-06
26,8,5.62795830,4.49520254,4.53045321,1.73316914E-06
26,9,5.62795830,4.53045321,4.28136110,1.73316914E-06
26,10,5.62795830,4.28136110,4.48522997,1.73316914E-06
26,11,5.62795830,4.48522997,5.10567760,1.73316914E-06
26,12,5.62795830,5.10567760,4.72443199,1.73316914E-06
26,13,5.62795830,4.72443199,4.77315331,1.73316914E-06
26,14,5.62795830,4.77315331,4.85515547,1.73316914E-06
26,15,5.62795830,4.85515547,5.21705055,1.73316914E-06
26,16,5.62795830,5.21705055,5.35237312,1.73316914E-06
26,17,5.62795830,5.35237312,5.33244944,1.73316914E-06
26,18,5.62795830,5.33244944,5.58444691,1.73316914E-06
26,19,5.62795830,5.58444691,5.50070477,1.73316914E-06
26,20,5.62795830,5.50070477,5.62795830,1.73316914E-06
27,1,15.3019400,11.1713638,11.5610437,1.34698093E-05
27,2,15.3019400,11.5610437,11.9482603,1.34698093E-05
27,3,15.3019400,11.9482603,12.5702429,1.34698093E-05
27,4,15.3019400,12.5702429,12.9709044,1.34698093E-05
27,5,15.3019400,12.9709044,13.0148840,1.34698093E-05
27,6,15.3019400,13.0148840,12.7786760,1.34698093E-05
27,7,15.3019400,12.7786760,12.4534216,1.34698093E-05
27,8,15.3019400,12.4534216,12.3858080,1.34698093E-05
27,9,15.3019400,12.3858080,12.6014071,1.34698093E-05
27,10,15.3019400,12.6014071,13.2830782,1.34698093E-05
27,11,15.3019400,13.2830782,13.9506693,1.34698093E-05
27,12,15.3019400,13.9506693,14.2079182,1.34698093E-05
27,13,15.3019400,14.2079182,14.7009544,1.34698093E-05
27,14,15.3019400,14.7009544,14.9696293,1.34698093E-05
27,15,15.3019400,14.9696293,16.3004284,1.34698093E-05
27,16,15.3019400,16.3004284,15.9025059,1.34698093E-05
27,17,15.3019400,15.9025059,16.2104473,1.34698093E-05
27,18,15.3019400,16.2104473,16.1365757,1.34698093E-05
27,19,15.3019400,16.1365757,15.1640129,1.34698093E-05
27,20,15.3019400,15.1640129,15.3019400,1.34698093E-05
28,1,31.1601868,18.0101566,18.7747574,9.84170401E-06
28,2,31.1601868,18.7747574,18.7432175,9.84170401E-06
28,3,31.1601868,18.7432175,19.3335457,9.84170401E-06
28,4,31.1601868,19.3335457,20.1926823,9.84170401E-06
28,5,31.1601868,20.1926823,21.1411133,9.84170401E-06
28,6,31.1601868,21.1411133,23.2895889,9.84170401E-06
28,7,31.1601868,23.2895889,21.8958645,9.84170401E-06
28,8,31.1601868,21.8958645,23.4969769,9.84170401E-06
28,9,31.1601868,23.4969769,23.6580811,9.84170401E-06
28,10,31.1601868,23.6580811,24.1538296,9.84170401E-06
28,11,31.1601868,24.1538296,26.4745178,9.84170401E-06
28,12,31.1601868,26.4745178,26.8050632,9.84170401E-06
28,13,31.1601868,26.8050632,26.7312469,9.84170401E-06
28,14,31.1601868,26.7312469,27.6649208,9.84170401E-06
28,15,31.1601868,27.6649208,26.7961979,9.84170401E-06
28,16,31.1601868,26.7961979,28.8976479,9.84170401E-06
28,17,31.1601868,28.8976479,31.2237492,9.84170401E-06
28,18,31.1601868,31.2237492,31.8236675,9.84170401E-06
28,19,31.1601868,31.8236675,30.1406670,9.84170401E-06
28,20,31.1601868,30.1406670,31.1601868,9.84170401E-06
29,1,6.02910566,6.18369627,6.18336678,2.01545731E-06
29,2,6.02910566,6.18336678,6.16609669,2.01545731E-06
29,3,6.02910566,6.16609669,6.12929440,2.01545731E-06
29,4,6.02910566,6.12929440,6.28383112,2.01545731E-06
29,5,6.02910566,6.28383112,6.50152397,2.01545731E-06
29,6,6.02910566,6.50152397,6.67484236,2.01545731E-06
29,7,6.02910566,6.67484236,6.50270367,2.01545731E-06
29,8,6.02910566,6.50270367,6.50511646,2.01545731E-06
29,9,6.02910566,6.50511646,6.66112089,2.01545731E-06
29,10,6.02910566,6.66112089,6.73476839,2.01545731E-06
29,11,6.02910566,6.73476839,7.07609987,2.01545731E-06
29,12,6.02910566,7.07609987,6.96362734,2.01545731E-06
29,13,6.02910566,6.96362734,7.36988592,2.01545731E-06
29,14,6.02910566,7.36988592,7.67780685,2.01545731E-06
29,15,6.02910566,7.67780685,7.41711044,2.01545731E-06
29,16,6.02910566,7.41711044,7.24450684,2.01545731E-06
29,17,6.02910566,7.24450684,7.15229750,2.01545731E-06
29,18,6.02910566,7.15229750,6.90043449,2.01545731E-06
29,19,6.02910566,6.90043449,6.40408993,2.01545731E-06
29,20,6.02910566,6.40408993,6.02910566,2.01545731E-06
30,1,20.3634682,15.3019400,17.1100578,4.21525556E-06
30,2,20.3634682,17.1100578,16.3065643,4.21525556E-06
30,3,20.3634682,16.3065643,16.1019917,4.21525556E-06
30,4,20.3634682,16.1019917,16.9246922,4.21525556E-06
30,5,20.3634682,16.9246922,17.2944908,4.21525556E-06
30,6,20.3634682,17.2944908,18.7919903,4.21525556E-06
30,7,20.3634682,18.7919903,17.9888401,4.21525556E-06
30,8,20.3634682,17.9888401,16.1654186,4.21525556E-06
30,9,20.3634682,16.1654186,17.0725822,4.21525556E-06
30,10,20.3634682,17.0725822,16.9636955,4.21525556E-06
30,11,20.3634682,16.9636955,16.7911377,4.21525556E-06
30,12,20.3634682,16.7911377,17.9604034,4.21525556E-06
30,13,20.3634682,17.9604034,20.1374474,4.21525556E-06
30,14,20.3634682,20.1374474,19.7586365,4.21525556E-06
30,15,20.3634682,19.7586365,19.0256615,4.21525556E-06
30,16,20.3634682,19.0256615,17.0140152,4.21525556E-06
30,17,20.3634682,17.0140152,17.0243626,4.21525556E-06
30,18,20.3634682,17.0243626,18.6784363,4.21525556E-06
30,19,20.3634682,18.6784363,19.3449059,4.21525556E-06
30,20,20.3634682,19.3449059,20.3634682,4.21525556E-06
31,1,36.7313576,33.7099037,33.7088966,1.51480424E-06
31,2,36.7313576,33.7088966,33.5741615,1.51480424E-06
31,3,36.7313576,33.5741615,33.8392944,1.51480424E-06
31,4,36.7313576,33.8392944,33.3376808,1.51480424E-06
31,5,36.7313576,33.3376808,35.8526611,1.51480424E-06
31,6,36.7313576,35.8526611,35.4413872,1.51480424E-06
31,7,36.7313576,35.4413872,35.1448631,1.51480424E-06
31,8,36.7313576,35.1448631,35.2857323,1.51480424E-06
31,9,36.7313576,35.2857323,35.6519012,1.51480424E-06
31,10,36.7313576,35.6519012,34.1094246,1.51480424E-06
31,11,36.7313576,34.1094246,33.4169197,1.51480424E-06
31,12,36.7313576,33.4169197,35.4513168,1.51480424E-06
31,13,36.7313576,35.4513168,36.0563354,1.51480424E-06
31,14,36.7313576,36.0563354,34.5548782,1.51480424E-06
31,15,36.7313576,34.5548782,33.4124031,1.51480424E-06
31,16,36.7313576,33.4124031,34.7588310,1.51480424E-06
31,17,36.7313576,34.7588310,35.4650993,1.51480424E-06
31,18,36.7313576,35.4650993,37.2327652,1.51480424E-06
31,19,36.7313576,37.2327652,37.1188431,1.51480424E-06
31,20,36.7313576,37.1188431,36.7313576,1.51480424E-06
32,1,495.024200,42.5289383,50.3628616,1.86758996E-06
32,2,495.024200,50.3628616,61.5231934,1.86758996E-06
32,3,495.024200,61.5231934,75.1394882,1.86758996E-06
32,4,495.024200,75.1394882,95.6248093,1.86758996E-06
32,5,495.024200,95.6248093,128.820892,1.86758996E-06
32,6,495.024200,128.820892,180.173279,1.86758996E-06
32,7,495.024200,180.173279,252.634750,1.86758996E-06
32,8,495.024200,252.634750,345.036835,1.86758996E-06
32,9,495.024200,345.036835,450.554413,1.86758996E-06
32,10,495.024200,450.554413,556.323608,1.86758996E-06
32,11,495.024200,556.323608,645.906616,1.86758996E-06
32,12,495.024200,645.906616,704.687622,1.86758996E-06
32,13,495.024200,704.687622,725.595276,1.86758996E-06
32,14,495.024200,725.595276,711.643982,1.86758996E-06
32,15,495.024200,711.643982,673.804138,1.86758996E-06
32,16,495.024200,673.804138,625.816528,1.86758996E-06
32,17,495.024200,625.816528,579.153992,1.86758996E-06
32,18,495.024200,579.153992,540.535706,1.86758996E-06
32,19,495.024200,540.535706,512.389771,1.86758996E-06
32,20,495.024200,512.389771,495.024200,1.86758996E-06
33,1,42.5867691,39.8829308,39.0864105,1.40311104E-05
33,2,42.5867691,39.0864105,38.8615417,1.40311104E-05
33,3,42.5867691,38.8615417,37.6492653,1.40311104E-05
33,4,42.5867691,37.6492653,36.8097496,1.40311104E-05
33,5,42.5867691,36.8097496,37.6680031,1.40311104E-05
33,6,42.5867691,37.6680031,38.6735077,1.40311104E-05
33,7,42.5867691,38.6735077,38.3804817,1.40311104E-05
33,8,42.5867691,38.3804817,39.1675034,1.40311104E-05
33,9,42.5867691,39.1675034,39.4219170,1.40311104E-05
33,10,42.5867691,39.4219170,40.7905807,1.40311104E-05
33,11,42.5867691,40.7905807,39.6766052,1.40311104E-05
33,12,42.5867691,39.6766052,40.0058517,1.40311104E-05
33,13,42.5867691,40.0058517,38.4149818,1.40311104E-05
33,14,42.5867691,38.4149818,39.2204590,1.40311104E-05
33,15,42.5867691,39.2204590,39.2896881,1.40311104E-05
33,16,42.5867691,39.2896881,39.3150406,1.40311104E-05
33,17,42.5867691,39.3150406,41.3429756,1.40311104E-05
33,18,42.5867691,41.3429756,42.0578957,1.40311104E-05
33,19,42.5867691,42.0578957,41.5037651,1.40311104E-05
33,20,42.5867691,41.5037651,42.5867691,1.40311104E-05
34,1,559.111938,495.024200,492.748383,1.28490422E-06
34,2,559.111938,492.748383,490.933105,1.28490422E-06
34,3,559.111938,490.933105,489.589569,1.28490422E-06
34,4,559.111938,489.589569,488.732269,1.28490422E-06
34,5,559.111938,488.732269,488.378906,1.28490422E-06
34,6,559.111938,488.378906,488.549927,1.28490422E-06
34,7,559.111938,488.549927,489.268036,1.28490422E-06
34,8,559.111938,489.268036,490.557770,1.28490422E-06
34,9,559.111938,490.557770,492.444855,1.28490422E-06
34,10,559.111938,492.444855,494.955536,1.28490422E-06
34,11,559.111938,494.955536,498.115936,1.28490422E-06
34,12,559.111938,498.115936,501.951263,1.28490422E-06
34,13,559.111938,501.951263,506.485138,1.28490422E-06
34,14,559.111938,506.485138,511.738892,1.28490422E-06
34,15,559.111938,511.738892,517.730835,1.28490422E-06
34,16,559.111938,517.730835,524.475403,1.28490422E-06
34,17,559.111938,524.475403,531.983032,1.28490422E-06
34,18,559.111938,531.983032,540.259155,1.28490422E-06
34,19,559.111938,540.259155,549.304016,1.28490422E-06
34,20,559.111938,549.304016,559.111938,1.28490422E-06
35,1,562.076660,559.111938,559.244568,3.64876469E-05
35,2,562.076660,559.244568,559.374817,3.64876469E-05
35,3,562.076660,559.374817,559.518494,3.64876469E-05
35,4,562.076660,559.518494,559.677795,3.64876469E-05
35,5,562.076660,559.677795,559.836731,3.64876469E-05
35,6,562.076660,559.836731,559.993774,3.64876469E-05
35,7,562.076660,559.993774,560.159485,3.64876469E-05
35,8,562.076660,560.159485,560.318359,3.64876469E-05
35,9,562.076660,560.318359,560.439697,3.64876469E-05
35,10,562.076660,560.439697,560.520081,3.64876469E-05
35,11,562.076660,560.520081,560.599670,3.64876469E-05
35,12,562.076660,560.599670,560.695679,3.64876469E-05
35,13,562.076660,560.695679,560.797119,3.64876469E-05
35,14,562.076660,560.797119,560.929993,3.64876469E-05
35,15,562.076660,560.929993,561.106567,3.64876469E-05
35,16,562.076660,561.106567,561.315552,3.64876469E-05
35,17,562.076660,561.315552,561.539124,3.64876469E-05
35,18,562.076660,561.539124,561.765198,3.64876469E-05
35,19,562.076660,561.765198,561.953430,3.64876469E-05
35,20,562.076660,561.953430,562.076660,3.64876469E-05
36,1,1546.57043,593.236816,621.074890,2.43534541E-05
36,2,1546.57043,621.074890,651.305725,2.43534541E-05
36,3,1546.57043,651.305725,683.651184,2.43534541E-05
36,4,1546.57043,683.651184,717.932678,2.43534541E-05
36,5,1546.57043,717.932678,754.097778,2.43534541E-05
36,6,1546.57043,754.097778,792.213684,2.43534541E-05
36,7,1546.57043,792.213684,832.439697,2.43534541E-05
36,8,1546.57043,832.439697,874.991760,2.43534541E-05
36,9,1546.57043,874.991760,920.099121,2.43534541E-05
36,10,1546.57043,920.099121,967.958130,2.43534541E-05
36,11,1546.57043,967.958130,1018.68433,2.43534541E-05
36,12,1546.57043,1018.68433,1072.26892,2.43534541E-05
36,13,1546.57043,1072.26892,1128.54321,2.43534541E-05
36,14,1546.57043,1128.54321,1187.15393,2.43534541E-05
36,15,1546.57043,1187.15393,1247.55652,2.43534541E-05
36,16,1546.57043,1247.55652,1309.02441,2.43534541E-05
36,17,1546.57043,1309.02441,1370.67664,2.43534541E-05
36,18,1546.57043,1370.67664,1431.51941,2.43534541E-05
36,19,1546.57043,1431.51941,1490.50134,2.43534541E-05
36,20,1546.57043,1490.50134,1546.57043,2.43534541E-05
37,1,1500.45349,1546.57043,1620.97009,9.85769361E-07
37,2,1500.45349,1620.97009,1685.40991,9.85769361E-07
37,3,1500.45349,1685.40991,1737.67041,9.85769361E-07
37,4,1500.45349,1737.67041,1776.31091,9.85769361E-07
37,5,1500.45349,1776.31091,1800.76794,9.85769361E-07
37,6,1500.45349,1800.76794,1811.33887,9.85769361E-07
37,7,1500.45349,1811.33887,1809.06921,9.85769361E-07
37,8,1500.45349,1809.06921,1795.57483,9.85769361E-07
37,9,1500.45349,1795.57483,1772.84338,9.85769361E-07
37,10,1500.45349,1772.84338,1743.04895,9.85769361E-07
37,11,1500.45349,1743.04895,1708.41003,9.85769361E-07
37,12,1500.45349,1708.41003,1671.09741,9.85769361E-07
37,13,1500.45349,1671.09741,1633.18933,9.85769361E-07
37,14,1500.45349,1633.18933,1596.65857,9.85769361E-07
37,15,1500.45349,1596.65857,1563.36865,9.85769361E-07
37,16,1500.45349,1563.36865,1535.06689,9.85769361E-07
37,17,1500.45349,1535.06689,1513.35474,9.85769361E-07
37,18,1500.45349,1513.35474,1499.63977,9.85769361E-07
37,19,1500.45349,1499.63977,1495.06873,9.85769361E-07
37,20,1500.45349,1495.06873,1500.45349,9.85769361E-07
38,1,1566.77905,1500.45349,1531.41370,1.43925774E-06
38,2,1566.77905,1531.41370,1593.57324,1.43925774E-06
38,3,1566.77905,1593.57324,1682.65259,1.43925774E-06
38,4,1566.77905,1682.65259,1790.12683,1.43925774E-06
38,5,1566.77905,1790.12683,1904.27429,1.43925774E-06
38,6,1566.77905,1904.27429,2011.91382,1.43925774E-06
38,7,1566.77905,2011.91382,2100.44995,1.43925774E-06
38,8,1566.77905,2100.44995,2159.77905,1.43925774E-06
38,9,1566.77905,2159.77905,2183.68701,1.43925774E-06
38,10,1566.77905,2183.68701,2170.52905,1.43925774E-06
38,11,1566.77905,2170.52905,2123.15503,1.43925774E-06
38,12,1566.77905,2123.15503,2048.19800,1.43925774E-06
38,13,1566.77905,2048.19800,1954.93457,1.43925774E-06
38,14,1566.77905,1954.93457,1853.96143,1.43925774E-06
38,15,1566.77905,1853.96143,1755.89526,1.43925774E-06
38,16,1566.77905,1755.89526,1670.26575,1.43925774E-06
38,17,1566.77905,1670.26575,1604.68323,1.43925774E-06
38,18,1566.77905,1604.68323,1564.32202,1.43925774E-06
38,19,1566.77905,1564.32202,1551.70947,1.43925774E-06
38,20,1566.77905,1551.70947,1566.77905,1.43925774E-06
39,1,2121.97266,1566.77905,1596.71570,4.72268965E-07
39,2,2121.97266,1596.71570,1639.53345,4.72268965E-07
39,3,2121.97266,1639.53345,1692.73425,4.72268965E-07
39,4,2121.97266,1692.73425,1753.48572,4.72268965E-07
39,5,2121.97266,1753.48572,1818.77673,4.72268965E-07
39,6,2121.97266,1818.77673,1885.57104,4.72268965E-07
39,7,2121.97266,1885.57104,1950.95227,4.72268965E-07
39,8,2121.97266,1950.95227,2012.25476,4.72268965E-07
39,9,2121.97266,2012.25476,2067.17993,4.72268965E-07
39,10,2121.97266,2067.17993,2113.88940,4.72268965E-07
39,11,2121.97266,2113.88940,2151.07837,4.72268965E-07
39,12,2121.97266,2151.07837,2178.02222,4.72268965E-07
39,13,2121.97266,2178.02222,2194.59644,4.72268965E-07
39,14,2121.97266,2194.59644,2201.27173,4.72268965E-07
39,15,2121.97266,2201.27173,2199.08081,4.72268965E-07
39,16,2121.97266,2199.08081,2189.56226,4.72268965E-07
39,17,2121.97266,2189.56226,2174.68628,4.72268965E-07
39,18,2121.97266,2174.68628,2156.75757,4.72268965E-07
39,19,2121.97266,2156.75757,2138.30762,4.72268965E-07
39,20,2121.97266,2138.30762,2121.97266,4.72268965E-07
40,1,2173.20752,2121.97266,2118.38696,3.48542344E-05
40,2,2173.20752,2118.38696,2115.18140,3.48542344E-05
40,3,2173.20752,2115.18140,2112.40625,3.48542344E-05
40,4,2173.20752,2112.40625,2110.11035,3.48542344E-05
40,5,2173.20752,2110.11035,2108.34155,3.48542344E-05
40,6,2173.20752,2108.34155,2107.14600,3.48542344E-05
40,7,2173.20752,2107.14600,2106.56885,3.48542344E-05
40,8,2173.20752,2106.56885,2106.65356,3.48542344E-05
40,9,2173.20752,2106.65356,2107.44214,3.48542344E-05
40,10,2173.20752,2107.44214,2108.97583,3.48542344E-05
40,11,2173.20752,2108.97583,2111.29419,3.48542344E-05
40,12,2173.20752,2111.29419,2114.43506,3.48542344E-05
40,13,2173.20752,2114.43506,2118.43481,3.48542344E-05
40,14,2173.20752,2118.43481,2123.32837,3.48542344E-05
40,15,2173.20752,2123.32837,2129.14941,3.48542344E-05
40,16,2173.20752,2129.14941,2135.92969,3.48542344E-05
40,17,2173.20752,2135.92969,2143.69897,3.48542344E-05
40,18,2173.20752,2143.69897,2152.48462,3.48542344E-05
40,19,2173.20752,2152.48462,2162.31274,3.48542344E-05
40,20,2173.20752,2162.31274,2173.20752,3.48542344E-05
41,1,2582.30542,2173.20752,2184.27930,7.40912469E-07
41,2,2582.30542,2184.27930,2196.33447,7.40912469E-07
41,3,2582.30542,2196.33447,2209.38599,7.40912469E-07
41,4,2582.30542,2209.38599,2223.44604,7.40912469E-07
41,5,2582.30542,2223.44604,2238.52344,7.40912469E-07
41,6,2582.30542,2238.52344,2254.62451,7.40912469E-07
41,7,2582.30542,2254.62451,2271.75317,7.40912469E-07
41,8,2582.30542,2271.75317,2289.90991,7.40912469E-07
41,9,2582.30542,2289.90991,2309.09131,7.40912469E-07
41,10,2582.30542,2309.09131,2329.28979,7.40912469E-07
41,11,2582.30542,2329.28979,2350.49414,7.40912469E-07
41,12,2582.30542,2350.49414,2372.68799,7.40912469E-07
41,13,2582.30542,2372.68799,2395.85132,7.40912469E-07
41,14,2582.30542,2395.85132,2419.95752,7.40912469E-07
41,15,2582.30542,2419.95752,2444.97656,7.40912469E-07
41,16,2582.30542,2444.97656,2470.87183,7.40912469E-07
41,17,2582.30542,2470.87183,2497.60181,7.40912469E-07
41,18,2582.30542,2497.60181,2525.12012,7.40912469E-07
41,19,2582.30542,2525.12012,2553.37354,7.40912469E-07
41,20,2582.30542,2553.37354,2582.30542,7.40912469E-07
42,1,2924.13599,2582.30542,2598.48218,3.64945640E-06
42,2,2924.13599,2598.48218,2614.83276,3.64945640E-06
42,3,2924.13599,2614.83276,2631.34521,3.64945640E-06
42,4,2924.13599,2631.34521,2648.00806,3.64945640E-06
42,5,2924.13599,2648.00806,2664.80884,3.64945640E-06
42,6,2924.13599,2664.80884,2681.73462,3.64945640E-06
42,7,2924.13599,2681.73462,2698.77319,3.64945640E-06
42,8,2924.13599,2698.77319,2715.91040,3.64945640E-06
42,9,2924.13599,2715.91040,2733.13306,3.64945640E-06
42,10,2924.13599,2733.13306,2750.42749,3.64945640E-06
42,11,2924.13599,2750.42749,2767.77954,3.64945640E-06
42,12,2924.13599,2767.77954,2785.17480,3.64945640E-06
42,13,2924.13599,2785.17480,2802.59863,3.64945640E-06
42,14,2924.13599,2802.59863,2820.03638,3.64945640E-06
42,15,2924.13599,2820.03638,2837.47388,3.64945640E-06
42,16,2924.13599,2837.47388,2854.89624,3.64945640E-06
42,17,2924.13599,2854.89624,2872.28931,3.64945640E-06
42,18,2924.13599,2872.28931,2889.63647,3.64945640E-06
42,19,2924.13599,2889.63647,2906.92358,3.64945640E-06
42,20,2924.13599,2906.92358,2924.13599,3.64945640E-06
43,1,2944.00391,2924.13599,3024.55176,7.92296669E-06
43,2,2944.00391,3024.55176,3117.34473,7.92296669E-06
43,3,2944.00391,3117.34473,3200.22241,7.92296669E-06
43,4,2944.00391,3200.22241,3271.47485,7.92296669E-06
43,5,2944.00391,3271.47485,3329.97925,7.92296669E-06
43,6,2944.00391,3329.97925,3375.15015,7.92296669E-06
43,7,2944.00391,3375.15015,3406.86353,7.92296669E-06
43,8,2944.00391,3406.86353,3425.36743,7.92296669E-06
43,9,2944.00391,3425.36743,3431.20020,7.92296669E-06
43,10,2944.00391,3431.20020,3425.11938,7.92296669E-06
43,11,2944.00391,3425.11938,3408.04468,7.92296669E-06
43,12,2944.00391,3408.04468,3381.01343,7.92296669E-06
43,13,2944.00391,3381.01343,3345.14551,7.92296669E-06
43,14,2944.00391,3345.14551,3301.60962,7.92296669E-06
43,15,2944.00391,3301.60962,3251.59741,7.92296669E-06
43,16,2944.00391,3251.59741,3196.29224,7.92296669E-06
43,17,2944.00391,3196.29224,3136.84155,7.92296669E-06
43,18,2944.00391,3136.84155,3074.32837,7.92296669E-06
43,19,2944.00391,3074.32837,3009.75146,7.92296669E-06
43,20,2944.00391,3009.75146,2944.00391,7.92296669E-06
44,1,2675.27686,2944.00391,2930.44580,2.46197378E-05
44,2,2675.27686,2930.44580,2916.86670,2.46197378E-05
44,3,2675.27686,2916.86670,2903.27197,2.46197378E-05
44,4,2675.27686,2903.27197,2889.66846,2.46197378E-05
44,5,2675.27686,2889.66846,2876.06299,2.46197378E-05
44,6,2675.27686,2876.06299,2862.46069,2.46197378E-05
44,7,2675.27686,2862.46069,2848.86768,2.46197378E-05
44,8,2675.27686,2848.86768,2835.28882,2.46197378E-05
44,9,2675.27686,2835.28882,2821.72998,2.46197378E-05
44,10,2675.27686,2821.72998,2808.19653,2.46197378E-05
44,11,2675.27686,2808.19653,2794.69287,2.46197378E-05
44,12,2675.27686,2794.69287,2781.22461,2.46197378E-05
44,13,2675.27686,2781.22461,2767.79590,2.46197378E-05
44,14,2675.27686,2767.79590,2754.41162,2.46197378E-05
44,15,2675.27686,2754.41162,2741.07568,2.46197378E-05
44,16,2675.27686,2741.07568,2727.79297,2.46197378E-05
44,17,2675.27686,2727.79297,2714.56738,2.46197378E-05
44,18,2675.27686,2714.56738,2701.40332,2.46197378E-05
44,19,2675.27686,2701.40332,2688.30493,2.46197378E-05
44,20,2675.27686,2688.30493,2675.27686,2.46197378E-05
45,1,2187.43115,2675.27686,2643.17212,1.22735210E-05
45,2,2187.43115,2643.17212,2611.59302,1.22735210E-05
45,3,2187.43115,2611.59302,2580.59961,1.22735210E-05
45,4,2187.43115,2580.59961,2550.25171,1.22735210E-05
45,5,2187.43115,2550.25171,2520.60718,1.22735210E-05
45,6,2187.43115,2520.60718,2491.72314,1.22735210E-05
45,7,2187.43115,2491.72314,2463.65356,1.22735210E-05
45,8,2187.43115,2463.65356,2436.44922,1.22735210E-05
45,9,2187.43115,2436.44922,2410.15576,1.22735210E-05
45,10,2187.43115,2410.15576,2384.81421,1.22735210E-05
45,11,2187.43115,2384.81421,2360.45923,1.22735210E-05
45,12,2187.43115,2360.45923,2337.11768,1.22735210E-05
45,13,2187.43115,2337.11768,2314.80859,1.22735210E-05
45,14,2187.43115,2314.80859,2293.54248,1.22735210E-05
45,15,2187.43115,2293.54248,2273.32153,1.22735210E-05
45,16,2187.43115,2273.32153,2254.13989,1.22735210E-05
45,17,2187.43115,2254.13989,2235.98291,1.22735210E-05
45,18,2187.43115,2235.98291,2218.83057,1.22735210E-05
45,19,2187.43115,2218.83057,2202.65649,1.22735210E-05
45,20,2187.43115,2202.65649,2187.43115,1.22735210E-05
46,1,2123.91211,2187.43115,2183.53003,9.62858758E-05
46,2,2123.91211,2183.53003,2179.71118,9.62858758E-05
46,3,2123.91211,2179.71118,2175.97290,9.62858758E-05
46,4,2123.91211,2175.97290,2172.31421,9.62858758E-05
46,5,2123.91211,2172.31421,2168.73413,9.62858758E-05
46,6,2123.91211,2168.73413,2165.23120,9.62858758E-05
46,7,2123.91211,2165.23120,2161.80469,9.62858758E-05
46,8,2123.91211,2161.80469,2158.45337,9.62858758E-05
46,9,2123.91211,2158.45337,2155.17651,9.62858758E-05
46,10,2123.91211,2155.17651,2151.97290,9.62858758E-05
46,11,2123.91211,2151.97290,2148.84229,9.62858758E-05
46,12,2123.91211,2148.84229,2145.78394,9.62858758E-05
46,13,2123.91211,2145.78394,2142.79736,9.62858758E-05
46,14,2123.91211,2142.79736,2139.88257,9.62858758E-05
46,15,2123.91211,2139.88257,2137.03906,9.62858758E-05
46,16,2123.91211,2137.03906,2134.26733,9.62858758E-05
46,17,2123.91211,2134.26733,2131.56812,9.62858758E-05
46,18,2123.91211,2131.56812,2128.94189,9.62858758E-05
46,19,2123.91211,2128.94189,2126.38965,9.62858758E-05
46,20,2123.91211,2126.38965,2123.91211,9.62858758E-05
47,1,2138.46997,2134.60742,2134.72778,2.65303352E-05
47,2,2138.46997,2134.72778,2134.81738,2.65303352E-05
47,3,2138.46997,2134.81738,2135.04224,2.65303352E-05
47,4,2138.46997,2135.04224,2135.18311,2.65303352E-05
47,5,2138.46997,2135.18311,2135.31812,2.65303352E-05
47,6,2138.46997,2135.31812,2135.74487,2.65303352E-05
47,7,2138.46997,2135.74487,2136.11646,2.65303352E-05
47,8,2138.46997,2136.11646,2136.34106,2.65303352E-05
47,9,2138.46997,2136.34106,2136.31079,2.65303352E-05
47,10,2138.46997,2136.31079,2136.51172,2.65303352E-05
47,11,2138.46997,2136.51172,2136.66333,2.65303352E-05
47,12,2138.46997,2136.66333,2137.10425,2.65303352E-05
47,13,2138.46997,2137.10425,2137.22388,2.65303352E-05
47,14,2138.46997,2137.22388,2137.10059,2.65303352E-05
47,15,2138.46997,2137.10059,2136.65210,2.65303352E-05
47,16,2138.46997,2136.65210,2136.47534,2.65303352E-05
47,17,2138.46997,2136.47534,2137.02954,2.65303352E-05
47,18,2138.46997,2137.02954,2137.71411,2.65303352E-05
47,19,2138.46997,2137.71411,2138.27466,2.65303352E-05
47,20,2138.46997,2138.27466,2138.46997,2.65303352E-05
48,1,2149.94189,2138.46997,2138.66650,4.30200707E-05
48,2,2149.94189,2138.66650,2139.43994,4.30200707E-05
48,3,2149.94189,2139.43994,2139.96924,4.30200707E-05
48,4,2149.94189,2139.96924,2140.46289,4.30200707E-05
48,5,2149.94189,2140.46289,2141.41699,4.30200707E-05
48,6,2149.94189,2141.41699,2142.33325,4.30200707E-05
48,7,2149.94189,2142.33325,2142.91016,4.30200707E-05
48,8,2149.94189,2142.91016,2143.51465,4.30200707E-05
48,9,2149.94189,2143.51465,2144.65723,4.30200707E-05
48,10,2149.94189,2144.65723,2145.04297,4.30200707E-05
48,11,2149.94189,2145.04297,2145.42969,4.30200707E-05
48,12,2149.94189,2145.42969,2145.65356,4.30200707E-05
48,13,2149.94189,2145.65356,2145.77344,4.30200707E-05
48,14,2149.94189,2145.77344,2145.56934,4.30200707E-05
48,15,2149.94189,2145.56934,2146.19922,4.30200707E-05
48,16,2149.94189,2146.19922,2147.61792,4.30200707E-05
48,17,2149.94189,2147.61792,2148.74976,4.30200707E-05
48,18,2149.94189,2148.74976,2149.21265,4.30200707E-05
48,19,2149.94189,2149.21265,2149.25903,4.30200707E-05
48,20,2149.94189,2149.25903,2149.94189,4.30200707E-05
49,1,2149.83203,2149.94189,2150.16040,2.12162104E-06
49,2,2149.83203,2150.16040,2150.39355,2.12162104E-06
49,3,2149.83203,2150.39355,2150.50269,2.12162104E-06
49,4,2149.83203,2150.50269,2150.44043,2.12162104E-06
49,5,2149.83203,2150.44043,2150.86304,2.12162104E-06
49,6,2149.83203,2150.86304,2151.22461,2.12162104E-06
49,7,2149.83203,2151.22461,2151.50146,2.12162104E-06
49,8,2149.83203,2151.50146,2151.23022,2.12162104E-06
49,9,2149.83203,2151.23022,2150.98486,2.12162104E-06
49,10,2149.83203,2150.98486,2151.14429,2.12162104E-06
49,11,2149.83203,2151.14429,2150.95581,2.12162104E-06
49,12,2149.83203,2150.95581,2150.86719,2.12162104E-06
49,13,2149.83203,2150.86719,2150.97095,2.12162104E-06
49,14,2149.83203,2150.97095,2150.67603,2.12162104E-06
49,15,2149.83203,2150.67603,2150.14673,2.12162104E-06
49,16,2149.83203,2150.14673,2149.85498,2.12162104E-06
49,17,2149.83203,2149.85498,2150.30615,2.12162104E-06
49,18,2149.83203,2150.30615,2150.37720,2.12162104E-06
49,19,2149.83203,2150.37720,2150.12817,2.12162104E-06
49,20,2149.83203,2150.12817,2149.83203,2.12162104E-06
50,1,2197.03564,2192.41870,2193.61597,2.28437511E-05
50,2,2197.03564,2193.61597,2192.18823,2.28437511E-05
50,3,2197.03564,2192.18823,2191.39551,2.28437511E-05
50,4,2197.03564,2191.39551,2192.32397,2.28437511E-05
50,5,2197.03564,2192.32397,2194.16626,2.28437511E-05
50,6,2197.03564,2194.16626,2193.88599,2.28437511E-05
50,7,2197.03564,2193.88599,2192.86816,2.28437511E-05
50,8,2197.03564,2192.86816,2191.39697,2.28437511E-05
50,9,2197.03564,2191.39697,2192.25244,2.28437511E-05
50,10,2197.03564,2192.25244,2190.92505,2.28437511E-05
50,11,2197.03564,2190.92505,2192.64209,2.28437511E-05
50,12,2197.03564,2192.64209,2192.22729,2.28437511E-05
50,13,2197.03564,2192.22729,2194.63721,2.28437511E-05
50,14,2197.03564,2194.63721,2194.72534,2.28437511E-05
50,15,2197.03564,2194.72534,2194.59229,2.28437511E-05
50,16,2197.03564,2194.59229,2194.83691,2.28437511E-05
50,17,2197.03564,2194.83691,2195.36450,2.28437511E-05
50,18,2197.03564,2195.36450,2197.38989,2.28437511E-05
50,19,2197.03564,2197.38989,2198.98413,2.28437511E-05
50,20,2197.03564,2198.98413,2197.03564,2.28437511E-05
51,1,2201.77783,2197.03564,2195.60229,4.06608888E-06
51,2,2201.77783,2195.60229,2194.55493,4.06608888E-06
51,3,2201.77783,2194.55493,2193.79980,4.06608888E-06
51,4,2201.77783,2193.79980,2194.50757,4.06608888E-06
51,5,2201.77783,2194.50757,2194.13843,4.06608888E-06
51,6,2201.77783,2194.13843,2195.47192,4.06608888E-06
51,7,2201.77783,2195.47192,2195.39795,4.06608888E-06
51,8,2201.77783,2195.39795,2196.79443,4.06608888E-06
51,9,2201.77783,2196.79443,2198.40210,4.06608888E-06
51,10,2201.77783,2198.40210,2199.30298,4.06608888E-06
51,11,2201.77783,2199.30298,2200.94067,4.06608888E-06
51,12,2201.77783,2200.94067,2199.94995,4.06608888E-06
51,13,2201.77783,2199.94995,2199.93579,4.06608888E-06
51,14,2201.77783,2199.93579,2198.16895,4.06608888E-06
51,15,2201.77783,2198.16895,2196.76978,4.06608888E-06
51,16,2201.77783,2196.76978,2195.95044,4.06608888E-06
51,17,2201.77783,2195.95044,2196.80347,4.06608888E-06
51,18,2201.77783,2196.80347,2199.18628,4.06608888E-06
51,19,2201.77783,2199.18628,2201.78564,4.06608888E-06
51,20,2201.77783,2201.78564,2201.77783,4.06608888E-06
52,1,2232.93481,2228.93823,2226.88159,1.82842587E-06
52,2,2232.93481,2226.88159,2223.81592,1.82842587E-06
52,3,2232.93481,2223.81592,2220.82446,1.82842587E-06
52,4,2232.93481,2220.82446,2218.97461,1.82842587E-06
52,5,2232.93481,2218.97461,2218.01709,1.82842587E-06
52,6,2232.93481,2218.01709,2217.88745,1.82842587E-06
52,7,2232.93481,2217.88745,2218.81348,1.82842587E-06
52,8,2232.93481,2218.81348,2220.69043,1.82842587E-06
52,9,2232.93481,2220.69043,2221.02808,1.82842587E-06
52,10,2232.93481,2221.02808,2220.87402,1.82842587E-06
52,11,2232.93481,2220.87402,2222.18237,1.82842587E-06
52,12,2232.93481,2222.18237,2224.15454,1.82842587E-06
52,13,2232.93481,2224.15454,2225.67993,1.82842587E-06
52,14,2232.93481,2225.67993,2231.30200,1.82842587E-06
52,15,2232.93481,2231.30200,2229.17529,1.82842587E-06
52,16,2232.93481,2229.17529,2230.46143,1.82842587E-06
52,17,2232.93481,2230.46143,2230.14868,1.82842587E-06
52,18,2232.93481,2230.14868,2228.57422,1.82842587E-06
52,19,2232.93481,2228.57422,2229.86572,1.82842587E-06
52,20,2232.93481,2229.86572,2232.93481,1.82842587E-06
53,1,2234.94165,2232.93481,2232.43848,7.85110678E-05
53,2,2234.94165,2232.43848,2234.14478,7.85110678E-05
53,3,2234.94165,2234.14478,2232.37793,7.85110678E-05
53,4,2234.94165,2232.37793,2232.23047,7.85110678E-05
53,5,2234.94165,2232.23047,2232.45557,7.85110678E-05
53,6,2234.94165,2232.45557,2233.24780,7.85110678E-05
53,7,2234.94165,2233.24780,2234.02905,7.85110678E-05
53,8,2234.94165,2234.02905,2233.85498,7.85110678E-05
53,9,2234.94165,2233.85498,2233.04761,7.85110678E-05
53,10,2234.94165,2233.04761,2232.96143,7.85110678E-05
53,11,2234.94165,2232.96143,2232.26025,7.85110678E-05
53,12,2234.94165,2232.26025,2232.81006,7.85110678E-05
53,13,2234.94165,2232.81006,2233.90552,7.85110678E-05
53,14,2234.94165,2233.90552,2234.59741,7.85110678E-05
53,15,2234.94165,2234.59741,2235.14771,7.85110678E-05
53,16,2234.94165,2235.14771,2234.99414,7.85110678E-05
53,17,2234.94165,2234.99414,2234.06079,7.85110678E-05
53,18,2234.94165,2234.06079,2233.89331,7.85110678E-05
53,19,2234.94165,2233.89331,2234.34155,7.85110678E-05
53,20,2234.94165,2234.34155,2234.94165,7.85110678E-05
54,1,2219.19727,2234.94165,2234.52539,2.01545640E-06
54,2,2219.19727,2234.52539,2232.82056,2.01545640E-06
54,3,2219.19727,2232.82056,2230.32959,2.01545640E-06
54,4,2219.19727,2230.32959,2228.83862,2.01545640E-06
54,5,2219.19727,2228.83862,2227.78613,2.01545640E-06
54,6,2219.19727,2227.78613,2224.88257,2.01545640E-06
54,7,2219.19727,2224.88257,2224.76514,2.01545640E-06
54,8,2219.19727,2224.76514,2227.02930,2.01545640E-06
54,9,2219.19727,2227.02930,2227.85449,2.01545640E-06
54,10,2219.19727,2227.85449,2227.22339,2.01545640E-06
54,11,2219.19727,2227.22339,2224.31445,2.01545640E-06
54,12,2219.19727,2224.31445,2222.32007,2.01545640E-06
54,13,2219.19727,2222.32007,2220.34302,2.01545640E-06
54,14,2219.19727,2220.34302,2220.17822,2.01545640E-06
54,15,2219.19727,2220.17822,2219.89624,2.01545640E-06
54,16,2219.19727,2219.89624,2220.88208,2.01545640E-06
54,17,2219.19727,2220.88208,2220.11377,2.01545640E-06
54,18,2219.19727,2220.11377,2219.43628,2.01545640E-06
54,19,2219.19727,2219.43628,2217.61670,2.01545640E-06
54,20,2219.19727,2217.61670,2219.19727,2.01545640E-06
55,1,2223.14600,2219.19727,2219.20435,8.92387379E-06
55,2,2223.14600,2219.20435,2219.74316,8.92387379E-06
55,3,2223.14600,2219.74316,2220.70972,8.92387379E-06
55,4,2223.14600,2220.70972,2223.14087,8.92387379E-06
55,5,2223.14600,2223.14087,2223.57764,8.92387379E-06
55,6,2223.14600,2223.57764,2223.68042,8.92387379E-06
55,7,2223.14600,2223.68042,2222.24146,8.92387379E-06
55,8,2223.14600,2222.24146,2222.90137,8.92387379E-06
55,9,2223.14600,2222.90137,2223.60791,8.92387379E-06
55,10,2223.14600,2223.60791,2226.20190,8.92387379E-06
55,11,2223.14600,2226.20190,2227.49194,8.92387379E-06
55,12,2223.14600,2227.49194,2230.41553,8.92387379E-06
55,13,2223.14600,2230.41553,2231.83081,8.92387379E-06
55,14,2223.14600,2231.83081,2232.35669,8.92387379E-06
55,15,2223.14600,2232.35669,2231.41821,8.92387379E-06
55,16,2223.14600,2231.41821,2229.60938,8.92387379E-06
55,17,2223.14600,2229.60938,2228.30811,8.92387379E-06
55,18,2223.14600,2228.30811,2225.68237,8.92387379E-06
55,19,2223.14600,2225.68237,2223.57593,8.92387379E-06
55,20,2223.14600,2223.57593,2223.14600,8.92387379E-06
56,1,2228.98120,2223.14600,2223.11450,3.63560525E-06
56,2,2228.98120,2223.11450,2223.24365,3.63560525E-06
56,3,2228.98120,2223.24365,2222.74316,3.63560525E-06
56,4,2228.98120,2222.74316,2224.31592,3.63560525E-06
56,5,2228.98120,2224.31592,2226.11426,3.63560525E-06
56,6,2228.98120,2226.11426,2227.57910,3.63560525E-06
56,7,2228.98120,2227.57910,2228.35132,3.63560525E-06
56,8,2228.98120,2228.35132,2230.74048,3.63560525E-06
56,9,2228.98120,2230.74048,2234.77051,3.63560525E-06
56,10,2228.98120,2234.77051,2240.39062,3.63560525E-06
56,11,2228.98120,2240.39062,2241.74146,3.63560525E-06
56,12,2228.98120,2241.74146,2242.64600,3.63560525E-06
56,13,2228.98120,2242.64600,2243.06836,3.63560525E-06
56,14,2228.98120,2243.06836,2243.54858,3.63560525E-06
56,15,2228.98120,2243.54858,2239.13306,3.63560525E-06
56,16,2228.98120,2239.13306,2233.38672,3.63560525E-06
56,17,2228.98120,2233.38672,2230.33472,3.63560525E-06
56,18,2228.98120,2230.33472,2231.28857,3.63560525E-06
56,19,2228.98120,2231.28857,2230.08936,3.63560525E-06
56,20,2228.98120,2230.08936,2228.98120,3.63560525E-06
57,1,2235.10620,2235.84058,2238.15479,2.43379441E-06
57,2,2235.10620,2238.15479,2241.20142,2.43379441E-06
57,3,2235.10620,2241.20142,2239.27515,2.43379441E-06
57,4,2235.10620,2239.27515,2232.78320,2.43379441E-06
57,5,2235.10620,2232.78320,2231.86084,2.43379441E-06
57,6,2235.10620,2231.86084,2234.04565,2.43379441E-06
57,7,2235.10620,2234.04565,2232.85400,2.43379441E-06
57,8,2235.10620,2232.85400,2228.46289,2.43379441E-06
57,9,2235.10620,2228.46289,2224.37500,2.43379441E-06
57,10,2235.10620,2224.37500,2226.73730,2.43379441E-06
57,11,2235.10620,2226.73730,2230.61914,2.43379441E-06
57,12,2235.10620,2230.61914,2230.87744,2.43379441E-06
57,13,2235.10620,2230.87744,2230.34570,2.43379441E-06
57,14,2235.10620,2230.34570,2232.84131,2.43379441E-06
57,15,2235.10620,2232.84131,2235.64795,2.43379441E-06
57,16,2235.10620,2235.64795,2235.70972,2.43379441E-06
57,17,2235.10620,2235.70972,2235.60474,2.43379441E-06
57,18,2235.10620,2235.60474,2233.14307,2.43379441E-06
57,19,2235.10620,2233.14307,2233.60889,2.43379441E-06
57,20,2235.10620,2233.60889,2235.10620,2.43379441E-06
58,1,2238.86743,2235.10620,2239.54053,1.20543427E-05
58,2,2238.86743,2239.54053,2234.69531,1.20543427E-05
58,3,2238.86743,2234.69531,2226.48071,1.20543427E-05
58,4,2238.86743,2226.48071,2229.70557,1.20543427E-05
58,5,2238.86743,2229.70557,2239.30615,1.20543427E-05
58,6,2238.86743,2239.30615,2236.34204,1.20543427E-05
58,7,2238.86743,2236.34204,2233.03467,1.20543427E-05
58,8,2238.86743,2233.03467,2242.14990,1.20543427E-05
58,9,2238.86743,2242.14990,2241.39746,1.20543427E-05
58,10,2238.86743,2241.39746,2232.20898,1.20543427E-05
58,11,2238.86743,2232.20898,2234.19409,1.20543427E-05
58,12,2238.86743,2234.19409,2238.59473,1.20543427E-05
58,13,2238.86743,2238.59473,2250.74731,1.20543427E-05
58,14,2238.86743,2250.74731,2247.48315,1.20543427E-05
58,15,2238.86743,2247.48315,2231.76880,1.20543427E-05
58,16,2238.86743,2231.76880,2221.58203,1.20543427E-05
58,17,2238.86743,2221.58203,2234.67944,1.20543427E-05
58,18,2238.86743,2234.67944,2245.87939,1.20543427E-05
58,19,2238.86743,2245.87939,2237.04810,1.20543427E-05
58,20,2238.86743,2237.04810,2238.86743,1.20543427E-05
