i,k,old_q,old_q_ch_in,old_q_ch_out,qlat_ch_old
1,1,29.2636833,0.00000000,1.47722697,3.40083971E-05
1,2,29.2636833,1.47722697,2.95377421,3.40083971E-05
1,3,29.2636833,2.95377421,4.43424559,3.40083971E-05
1,4,29.2636833,4.43424559,5.90344143,3.40083971E-05
1,5,29.2636833,5.90344143,7.38516283,3.40083971E-05
1,6,29.2636833,7.38516283,8.88531113,3.40083971E-05
1,7,29.2636833,8.88531113,10.2985382,3.40083971E-05
1,8,29.2636833,10.2985382,11.8638897,3.40083971E-05
1,9,29.2636833,11.8638897,13.2269440,3.40083971E-05
1,10,29.2636833,13.2269440,14.8498955,3.40083971E-05
1,11,29.2636833,14.8498955,16.2584267,3.40083971E-05
1,12,29.2636833,16.2584267,17.6638298,3.40083971E-05
1,13,29.2636833,17.6638298,19.1149464,3.40083971E-05
1,14,29.2636833,19.1149464,20.8377762,3.40083971E-05
1,15,29.2636833,20.8377762,22.2325802,3.40083971E-05
1,16,29.2636833,22.2325802,23.3742561,3.40083971E-05
1,17,29.2636833,23.3742561,25.1976547,3.40083971E-05
1,18,29.2636833,25.1976547,26.9762974,3.40083971E-05
1,19,29.2636833,26.9762974,27.5729828,3.40083971E-05
1,20,29.2636833,27.5729828,29.2636833,3.40083971E-05
2,1,7.39055777,0.00000000,0.372329623,1.50209125E-05
2,2,7.39055777,0.372329623,0.754185140,1.50209125E-05
2,3,7.39055777,0.754185140,1.08757567,1.50209125E-05
2,4,7.39055777,1.08757567,1.51755214,1.50209125E-05
2,5,7.39055777,1.51755214,1.88315380,1.50209125E-05
2,6,7.39055777,1.88315380,2.21493864,1.50209125E-05
2,7,7.39055777,2.21493864,2.58559060,1.50209125E-05
2,8,7.39055777,2.58559060,2.98535967,1.50209125E-05
2,9,7.39055777,2.98535967,3.39236212,1.50209125E-05
2,10,7.39055777,3.39236212,3.71449137,1.50209125E-05
2,11,7.39055777,3.71449137,4.10028839,1.50209125E-05
2,12,7.39055777,4.10028839,4.45009375,1.50209125E-05
2,13,7.39055777,4.45009375,4.81723928,1.50209125E-05
2,14,7.39055777,4.81723928,5.22349834,1.50209125E-05
2,15,7.39055777,5.22349834,5.62644053,1.50209125E-05
2,16,7.39055777,5.62644053,6.02228880,1.50209125E-05
2,17,7.39055777,6.02228880,6.36726332,1.50209125E-05
2,18,7.39055777,6.36726332,6.68001270,1.50209125E-05
2,19,7.39055777,6.68001270,6.99844742,1.50209125E-05
2,20,7.39055777,6.99844742,7.39055777,1.50209125E-05
3,1,4.85494471,0.00000000,0.242717937,3.62845799E-06
3,2,4.85494471,0.242717937,0.485435843,3.62845799E-06
3,3,4.85494471,0.485435843,0.728153825,3.62845799E-06
3,4,4.85494471,0.728153825,0.970871747,3.62845799E-06
3,5,4.85494471,0.970871747,1.21358967,3.62845799E-06
3,6,4.85494471,1.21358967,1.45630765,3.62845799E-06
3,7,4.85494471,1.45630765,1.69902635,3.62845799E-06
3,8,4.85494471,1.69902635,1.94173908,3.62845799E-06
3,9,4.85494471,1.94173908,2.18448448,3.62845799E-06
3,10,4.85494471,2.18448448,2.42708135,3.62845799E-06
3,11,4.85494471,2.42708135,2.67022610,3.62845799E-06
3,12,4.85494471,2.67022610,2.91178203,3.62845799E-06
3,13,4.85494471,2.91178203,3.15681744,3.62845799E-06
3,14,4.85494471,3.15681744,3.39660239,3.62845799E-06
3,15,4.85494471,3.39660239,3.64022875,3.62845799E-06
3,16,4.85494471,3.64022875,3.88740516,3.62845799E-06
3,17,4.85494471,3.88740516,4.12199068,3.62845799E-06
3,18,4.85494471,4.12199068,4.36704493,3.62845799E-06
3,19,4.85494471,4.36704493,4.61834288,3.62845799E-06
3,20,4.85494471,4.61834288,4.85494471,3.62845799E-06
4,1,29.8243465,0.00000000,1.49841309,2.44397052E-05
4,2,29.8243465,1.49841309,2.99348950,2.44397052E-05
4,3,29.8243465,2.99348950,4.47383738,2.44397052E-05
4,4,29.8243465,4.47383738,6.06668997,2.44397052E-05
4,5,29.8243465,6.06668997,7.37868595,2.44397052E-05
4,6,29.8243465,7.37868595,9.02511215,2.44397052E-05
4,7,29.8243465,9.02511215,10.5386229,2.44397052E-05
4,8,29.8243465,10.5386229,11.9158430,2.44397052E-05
4,9,29.8243465,11.9158430,13.4365864,2.44397052E-05
4,10,29.8243465,13.4365864,15.0467691,2.44397052E-05
4,11,29.8243465,15.0467691,16.5999031,2.44397052E-05
4,12,29.8243465,16.5999031,17.8171139,2.44397052E-05
4,13,29.8243465,17.8171139,19.4859829,2.44397052E-05
4,14,29.8243465,19.4859829,20.8656311,2.44397052E-05
4,15,29.8243465,20.8656311,22.2332344,2.44397052E-05
4,16,29.8243465,22.2332344,24.4267941,2.44397052E-05
4,17,29.8243465,24.4267941,25.5007458,2.44397052E-05
4,18,29.8243465,25.5007458,26.9411297,2.44397052E-05
4,19,29.8243465,26.9411297,28.3642941,2.44397052E-05
4,20,29.8243465,28.3642941,29.8243465,2.44397052E-05
5,1,3.39563751,0.00000000,0.170445725,2.90291450E-06
5,2,3.39563751,0.170445725,0.340888560,2.90291450E-06
5,3,3.39563751,0.340888560,0.511361122,2.90291450E-06
5,4,3.39563751,0.511361122,0.681652904,2.90291450E-06
5,5,3.39563751,0.681652904,0.852640033,2.90291450E-06
5,6,3.39563751,0.852640033,1.02194583,2.90291450E-06
5,7,3.39563751,1.02194583,1.19345939,2.90291450E-06
5,8,3.39563751,1.19345939,1.36484814,2.90291450E-06
5,9,3.39563751,1.36484814,1.53150332,2.90291450E-06
5,10,3.39563751,1.53150332,1.70564044,2.90291450E-06
5,11,3.39563751,1.70564044,1.87397170,2.90291450E-06
5,12,3.39563751,1.87397170,2.05309081,2.90291450E-06
5,13,3.39563751,2.05309081,2.20009804,2.90291450E-06
5,14,3.39563751,2.20009804,2.40137219,2.90291450E-06
5,15,3.39563751,2.40137219,2.54154181,2.90291450E-06
5,16,3.39563751,2.54154181,2.74872422,2.90291450E-06
5,17,3.39563751,2.74872422,2.87963629,2.90291450E-06
5,18,3.39563751,2.87963629,3.07635474,2.90291450E-06
5,19,3.39563751,3.07635474,3.23260903,2.90291450E-06
5,20,3.39563751,3.23260903,3.39563751,2.90291450E-06
6,1,4.95345783,0.00000000,0.247772023,1.63737186E-05
6,2,4.95345783,0.247772023,0.495156407,1.63737186E-05
6,3,4.95345783,0.495156407,0.738485694,1.63737186E-05
6,4,4.95345783,0.738485694,1.00527310,1.63737186E-05
6,5,4.95345783,1.00527310,1.22030652,1.63737186E-05
6,6,4.95345783,1.22030652,1.48810828,1.63737186E-05
6,7,4.95345783,1.48810828,1.74551058,1.63737186E-05
6,8,4.95345783,1.74551058,1.97396064,1.63737186E-05
6,9,4.95345783,1.97396064,2.21680737,1.63737186E-05
6,10,4.95345783,2.21680737,2.48241735,1.63737186E-05
6,11,4.95345783,2.48241735,2.74410796,1.63737186E-05
6,12,4.95345783,2.74410796,2.97464752,1.63737186E-05
6,13,4.95345783,2.97464752,3.19132662,1.63737186E-05
6,14,4.95345783,3.19132662,3.47819996,1.63737186E-05
6,15,4.95345783,3.47819996,3.65928507,1.63737186E-05
6,16,4.95345783,3.65928507,4.00410891,1.63737186E-05
6,17,4.95345783,4.00410891,4.22742176,1.63737186E-05
6,18,4.95345783,4.22742176,4.47843218,1.63737186E-05
6,19,4.95345783,4.47843218,4.70824909,1.63737186E-05
6,20,4.95345783,4.70824909,4.95345783,1.63737186E-05
7,1,0.598775327,0.00000000,3.02183907E-02,2.29623197E-06
7,2,0.598775327,3.02183907E-02,6.03768565E-02,2.29623197E-06
7,3,0.598775327,6.03768565E-02,9.07033160E-02,2.29623197E-06
7,4,0.598775327,9.07033160E-02,0.121089309,2.29623197E-06
7,5,0.598775327,0.121089309,0.150006026,2.29623197E-06
7,6,0.598775327,0.150006026,0.182910681,2.29623197E-06
7,7,0.598775327,0.182910681,0.210064605,2.29623197E-06
7,8,0.598775327,0.210064605,0.242267236,2.29623197E-06
7,9,0.598775327,0.242267236,0.273036361,2.29623197E-06
7,10,0.598775327,0.273036361,0.300489992,2.29623197E-06
7,11,0.598775327,0.300489992,0.330580175,2.29623197E-06
7,12,0.598775327,0.330580175,0.366509467,2.29623197E-06
7,13,0.598775327,0.366509467,0.388014078,2.29623197E-06
7,14,0.598775327,0.388014078,0.433467627,2.29623197E-06
7,15,0.598775327,0.433467627,0.445398957,2.29623197E-06
7,16,0.598775327,0.445398957,0.473975480,2.29623197E-06
7,17,0.598775327,0.473975480,0.526554286,2.29623197E-06
7,18,0.598775327,0.526554286,0.545167685,2.29623197E-06
7,19,0.598775327,0.545167685,0.569556892,2.29623197E-06
7,20,0.598775327,0.569556892,0.598775327,2.29623197E-06
8,1,0.942743957,0.00000000,4.71427068E-02,6.28831003E-06
8,2,0.942743957,4.71427068E-02,9.42150131E-02,6.28831003E-06
8,3,0.942743957,9.42150131E-02,0.140486777,6.28831003E-06
8,4,0.942743957,0.140486777,0.191302836,6.28831003E-06
8,5,0.942743957,0.191302836,0.232193977,6.28831003E-06
8,6,0.942743957,0.232193977,0.283064723,6.28831003E-06
8,7,0.942743957,0.283064723,0.332146555,6.28831003E-06
8,8,0.942743957,0.332146555,0.375650436,6.28831003E-06
8,9,0.942743957,0.375650436,0.421723545,6.28831003E-06
8,10,0.942743957,0.421723545,0.472217590,6.28831003E-06
8,11,0.942743957,0.472217590,0.522028446,6.28831003E-06
8,12,0.942743957,0.522028446,0.566493511,6.28831003E-06
8,13,0.942743957,0.566493511,0.606714308,6.28831003E-06
8,14,0.942743957,0.606714308,0.662196159,6.28831003E-06
8,15,0.942743957,0.662196159,0.696206450,6.28831003E-06
8,16,0.942743957,0.696206450,0.761105716,6.28831003E-06
8,17,0.942743957,0.761105716,0.804386973,6.28831003E-06
8,18,0.942743957,0.804386973,0.852391839,6.28831003E-06
8,19,0.942743957,0.852391839,0.896142483,6.28831003E-06
8,20,0.942743957,0.896142483,0.942743957,6.28831003E-06
9,1,0.853724718,0.00000000,4.19356264E-02,6.53884808E-06
9,2,0.853724718,4.19356264E-02,8.63342732E-02,6.53884808E-06
9,3,0.853724718,8.63342732E-02,0.122107722,6.53884808E-06
9,4,0.853724718,0.122107722,0.168907359,6.53884808E-06
9,5,0.853724718,0.168907359,0.215426385,6.53884808E-06
9,6,0.853724718,0.215426385,0.253547251,6.53884808E-06
9,7,0.853724718,0.253547251,0.292321444,6.53884808E-06
9,8,0.853724718,0.292321444,0.334586442,6.53884808E-06
9,9,0.853724718,0.334586442,0.376230985,6.53884808E-06
9,10,0.853724718,0.376230985,0.431645334,6.53884808E-06
9,11,0.853724718,0.431645334,0.458463699,6.53884808E-06
9,12,0.853724718,0.458463699,0.504306674,6.53884808E-06
9,13,0.853724718,0.504306674,0.553176761,6.53884808E-06
9,14,0.853724718,0.553176761,0.589571953,6.53884808E-06
9,15,0.853724718,0.589571953,0.624945521,6.53884808E-06
9,16,0.853724718,0.624945521,0.668248177,6.53884808E-06
9,17,0.853724718,0.668248177,0.718041778,6.53884808E-06
9,18,0.853724718,0.718041778,0.765765071,6.53884808E-06
9,19,0.853724718,0.765765071,0.810419559,6.53884808E-06
9,20,0.853724718,0.810419559,0.853724718,6.53884808E-06
10,1,0.279120922,0.00000000,1.36884991E-02,2.82467408E-06
10,2,0.279120922,1.36884991E-02,2.83111017E-02,2.82467408E-06
10,3,0.279120922,2.83111017E-02,3.99152450E-02,2.82467408E-06
10,4,0.279120922,3.99152450E-02,5.48098721E-02,2.82467408E-06
10,5,0.279120922,5.48098721E-02,7.08625093E-02,2.82467408E-06
10,6,0.279120922,7.08625093E-02,8.26949179E-02,2.82467408E-06
10,7,0.279120922,8.26949179E-02,9.57678109E-02,2.82467408E-06
10,8,0.279120922,9.57678109E-02,0.109503664,2.82467408E-06
10,9,0.279120922,0.109503664,0.123024218,2.82467408E-06
10,10,0.279120922,0.123024218,0.139390618,2.82467408E-06
10,11,0.279120922,0.139390618,0.152204633,2.82467408E-06
10,12,0.279120922,0.152204633,0.163605928,2.82467408E-06
10,13,0.279120922,0.163605928,0.180408806,2.82467408E-06
10,14,0.279120922,0.180408806,0.193883926,2.82467408E-06
10,15,0.279120922,0.193883926,0.205207229,2.82467408E-06
10,16,0.279120922,0.205207229,0.217914224,2.82467408E-06
10,17,0.279120922,0.217914224,0.233016700,2.82467408E-06
10,18,0.279120922,0.233016700,0.249410659,2.82467408E-06
10,19,0.279120922,0.249410659,0.263868481,2.82467408E-06
10,20,0.279120922,0.263868481,0.279120922,2.82467408E-06
11,1,3.30049992,0.00000000,0.166785240,2.84227008E-06
11,2,3.30049992,0.166785240,0.333225489,2.84227008E-06
11,3,3.30049992,0.333225489,0.500579596,2.84227008E-06
11,4,3.30049992,0.500579596,0.668540418,2.84227008E-06
11,5,3.30049992,0.668540418,0.827528238,2.84227008E-06
11,6,3.30049992,0.827528238,1.00975001,2.84227008E-06
11,7,3.30049992,1.00975001,1.15962386,2.84227008E-06
11,8,3.30049992,1.15962386,1.33630443,2.84227008E-06
11,9,3.30049992,1.33630443,1.50770140,2.84227008E-06
11,10,3.30049992,1.50770140,1.66025496,2.84227008E-06
11,11,3.30049992,1.66025496,1.82026076,2.84227008E-06
11,12,3.30049992,1.82026076,2.02733421,2.84227008E-06
11,13,3.30049992,2.02733421,2.13541722,2.84227008E-06
11,14,3.30049992,2.13541722,2.39252830,2.84227008E-06
11,15,3.30049992,2.39252830,2.47792244,2.84227008E-06
11,16,3.30049992,2.47792244,2.59609222,2.84227008E-06
11,17,3.30049992,2.59609222,2.89666128,2.84227008E-06
11,18,3.30049992,2.89666128,3.02712321,2.84227008E-06
11,19,3.30049992,3.02712321,3.14818048,2.84227008E-06
11,20,3.30049992,3.14818048,3.30049992,2.84227008E-06
12,1,1.24212730,0.00000000,6.20234683E-02,1.49852428E-06
12,2,1.24212730,6.20234683E-02,0.123877339,1.49852428E-06
12,3,1.24212730,0.123877339,0.185723305,1.49852428E-06
12,4,1.24212730,0.185723305,0.249991804,1.49852428E-06
12,5,1.24212730,0.249991804,0.305950403,1.49852428E-06
12,6,1.24212730,0.305950403,0.375218332,1.49852428E-06
12,7,1.24212730,0.375218332,0.433955938,1.49852428E-06
12,8,1.24212730,0.433955938,0.493115216,1.49852428E-06
12,9,1.24212730,0.493115216,0.559652388,1.49852428E-06
12,10,1.24212730,0.559652388,0.623723507,1.49852428E-06
12,11,1.24212730,0.623723507,0.680393517,1.49852428E-06
12,12,1.24212730,0.680393517,0.736665726,1.49852428E-06
12,13,1.24212730,0.736665726,0.812439382,1.49852428E-06
12,14,1.24212730,0.812439382,0.856324852,1.49852428E-06
12,15,1.24212730,0.856324852,0.944186866,1.49852428E-06
12,16,1.24212730,0.944186866,1.00357735,1.49852428E-06
12,17,1.24212730,1.00357735,1.03734362,1.49852428E-06
12,18,1.24212730,1.03734362,1.11336434,1.49852428E-06
12,19,1.24212730,1.11336434,1.17283881,1.49852428E-06
12,20,1.24212730,1.17283881,1.24212730,1.49852428E-06
13,1,10.9994793,0.00000000,0.550822377,6.72208716E-06
13,2,10.9994793,0.550822377,1.10039330,6.72208716E-06
13,3,10.9994793,1.10039330,1.65276885,6.72208716E-06
13,4,10.9994793,1.65276885,2.20982695,6.72208716E-06
13,5,10.9994793,2.20982695,2.72959232,6.72208716E-06
13,6,10.9994793,2.72959232,3.33604813,6.72208716E-06
13,7,10.9994793,3.33604813,3.83234882,6.72208716E-06
13,8,10.9994793,3.83234882,4.40568924,6.72208716E-06
13,9,10.9994793,4.40568924,4.98339033,6.72208716E-06
13,10,10.9994793,4.98339033,5.49907160,6.72208716E-06
13,11,10.9994793,5.49907160,5.98493099,6.72208716E-06
13,12,10.9994793,5.98493099,6.71166611,6.72208716E-06
13,13,10.9994793,6.71166611,7.02924919,6.72208716E-06
13,14,10.9994793,7.02924919,7.87664938,6.72208716E-06
13,15,10.9994793,7.87664938,8.31019115,6.72208716E-06
13,16,10.9994793,8.31019115,8.52343655,6.72208716E-06
13,17,10.9994793,8.52343655,9.43290234,6.72208716E-06
13,18,10.9994793,9.43290234,10.0843287,6.72208716E-06
13,19,10.9994793,10.0843287,10.4222097,6.72208716E-06
13,20,10.9994793,10.4222097,10.9994793,6.72208716E-06
14,1,23.8819942,0.00000000,0.232653260,1.71538341E-05
14,2,23.8819942,0.232653260,0.463606954,1.71538341E-05
14,3,23.8819942,0.463606954,0.690942109,1.71538341E-05
14,4,23.8819942,0.690942109,0.913231611,1.71538341E-05
14,5,23.8819942,0.913231611,1.13140082,1.71538341E-05
14,6,23.8819942,1.13140082,1.35084355,1.71538341E-05
14,7,23.8819942,1.35084355,1.58332765,1.71538341E-05
14,8,23.8819942,1.58332765,1.84837401,1.71538341E-05
14,9,23.8819942,1.84837401,2.17399931,1.71538341E-05
14,10,23.8819942,2.17399931,2.59683871,1.71538341E-05
14,11,23.8819942,2.59683871,3.16173124,1.71538341E-05
14,12,23.8819942,3.16173124,3.92079282,1.71538341E-05
14,13,23.8819942,3.92079282,4.93194771,1.71538341E-05
14,14,23.8819942,4.93194771,6.25682116,1.71538341E-05
14,15,23.8819942,6.25682116,7.95791721,1.71538341E-05
14,16,23.8819942,7.95791721,10.0950947,1.71538341E-05
14,17,23.8819942,10.0950947,12.7215309,1.71538341E-05
14,18,23.8819942,12.7215309,15.8795052,1.71538341E-05
14,19,23.8819942,15.8795052,19.5964737,1.71538341E-05
14,20,23.8819942,19.5964737,23.8819942,1.71538341E-05
15,1,6.21648836,5.70866966,5.70574427,1.46868945E-06
15,2,6.21648836,5.70574427,5.72213650,1.46868945E-06
15,3,6.21648836,5.72213650,5.77832794,1.46868945E-06
15,4,6.21648836,5.77832794,5.78754044,1.46868945E-06
15,5,6.21648836,5.78754044,5.78778315,1.46868945E-06
15,6,6.21648836,5.78778315,5.80589104,1.46868945E-06
15,7,6.21648836,5.80589104,5.87537718,1.46868945E-06
15,8,6.21648836,5.87537718,5.86308432,1.46868945E-06
15,9,6.21648836,5.86308432,5.89669085,1.46868945E-06
15,10,6.21648836,5.89669085,5.97097397,1.46868945E-06
15,11,6.21648836,5.97097397,5.91616917,1.46868945E-06
15,12,6.21648836,5.91616917,5.98373032,1.46868945E-06
15,13,6.21648836,5.98373032,6.00284719,1.46868945E-06
15,14,6.21648836,6.00284719,5.90587854,1.46868945E-06
15,15,6.21648836,5.90587854,6.07395267,1.46868945E-06
15,16,6.21648836,6.07395267,6.24493647,1.46868945E-06
15,17,6.21648836,6.24493647,6.08975124,1.46868945E-06
15,18,6.21648836,6.08975124,6.03769159,1.46868945E-06
15,19,6.21648836,6.03769159,6.07222891,1.46868945E-06
15,20,6.21648836,6.07222891,6.21648836,1.46868945E-06
16,1,1.80706811,0.942743957,0.971659839,4.82551923E-06
16,2,1.80706811,0.971659839,1.01603162,4.82551923E-06
16,3,1.80706811,1.01603162,1.07387912,4.82551923E-06
16,4,1.80706811,1.07387912,1.12182069,4.82551923E-06
16,5,1.80706811,1.12182069,1.12188399,4.82551923E-06
16,6,1.80706811,1.12188399,1.14322376,4.82551923E-06
16,7,1.80706811,1.14322376,1.26947153,4.82551923E-06
16,8,1.80706811,1.26947153,1.26023316,4.82551923E-06
16,9,1.80706811,1.26023316,1.32734036,4.82551923E-06
16,10,1.80706811,1.32734036,1.31596768,4.82551923E-06
16,11,1.80706811,1.31596768,1.33006442,4.82551923E-06
16,12,1.80706811,1.33006442,1.43057096,4.82551923E-06
16,13,1.80706811,1.43057096,1.49522388,4.82551923E-06
16,14,1.80706811,1.49522388,1.56869256,4.82551923E-06
16,15,1.80706811,1.56869256,1.48419964,4.82551923E-06
16,16,1.80706811,1.48419964,1.52411854,4.82551923E-06
16,17,1.80706811,1.52411854,1.62554586,4.82551923E-06
16,18,1.80706811,1.62554586,1.65928733,4.82551923E-06
16,19,1.80706811,1.65928733,1.78463781,4.82551923E-06
16,20,1.80706811,1.78463781,1.80706811,4.82551923E-06
17,1,10.1379147,1.24212730,1.69921267,7.93782965E-06
17,2,10.1379147,1.69921267,2.16786385,7.93782965E-06
17,3,10.1379147,2.16786385,2.57531285,7.93782965E-06
17,4,10.1379147,2.57531285,3.03664422,7.93782965E-06
17,5,10.1379147,3.03664422,3.46418238,7.93782965E-06
17,6,10.1379147,3.46418238,3.96401596,7.93782965E-06
17,7,10.1379147,3.96401596,4.43988800,7.93782965E-06
17,8,10.1379147,4.43988800,4.82742500,7.93782965E-06
17,9,10.1379147,4.82742500,5.37795067,7.93782965E-06
17,10,10.1379147,5.37795067,5.83483791,7.93782965E-06
17,11,10.1379147,5.83483791,5.96098709,7.93782965E-06
17,12,10.1379147,5.96098709,6.51665497,7.93782965E-06
17,13,10.1379147,6.51665497,7.44553089,7.93782965E-06
17,14,10.1379147,7.44553089,7.73375225,7.93782965E-06
17,15,10.1379147,7.73375225,7.61812305,7.93782965E-06
17,16,10.1379147,7.61812305,8.37581062,7.93782965E-06
17,17,10.1379147,8.37581062,9.09653091,7.93782965E-06
17,18,10.1379147,9.09653091,9.61685467,7.93782965E-06
17,19,10.1379147,9.61685467,9.78976822,7.93782965E-06
17,20,10.1379147,9.78976822,10.1379147,7.93782965E-06
18,1,4.04432917,3.30049992,3.29412842,3.71778196E-06
18,2,4.04432917,3.29412842,3.46187162,3.71778196E-06
18,3,4.04432917,3.46187162,3.38745379,3.71778196E-06
18,4,4.04432917,3.38745379,3.39653993,3.71778196E-06
18,5,4.04432917,3.39653993,3.51009059,3.71778196E-06
18,6,4.04432917,3.51009059,3.60412550,3.71778196E-06
18,7,4.04432917,3.60412550,3.62162280,3.71778196E-06
18,8,4.04432917,3.62162280,3.59721279,3.71778196E-06
18,9,4.04432917,3.59721279,3.58914065,3.71778196E-06
18,10,4.04432917,3.58914065,3.62760282,3.71778196E-06
18,11,4.04432917,3.62760282,3.70743036,3.71778196E-06
18,12,4.04432917,3.70743036,3.80623031,3.71778196E-06
18,13,4.04432917,3.80623031,3.90159535,3.71778196E-06
18,14,4.04432917,3.90159535,3.97872019,3.71778196E-06
18,15,4.04432917,3.97872019,4.02914715,3.71778196E-06
18,16,4.04432917,4.02914715,4.05538940,3.71778196E-06
18,17,4.04432917,4.05538940,4.05418587,3.71778196E-06
18,18,4.04432917,4.05418587,4.03650331,3.71778196E-06
18,19,4.04432917,4.03650331,4.03820801,3.71778196E-06
18,20,4.04432917,4.03820801,4.04432917,3.71778196E-06
19,1,2.40958714,1.80706811,1.66024041,1.13862779E-06
19,2,2.40958714,1.66024041,1.87816954,1.13862779E-06
19,3,2.40958714,1.87816954,1.89003932,1.13862779E-06
19,4,2.40958714,1.89003932,1.79752421,1.13862779E-06
19,5,2.40958714,1.79752421,1.96407890,1.13862779E-06
19,6,2.40958714,1.96407890,1.98909485,1.13862779E-06
19,7,2.40958714,1.98909485,1.95050931,1.13862779E-06
19,8,2.40958714,1.95050931,1.98779273,1.13862779E-06
19,9,2.40958714,1.98779273,2.22275972,1.13862779E-06
19,10,2.40958714,2.22275972,1.93304992,1.13862779E-06
19,11,2.40958714,1.93304992,2.23075795,1.13862779E-06
19,12,2.40958714,2.23075795,2.17348623,1.13862779E-06
19,13,2.40958714,2.17348623,2.15110350,1.13862779E-06
19,14,2.40958714,2.15110350,2.29455185,1.13862779E-06
19,15,2.40958714,2.29455185,2.29114914,1.13862779E-06
19,16,2.40958714,2.29114914,2.34891272,1.13862779E-06
19,17,2.40958714,2.34891272,2.30483675,1.13862779E-06
19,18,2.40958714,2.30483675,2.36191368,1.13862779E-06
19,19,2.40958714,2.36191368,2.51855040,1.13862779E-06
19,20,2.40958714,2.51855040,2.40958714,1.13862779E-06
20,1,6.56974697,6.49560928,6.46315718,3.59881994E-07
20,2,6.56974697,6.46315718,6.35791826,3.59881994E-07
20,3,6.56974697,6.35791826,6.41632986,3.59881994E-07
20,4,6.56974697,6.41632986,6.50245762,3.59881994E-07
20,5,6.56974697,6.50245762,6.47718287,3.59881994E-07
20,6,6.56974697,6.47718287,6.36800575,3.59881994E-07
20,7,6.56974697,6.36800575,6.32687998,3.59881994E-07
20,8,6.56974697,6.32687998,6.33174515,3.59881994E-07
20,9,6.56974697,6.33174515,6.44904709,3.59881994E-07
20,10,6.56974697,6.44904709,6.48281145,3.59881994E-07
20,11,6.56974697,6.48281145,6.46974611,3.59881994E-07
20,12,6.56974697,6.46974611,6.40824223,3.59881994E-07
20,13,6.56974697,6.40824223,6.26127577,3.59881994E-07
20,14,6.56974697,6.26127577,6.12661648,3.59881994E-07
20,15,6.56974697,6.12661648,6.17026234,3.59881994E-07
20,16,6.56974697,6.17026234,6.21274853,3.59881994E-07
20,17,6.56974697,6.21274853,6.31792259,3.59881994E-07
20,18,6.56974697,6.31792259,6.32989931,3.59881994E-07
20,19,6.56974697,6.32989931,6.50197077,3.59881994E-07
20,20,6.56974697,6.50197077,6.56974697,3.59881994E-07
21,1,10.9099703,10.1379147,9.99472427,1.02659787E-05
21,2,10.9099703,9.99472427,9.97698784,1.02659787E-05
21,3,10.9099703,9.97698784,10.0899525,1.02659787E-05
21,4,10.9099703,10.0899525,10.1804876,1.02659787E-05
21,5,10.9099703,10.1804876,10.2936459,1.02659787E-05
21,6,10.9099703,10.2936459,10.4971781,1.02659787E-05
21,7,10.9099703,10.4971781,10.5444794,1.02659787E-05
21,8,10.9099703,10.5444794,10.5150528,1.02659787E-05
21,9,10.9099703,10.5150528,10.8758717,1.02659787E-05
21,10,10.9099703,10.8758717,10.8302174,1.02659787E-05
21,11,10.9099703,10.8302174,10.7551908,1.02659787E-05
21,12,10.9099703,10.7551908,10.8567505,1.02659787E-05
21,13,10.9099703,10.8567505,11.0151949,1.02659787E-05
21,14,10.9099703,11.0151949,11.0782366,1.02659787E-05
21,15,10.9099703,11.0782366,11.0097666,1.02659787E-05
21,16,10.9099703,11.0097666,10.8734484,1.02659787E-05
21,17,10.9099703,10.8734484,10.7594748,1.02659787E-05
21,18,10.9099703,10.7594748,10.7272272,1.02659787E-05
21,19,10.9099703,10.7272272,10.7867584,1.02659787E-05
21,20,10.9099703,10.7867584,10.9099703,1.02659787E-05
22,1,7.06226301,4.04432917,4.18095350,6.46936678E-06
22,2,7.06226301,4.18095350,4.40699100,6.46936678E-06
22,3,7.06226301,4.40699100,4.50727987,6.46936678E-06
22,4,7.06226301,4.50727987,4.49790049,6.46936678E-06
22,5,7.06226301,4.49790049,4.63102007,6.46936678E-06
22,6,7.06226301,4.63102007,4.85945034,6.46936678E-06
22,7,7.06226301,4.85945034,5.10157919,6.46936678E-06
22,8,7.06226301,5.10157919,5.38347292,6.46936678E-06
22,9,7.06226301,5.38347292,5.51128864,6.46936678E-06
22,10,7.06226301,5.51128864,5.55031586,6.46936678E-06
22,11,7.06226301,5.55031586,5.64075899,6.46936678E-06
22,12,7.06226301,5.64075899,6.00240660,6.46936678E-06
22,13,7.06226301,6.00240660,6.33432627,6.46936678E-06
22,14,7.06226301,6.33432627,6.46235418,6.46936678E-06
22,15,7.06226301,6.46235418,6.47905302,6.46936678E-06
22,16,7.06226301,6.47905302,6.40616941,6.46936678E-06
22,17,7.06226301,6.40616941,6.33143187,6.46936678E-06
22,18,7.06226301,6.33143187,6.43551779,6.46936678E-06
22,19,7.06226301,6.43551779,6.73547506,6.46936678E-06
22,20,7.06226301,6.73547506,7.06226301,6.46936678E-06
23,1,4.00298929,2.40958714,2.52380967,1.09031762E-05
23,2,4.00298929,2.52380967,2.63578939,1.09031762E-05
23,3,4.00298929,2.63578939,2.70513511,1.09031762E-05
23,4,4.00298929,2.70513511,2.71134877,1.09031762E-05
23,5,4.00298929,2.71134877,2.63053346,1.09031762E-05
23,6,4.00298929,2.63053346,2.68403006,1.09031762E-05
23,7,4.00298929,2.68403006,2.73647070,1.09031762E-05
23,8,4.00298929,2.73647070,2.90988755,1.09031762E-05
23,9,4.00298929,2.90988755,3.03082252,1.09031762E-05
23,10,4.00298929,3.03082252,2.94425678,1.09031762E-05
23,11,4.00298929,2.94425678,3.02521920,1.09031762E-05
23,12,4.00298929,3.02521920,3.29506183,1.09031762E-05
23,13,4.00298929,3.29506183,3.45890617,1.09031762E-05
23,14,4.00298929,3.45890617,3.54002404,1.09031762E-05
23,15,4.00298929,3.54002404,3.56477976,1.09031762E-05
23,16,4.00298929,3.56477976,3.59321260,1.09031762E-05
23,17,4.00298929,3.59321260,3.80261540,1.09031762E-05
23,18,4.00298929,3.80261540,3.96352363,1.09031762E-05
23,19,4.00298929,3.96352363,3.96366072,1.09031762E-05
23,20,4.00298929,3.96366072,4.00298929,1.09031762E-05
24,1,12.0371552,10.9099703,11.2415419,2.52273094E-06
24,2,12.0371552,11.2415419,11.4239902,2.52273094E-06
24,3,12.0371552,11.4239902,11.7424994,2.52273094E-06
24,4,12.0371552,11.7424994,12.0435276,2.52273094E-06
24,5,12.0371552,12.0435276,11.7592573,2.52273094E-06
24,6,12.0371552,11.7592573,11.3700352,2.52273094E-06
24,7,12.0371552,11.3700352,11.4652424,2.52273094E-06
24,8,12.0371552,11.4652424,11.9505062,2.52273094E-06
24,9,12.0371552,11.9505062,12.0091324,2.52273094E-06
24,10,12.0371552,12.0091324,11.6264896,2.52273094E-06
24,11,12.0371552,11.6264896,11.3457642,2.52273094E-06
24,12,12.0371552,11.3457642,11.2626715,2.52273094E-06
24,13,12.0371552,11.2626715,11.4076900,2.52273094E-06
24,14,12.0371552,11.4076900,11.5545931,2.52273094E-06
24,15,12.0371552,11.5545931,11.6403904,2.52273094E-06
24,16,12.0371552,11.6403904,11.7143555,2.52273094E-06
24,17,12.0371552,11.7143555,11.8164396,2.52273094E-06
24,18,12.0371552,11.8164396,11.9347467,2.52273094E-06
24,19,12.0371552,11.9347467,12.0311041,2.52273094E-06
24,20,12.0371552,12.0311041,12.0371552,2.52273094E-06
25,1,19.4033775,18.0617428,17.9315434,5.35096297E-06
25,2,19.4033775,17.9315434,18.1351929,5.35096297E-06
25,3,19.4033775,18.1351929,18.1175385,5.35096297E-06
25,4,19.4033775,18.1175385,18.3107986,5.35096297E-06
25,5,19.4033775,18.3107986,18.1413479,5.35096297E-06
25,6,19.4033775,18.1413479,18.1362476,5.35096297E-06
25,7,19.4033775,18.1362476,18.4900894,5.35096297E-06
25,8,19.4033775,18.4900894,18.8162022,5.35096297E-06
25,9,19.4033775,18.8162022,18.9212704,5.35096297E-06
25,10,19.4033775,18.9212704,18.6352615,5.35096297E-06
25,11,19.4033775,18.6352615,18.1247025,5.35096297E-06
25,12,19.4033775,18.1247025,18.0788670,5.35096297E-06
25,13,19.4033775,18.0788670,18.3779278,5.35096297E-06
25,14,19.4033775,18.3779278,18.7444096,5.35096297E-06
25,15,19.4033775,18.7444096,18.9541016,5.35096297E-06
25,16,19.4033775,18.9541016,18.9891338,5.35096297E-06
25,17,19.4033775,18.9891338,19.1038857,5.35096297E-06
25,18,19.4033775,19.1038857,19.2402458,5.35096297E-06
25,19,19.4033775,19.2402458,19.0070896,5.35096297E-06
25,20,19.4033775,19.0070896,19.4033775,5.35096297E-06
26,1,6.06389427,4.00298929,3.65692091,1.86738907E-06
26,2,6.06389427,3.65692091,3.99197721,1.86738907E-06
26,3,6.06389427,3.99197721,4.14668894,1.86738907E-06
26,4,6.06389427,4.14668894,4.32702589,1.86738907E-06
26,5,6.06389427,4.32702589,4.28383732,1.86738907E-06
26,6,6.06389427,4.28383732,4.29742622,1.86738907E-06
26,7,6.06389427,4.29742622,4.84332991,1.86738907E-06
26,8,6.06389427,4.84332991,4.88126659,1.86738907E-06
26,9,6.06389427,4.88126659,4.61294127,1.86738907E-06
26,10,6.06389427,4.61294127,4.83259726,1.86738907E-06
26,11,6.06389427,4.83259726,5.50099277,1.86738907E-06
26,12,6.06389427,5.50099277,5.09038401,1.86738907E-06
26,13,6.06389427,5.09038401,5.14274549,1.86738907E-06
26,14,6.06389427,5.14274549,5.23118258,1.86738907E-06
26,15,6.06389427,5.23118258,5.62098312,1.86738907E-06
26,16,6.06389427,5.62098312,5.76696634,1.86738907E-06
26,17,6.06389427,5.76696634,5.74535561,1.86738907E-06
26,18,6.06389427,5.74535561,6.01692724,1.86738907E-06
26,19,6.06389427,6.01692724,5.92664003,1.86738907E-06
26,20,6.06389427,5.92664003,6.06389427,1.86738907E-06
27,1,16.4868221,12.0371552,12.4564409,1.45129379E-05
27,2,16.4868221,12.4564409,12.8734665,1.45129379E-05
27,3,16.4868221,12.8734665,13.5433350,1.45129379E-05
27,4,16.4868221,13.5433350,13.9751854,1.45129379E-05
27,5,16.4868221,13.9751854,14.0227871,1.45129379E-05
27,6,16.4868221,14.0227871,13.7683258,1.45129379E-05
27,7,16.4868221,13.7683258,13.4178619,1.45129379E-05
27,8,16.4868221,13.4178619,13.3456526,1.45129379E-05
27,9,16.4868221,13.3456526,13.5777235,1.45129379E-05
27,10,16.4868221,13.5777235,14.3110933,1.45129379E-05
27,11,16.4868221,14.3110933,15.0305014,1.45129379E-05
27,12,16.4868221,15.0305014,15.3075600,1.45129379E-05
27,13,16.4868221,15.3075600,15.8396454,1.45129379E-05
27,14,16.4868221,15.8396454,16.1291847,1.45129379E-05
27,15,16.4868221,16.1291847,17.5628204,1.45129379E-05
27,16,16.4868221,17.5628204,17.1343822,1.45129379E-05
27,17,16.4868221,17.1343822,17.4661026,1.45129379E-05
27,18,16.4868221,17.4661026,17.3862724,1.45129379E-05
27,19,16.4868221,17.3862724,16.3379383,1.45129379E-05
27,20,16.4868221,16.3379383,16.4868221,1.45129379E-05
28,1,33.5733376,19.4033775,20.2299690,1.06038651E-05
28,2,33.5733376,20.2299690,20.1940823,1.06038651E-05
28,3,33.5733376,20.1940823,20.8308334,1.06038651E-05
28,4,33.5733376,20.8308334,21.7564697,1.06038651E-05
28,5,33.5733376,21.7564697,22.7788143,1.06038651E-05
28,6,33.5733376,22.7788143,25.0924187,1.06038651E-05
28,7,33.5733376,25.0924187,23.5921211,1.06038651E-05
28,8,33.5733376,23.5921211,25.3162613,1.06038651E-05
28,9,33.5733376,25.3162613,25.4906273,1.06038651E-05
28,10,33.5733376,25.4906273,26.0236702,1.06038651E-05
28,11,33.5733376,26.0236702,28.5257835,1.06038651E-05
28,12,33.5733376,28.5257835,28.8800621,1.06038651E-05
28,13,33.5733376,28.8800621,28.8016663,1.06038651E-05
28,14,33.5733376,28.8016663,29.8072281,1.06038651E-05
28,15,33.5733376,29.8072281,28.8716812,1.06038651E-05
28,16,33.5733376,28.8716812,31.1354771,1.06038651E-05
28,17,33.5733376,31.1354771,33.6412010,1.06038651E-05
28,18,33.5733376,33.6412010,34.2890739,1.06038651E-05
28,19,33.5733376,34.2890739,32.4740295,1.06038651E-05
28,20,33.5733376,32.4740295,33.5733376,1.06038651E-05
29,1,6.49600792,6.66266966,6.66222668,2.17153820E-06
29,2,6.49600792,6.66222668,6.64359522,2.17153820E-06
29,3,6.49600792,6.64359522,6.60395336,2.17153820E-06
29,4,6.49600792,6.60395336,6.77036715,2.17153820E-06
29,5,6.49600792,6.77036715,7.00496387,2.17153820E-06
29,6,6.49600792,7.00496387,7.19181204,2.17153820E-06
29,7,6.49600792,7.19181204,7.00621653,2.17153820E-06
29,8,6.49600792,7.00621653,7.00878239,2.17153820E-06
29,9,6.49600792,7.00878239,7.17692900,2.17153820E-06
29,10,6.49600792,7.17692900,7.25629854,2.17153820E-06
29,11,6.49600792,7.25629854,7.62391186,2.17153820E-06
29,12,6.49600792,7.62391186,7.50300217,2.17153820E-06
29,13,6.49600792,7.50300217,7.94087362,2.17153820E-06
29,14,6.49600792,7.94087362,8.27234364,2.17153820E-06
29,15,6.49600792,8.27234364,7.99131393,2.17153820E-06
29,16,6.49600792,7.99131393,7.80558205,2.17153820E-06
29,17,6.49600792,7.80558205,7.70661211,2.17153820E-06
29,18,6.49600792,7.70661211,7.43476486,2.17153820E-06
29,19,6.49600792,7.43476486,6.89970160,2.17153820E-06
29,20,6.49600792,6.89970160,6.49600792,2.17153820E-06
30,1,21.9403324,16.4868221,18.4350758,4.54169322E-06
30,2,21.9403324,18.4350758,17.5690365,4.54169322E-06
30,3,21.9403324,17.5690365,17.3492146,4.54169322E-06
30,4,21.9403324,17.3492146,18.2355442,4.54169322E-06
30,5,21.9403324,18.2355442,18.6339722,4.54169322E-06
30,6,21.9403324,18.6339722,20.2469540,4.54169322E-06
30,7,21.9403324,20.2469540,19.3818302,4.54169322E-06
30,8,21.9403324,19.3818302,17.4169159,4.54169322E-06
30,9,21.9403324,17.4169159,18.3952274,4.54169322E-06
30,10,21.9403324,18.3952274,18.2777958,4.54169322E-06
30,11,21.9403324,18.2777958,18.0913773,4.54169322E-06
30,12,21.9403324,18.0913773,19.3507862,4.54169322E-06
30,13,21.9403324,19.3507862,21.6965656,4.54169322E-06
30,14,21.9403324,21.6965656,21.2890797,4.54169322E-06
30,15,21.9403324,21.2890797,20.4993458,4.54169322E-06
30,16,21.9403324,20.4993458,18.3317299,4.54169322E-06
30,17,21.9403324,18.3317299,18.3426895,4.54169322E-06
30,18,21.9403324,18.3426895,20.1245346,4.54169322E-06
30,19,21.9403324,20.1245346,20.8428478,4.54169322E-06
30,20,21.9403324,20.8428478,21.9403324,4.54169322E-06
31,1,39.5757103,36.3203545,36.3193092,1.63211359E-06
31,2,39.5757103,36.3193092,36.1743965,1.63211359E-06
31,3,39.5757103,36.1743965,36.4604301,1.63211359E-06
31,4,39.5757103,36.4604301,35.9192162,1.63211359E-06
31,5,39.5757103,35.9192162,38.6294556,1.63211359E-06
31,6,39.5757103,38.6294556,38.1856918,1.63211359E-06
31,7,39.5757103,38.1856918,37.8663788,1.63211359E-06
31,8,39.5757103,37.8663788,38.0177155,1.63211359E-06
31,9,39.5757103,38.0177155,38.4132156,1.63211359E-06
31,10,39.5757103,38.4132156,36.7510529,1.63211359E-06
31,11,39.5757103,36.7510529,36.0052185,1.63211359E-06
31,12,39.5757103,36.0052185,38.1967850,1.63211359E-06
31,13,39.5757103,38.1967850,38.8472900,1.63211359E-06
31,14,39.5757103,38.8472900,37.2317543,1.63211359E-06
31,15,39.5757103,37.2317543,36.0008583,1.63211359E-06
31,16,39.5757103,36.0008583,37.4496918,1.63211359E-06
31,17,39.5757103,37.4496918,38.2103958,1.63211359E-06
31,18,39.5757103,38.2103958,40.1172333,1.63211359E-06
31,19,39.5757103,40.1172333,39.9942360,1.63211359E-06
31,20,39.5757103,39.9942360,39.5757103,1.63211359E-06
32,1,533.360352,45.8223267,54.2630730,2.01221974E-06
32,2,533.360352,54.2630730,66.2876663,2.01221974E-06
32,3,533.360352,66.2876663,80.9584503,2.01221974E-06
32,4,533.360352,80.9584503,103.030212,2.01221974E-06
32,5,533.360352,103.030212,138.797073,2.01221974E-06
32,6,533.360352,138.797073,194.126297,2.01221974E-06
32,7,533.360352,194.126297,272.199432,2.01221974E-06
32,8,533.360352,272.199432,371.757416,2.01221974E-06
32,9,533.360352,371.757416,485.446716,2.01221974E-06
32,10,533.360352,485.446716,599.406982,2.01221974E-06
32,11,533.360352,599.406982,695.927368,2.01221974E-06
32,12,533.360352,695.927368,759.260315,2.01221974E-06
32,13,533.360352,759.260315,781.786987,2.01221974E-06
32,14,533.360352,781.786987,766.755310,2.01221974E-06
32,15,533.360352,766.755310,725.984863,2.01221974E-06
32,16,533.360352,725.984863,674.281128,2.01221974E-06
32,17,533.360352,674.281128,624.005066,2.01221974E-06
32,18,533.360352,624.005066,582.396118,2.01221974E-06
32,19,533.360352,582.396118,552.070618,2.01221974E-06
32,20,533.360352,552.070618,533.360352,2.01221974E-06
33,1,45.8870125,42.9713478,42.1117706,1.51177064E-05
33,2,45.8870125,42.1117706,41.8695526,1.51177064E-05
33,3,45.8870125,41.8695526,40.5644493,1.51177064E-05
33,4,45.8870125,40.5644493,39.6595802,1.51177064E-05
33,5,45.8870125,39.6595802,40.5886307,1.51177064E-05
33,6,45.8870125,40.5886307,41.6701317,1.51177064E-05
33,7,45.8870125,41.6701317,41.3516121,1.51177064E-05
33,8,45.8870125,41.3516121,42.1992874,1.51177064E-05
33,9,45.8870125,42.1992874,42.4785805,1.51177064E-05
33,10,45.8870125,42.4785805,43.9501877,1.51177064E-05
33,11,45.8870125,43.9501877,42.7450180,1.51177064E-05
33,12,45.8870125,42.7450180,43.1027794,1.51177064E-05
33,13,45.8870125,43.1027794,41.3893433,1.51177064E-05
33,14,45.8870125,41.3893433,42.2612724,1.51177064E-05
33,15,45.8870125,42.2612724,42.3333931,1.51177064E-05
33,16,45.8870125,42.3333931,42.3568993,1.51177064E-05
33,17,45.8870125,42.3568993,44.5496902,1.51177064E-05
33,18,45.8870125,44.5496902,45.3137589,1.51177064E-05
33,19,45.8870125,45.3137589,44.7133675,1.51177064E-05
33,20,45.8870125,44.7133675,45.8870125,1.51177064E-05
34,1,602.411255,533.360352,530.908386,1.38440976E-06
34,2,602.411255,530.908386,528.952637,1.38440976E-06
34,3,602.411255,528.952637,527.505188,1.38440976E-06
34,4,602.411255,527.505188,526.581543,1.38440976E-06
34,5,602.411255,526.581543,526.200928,1.38440976E-06
34,6,602.411255,526.200928,526.385254,1.38440976E-06
34,7,602.411255,526.385254,527.159058,1.38440976E-06
34,8,602.411255,527.159058,528.548767,1.38440976E-06
34,9,602.411255,528.548767,530.582031,1.38440976E-06
34,10,602.411255,530.582031,533.287231,1.38440976E-06
34,11,602.411255,533.287231,536.692383,1.38440976E-06
34,12,602.411255,536.692383,540.824768,1.38440976E-06
34,13,602.411255,540.824768,545.709717,1.38440976E-06
34,14,602.411255,545.709717,551.370178,1.38440976E-06
34,15,602.411255,551.370178,557.825928,1.38440976E-06
34,16,602.411255,557.825928,565.092712,1.38440976E-06
34,17,602.411255,565.092712,573.181641,1.38440976E-06
34,18,602.411255,573.181641,582.098572,1.38440976E-06
34,19,602.411255,582.098572,591.843750,1.38440976E-06
34,20,602.411255,591.843750,602.411255,1.38440976E-06
35,1,605.604980,602.411255,602.554749,3.93133232E-05
35,2,605.604980,602.554749,602.694702,3.93133232E-05
35,3,605.604980,602.694702,602.850159,3.93133232E-05
35,4,605.604980,602.850159,603.019531,3.93133232E-05
35,5,605.604980,603.019531,603.194641,3.93133232E-05
35,6,605.604980,603.194641,603.361816,3.93133232E-05
35,7,605.604980,603.361816,603.538025,3.93133232E-05
35,8,605.604980,603.538025,603.712524,3.93133232E-05
35,9,605.604980,603.712524,603.840881,3.93133232E-05
35,10,605.604980,603.840881,603.929443,3.93133232E-05
35,11,605.604980,603.929443,604.014709,3.93133232E-05
35,12,605.604980,604.014709,604.114624,3.93133232E-05
35,13,605.604980,604.114624,604.227539,3.93133232E-05
35,14,605.604980,604.227539,604.369507,3.93133232E-05
35,15,605.604980,604.369507,604.556030,3.93133232E-05
35,16,605.604980,604.556030,604.786682,3.93133232E-05
35,17,605.604980,604.786682,605.027771,3.93133232E-05
35,18,605.604980,605.027771,605.268066,3.93133232E-05
35,19,605.604980,605.268066,605.471008,3.93133232E-05
35,20,605.604980,605.471008,605.604980,3.93133232E-05
36,1,1666.34009,639.178345,669.172424,2.62394333E-05
36,2,1666.34009,669.172424,701.744385,2.62394333E-05
36,3,1666.34009,701.744385,736.594543,2.62394333E-05
36,4,1666.34009,736.594543,773.530640,2.62394333E-05
36,5,1666.34009,773.530640,812.496338,2.62394333E-05
36,6,1666.34009,812.496338,853.563843,2.62394333E-05
36,7,1666.34009,853.563843,896.904968,2.62394333E-05
36,8,1666.34009,896.904968,942.752258,2.62394333E-05
36,9,1666.34009,942.752258,991.352783,2.62394333E-05
36,10,1666.34009,991.352783,1042.91797,2.62394333E-05
36,11,1666.34009,1042.91797,1097.57263,2.62394333E-05
36,12,1666.34009,1097.57263,1155.30701,2.62394333E-05
36,13,1666.34009,1155.30701,1215.93933,2.62394333E-05
36,14,1666.34009,1215.93933,1279.08911,2.62394333E-05
36,15,1666.34009,1279.08911,1344.16931,2.62394333E-05
36,16,1666.34009,1344.16931,1410.39746,2.62394333E-05
36,17,1666.34009,1410.39746,1476.82422,2.62394333E-05
36,18,1666.34009,1476.82422,1542.37915,2.62394333E-05
36,19,1666.34009,1542.37915,1605.92896,2.62394333E-05
36,20,1666.34009,1605.92896,1666.34009,2.62394333E-05
37,1,1616.64856,1666.34009,1746.50134,1.06210928E-06
37,2,1616.64856,1746.50134,1815.93103,1.06210928E-06
37,3,1616.64856,1815.93103,1872.23804,1.06210928E-06
37,4,1616.64856,1872.23804,1913.87048,1.06210928E-06
37,5,1616.64856,1913.87048,1940.22095,1.06210928E-06
37,6,1616.64856,1940.22095,1951.61023,1.06210928E-06
37,7,1616.64856,1951.61023,1949.16431,1.06210928E-06
37,8,1616.64856,1949.16431,1934.62451,1.06210928E-06
37,9,1616.64856,1934.62451,1910.13232,1.06210928E-06
37,10,1616.64856,1910.13232,1878.03052,1.06210928E-06
37,11,1616.64856,1878.03052,1840.70898,1.06210928E-06
37,12,1616.64856,1840.70898,1800.50684,1.06210928E-06
37,13,1616.64856,1800.50684,1759.66321,1.06210928E-06
37,14,1616.64856,1759.66321,1720.30286,1.06210928E-06
37,15,1616.64856,1720.30286,1684.43518,1.06210928E-06
37,16,1616.64856,1684.43518,1653.94165,1.06210928E-06
37,17,1616.64856,1653.94165,1630.54810,1.06210928E-06
37,18,1616.64856,1630.54810,1615.77136,1.06210928E-06
37,19,1616.64856,1615.77136,1610.84668,1.06210928E-06
37,20,1616.64856,1610.84668,1616.64856,1.06210928E-06
38,1,1688.10864,1616.64856,1650.00647,1.55071677E-06
38,2,1688.10864,1650.00647,1716.97949,1.55071677E-06
38,3,1688.10864,1716.97949,1812.95679,1.55071677E-06
38,4,1688.10864,1812.95679,1928.75281,1.55071677E-06
38,5,1688.10864,1928.75281,2051.73828,1.55071677E-06
38,6,1688.10864,2051.73828,2167.71143,1.55071677E-06
38,7,1688.10864,2167.71143,2263.10229,1.55071677E-06
38,8,1688.10864,2263.10229,2327.02490,1.55071677E-06
38,9,1688.10864,2327.02490,2352.78418,1.55071677E-06
38,10,1688.10864,2352.78418,2338.60815,1.55071677E-06
38,11,1688.10864,2338.60815,2287.56714,1.55071677E-06
38,12,1688.10864,2287.56714,2206.80688,1.55071677E-06
38,13,1688.10864,2206.80688,2106.32275,1.55071677E-06
38,14,1688.10864,2106.32275,1997.53088,1.55071677E-06
38,15,1688.10864,1997.53088,1891.87158,1.55071677E-06
38,16,1688.10864,1891.87158,1799.61108,1.55071677E-06
38,17,1688.10864,1799.61108,1728.94958,1.55071677E-06
38,18,1688.10864,1728.94958,1685.46252,1.55071677E-06
38,19,1688.10864,1685.46252,1671.87280,1.55071677E-06
38,20,1688.10864,1671.87280,1688.10864,1.55071677E-06
39,1,2286.30200,1688.10864,1720.36353,5.08842390E-07
39,2,2286.30200,1720.36353,1766.49646,5.08842390E-07
39,3,2286.30200,1766.49646,1823.81689,5.08842390E-07
39,4,2286.30200,1823.81689,1889.27258,5.08842390E-07
39,5,2286.30200,1889.27258,1959.61951,5.08842390E-07
39,6,2286.30200,1959.61951,2031.58618,5.08842390E-07
39,7,2286.30200,2031.58618,2102.03076,5.08842390E-07
39,8,2286.30200,2102.03076,2168.08130,5.08842390E-07
39,9,2286.30200,2168.08130,2227.26099,5.08842390E-07
39,10,2286.30200,2227.26099,2277.58911,5.08842390E-07
39,11,2286.30200,2277.58911,2317.65894,5.08842390E-07
39,12,2286.30200,2317.65894,2346.68970,5.08842390E-07
39,13,2286.30200,2346.68970,2364.54810,5.08842390E-07
39,14,2286.30200,2364.54810,2371.74097,5.08842390E-07
39,15,2286.30200,2371.74097,2369.38013,5.08842390E-07
39,16,2286.30200,2369.38013,2359.12476,5.08842390E-07
39,17,2286.30200,2359.12476,2343.09692,5.08842390E-07
39,18,2286.30200,2343.09692,2323.78003,5.08842390E-07
39,19,2286.30200,2323.78003,2303.90186,5.08842390E-07
39,20,2286.30200,2303.90186,2286.30200,5.08842390E-07
40,1,2341.50024,2286.30200,2282.43774,3.75534146E-05
40,2,2341.50024,2282.43774,2278.98364,3.75534146E-05
40,3,2341.50024,2278.98364,2275.99292,3.75534146E-05
40,4,2341.50024,2275.99292,2273.51855,3.75534146E-05
40,5,2341.50024,2273.51855,2271.61206,3.75534146E-05
40,6,2341.50024,2271.61206,2270.32324,3.75534146E-05
40,7,2341.50024,2270.32324,2269.70068,3.75534146E-05
40,8,2341.50024,2269.70068,2269.79126,3.75534146E-05
40,9,2341.50024,2269.79126,2270.64087,3.75534146E-05
40,10,2341.50024,2270.64087,2272.29321,3.75534146E-05
40,11,2341.50024,2272.29321,2274.79102,3.75534146E-05
40,12,2341.50024,2274.79102,2278.17505,3.75534146E-05
40,13,2341.50024,2278.17505,2282.48462,3.75534146E-05
40,14,2341.50024,2282.48462,2287.75708,3.75534146E-05
40,15,2341.50024,2287.75708,2294.02881,3.75534146E-05
40,16,2341.50024,2294.02881,2301.33423,3.75534146E-05
40,17,2341.50024,2301.33423,2309.70532,3.75534146E-05
40,18,2341.50024,2309.70532,2319.17188,3.75534146E-05
40,19,2341.50024,2319.17188,2329.76172,3.75534146E-05
40,20,2341.50024,2329.76172,2341.50024,3.75534146E-05
41,1,2782.28564,2341.50024,2353.42969,7.98290216E-07
41,2,2782.28564,2353.42969,2366.41846,7.98290216E-07
41,3,2782.28564,2366.41846,2380.48145,7.98290216E-07
41,4,2782.28564,2380.48145,2395.63062,7.98290216E-07
41,5,2782.28564,2395.63062,2411.87622,7.98290216E-07
41,6,2782.28564,2411.87622,2429.22510,7.98290216E-07
41,7,2782.28564,2429.22510,2447.68091,7.98290216E-07
41,8,2782.28564,2447.68091,2467.24438,7.98290216E-07
41,9,2782.28564,2467.24438,2487.91138,7.98290216E-07
41,10,2782.28564,2487.91138,2509.67432,7.98290216E-07
41,11,2782.28564,2509.67432,2532.52075,7.98290216E-07
41,12,2782.28564,2532.52075,2556.43384,7.98290216E-07
41,13,2782.28564,2556.43384,2581.39111,7.98290216E-07
41,14,2782.28564,2581.39111,2607.36475,7.98290216E-07
41,15,2782.28564,2607.36475,2634.32129,7.98290216E-07
41,16,2782.28564,2634.32129,2662.22217,7.98290216E-07
41,17,2782.28564,2662.22217,2691.02246,7.98290216E-07
41,18,2782.28564,2691.02246,2720.67139,7.98290216E-07
41,19,2782.28564,2720.67139,2751.11328,7.98290216E-07
41,20,2782.28564,2751.11328,2782.28564,7.98290216E-07
42,1,3150.58813,2782.28564,2799.71533,3.93207756E-06
42,2,3150.58813,2799.71533,2817.33203,3.93207756E-06
42,3,3150.58813,2817.33203,2835.12305,3.93207756E-06
42,4,3150.58813,2835.12305,2853.07617,3.93207756E-06
42,5,3150.58813,2853.07617,2871.17773,3.93207756E-06
42,6,3150.58813,2871.17773,2889.41455,3.93207756E-06
42,7,3150.58813,2889.41455,2907.77246,3.93207756E-06
42,8,3150.58813,2907.77246,2926.23706,3.93207756E-06
42,9,3150.58813,2926.23706,2944.79346,3.93207756E-06
42,10,3150.58813,2944.79346,2963.42700,3.93207756E-06
42,11,3150.58813,2963.42700,2982.12256,3.93207756E-06
42,12,3150.58813,2982.12256,3000.86475,3.93207756E-06
42,13,3150.58813,3000.86475,3019.63818,3.93207756E-06
42,14,3150.58813,3019.63818,3038.42700,3.93207756E-06
42,15,3150.58813,3038.42700,3057.21509,3.93207756E-06
42,16,3150.58813,3057.21509,3075.98682,3.93207756E-06
42,17,3150.58813,3075.98682,3094.72559,3.93207756E-06
42,18,3150.58813,3094.72559,3113.41650,3.93207756E-06
42,19,3150.58813,3113.41650,3132.04248,3.93207756E-06
42,20,3150.58813,3132.04248,3150.58813,3.93207756E-06
43,1,3171.99414,3150.58813,3258.78271,8.53653637E-06
43,2,3171.99414,3258.78271,3358.76392,8.53653637E-06
43,3,3171.99414,3358.76392,3448.06152,8.53653637E-06
43,4,3171.99414,3448.06152,3524.83325,8.53653637E-06
43,5,3171.99414,3524.83325,3587.86816,8.53653637E-06
43,6,3171.99414,3587.86816,3636.53711,8.53653637E-06
43,7,3171.99414,3636.53711,3670.70581,8.53653637E-06
43,8,3171.99414,3670.70581,3690.64185,8.53653637E-06
43,9,3171.99414,3690.64185,3696.92505,8.53653637E-06
43,10,3171.99414,3696.92505,3690.37207,8.53653637E-06
43,11,3171.99414,3690.37207,3671.97412,8.53653637E-06
43,12,3171.99414,3671.97412,3642.84863,8.53653637E-06
43,13,3171.99414,3642.84863,3604.20166,8.53653637E-06
43,14,3171.99414,3604.20166,3557.29370,8.53653637E-06
43,15,3171.99414,3557.29370,3503.40820,8.53653637E-06
43,16,3171.99414,3503.40820,3443.82031,8.53653637E-06
43,17,3171.99414,3443.82031,3379.76562,8.53653637E-06
43,18,3171.99414,3379.76562,3312.41138,8.53653637E-06
43,19,3171.99414,3312.41138,3242.83350,8.53653637E-06
43,20,3171.99414,3242.83350,3171.99414,8.53653637E-06
44,1,2882.45605,3171.99414,3157.38623,2.65263388E-05
44,2,2882.45605,3157.38623,3142.75537,2.65263388E-05
44,3,2882.45605,3142.75537,3128.10815,2.65263388E-05
44,4,2882.45605,3128.10815,3113.45166,2.65263388E-05
44,5,2882.45605,3113.45166,3098.79224,2.65263388E-05
44,6,2882.45605,3098.79224,3084.13599,2.65263388E-05
44,7,2882.45605,3084.13599,3069.48999,2.65263388E-05
44,8,2882.45605,3069.48999,3054.85962,2.65263388E-05
44,9,2882.45605,3054.85962,3040.25073,2.65263388E-05
44,10,2882.45605,3040.25073,3025.66943,2.65263388E-05
44,11,2882.45605,3025.66943,3011.12012,2.65263388E-05
44,12,2882.45605,3011.12012,2996.60889,2.65263388E-05
44,13,2882.45605,2996.60889,2982.13965,2.65263388E-05
44,14,2882.45605,2982.13965,2967.71851,2.65263388E-05
44,15,2882.45605,2967.71851,2953.34961,2.65263388E-05
44,16,2882.45605,2953.34961,2939.03857,2.65263388E-05
44,17,2882.45605,2939.03857,2924.78931,2.65263388E-05
44,18,2882.45605,2924.78931,2910.60596,2.65263388E-05
44,19,2882.45605,2910.60596,2896.49341,2.65263388E-05
44,20,2882.45605,2896.49341,2882.45605,2.65263388E-05
45,1,2356.82910,2882.45605,2847.86670,1.32240066E-05
45,2,2356.82910,2847.86670,2813.84302,1.32240066E-05
45,3,2356.82910,2813.84302,2780.45020,1.32240066E-05
45,4,2356.82910,2780.45020,2747.75293,1.32240066E-05
45,5,2356.82910,2747.75293,2715.81348,1.32240066E-05
45,6,2356.82910,2715.81348,2684.69312,1.32240066E-05
45,7,2356.82910,2684.69312,2654.44971,1.32240066E-05
45,8,2356.82910,2654.44971,2625.13892,1.32240066E-05
45,9,2356.82910,2625.13892,2596.80933,1.32240066E-05
45,10,2356.82910,2596.80933,2569.50513,1.32240066E-05
45,11,2356.82910,2569.50513,2543.26343,1.32240066E-05
45,12,2356.82910,2543.26343,2518.11377,1.32240066E-05
45,13,2356.82910,2518.11377,2494.07666,1.32240066E-05
45,14,2356.82910,2494.07666,2471.16309,1.32240066E-05
45,15,2356.82910,2471.16309,2449.37598,1.32240066E-05
45,16,2356.82910,2449.37598,2428.70801,1.32240066E-05
45,17,2356.82910,2428.70801,2409.14404,1.32240066E-05
45,18,2356.82910,2409.14404,2390.66211,1.32240066E-05
45,19,2356.82910,2390.66211,2373.23462,1.32240066E-05
45,20,2356.82910,2373.23462,2356.82910,1.32240066E-05
46,1,2288.38696,2356.82910,2352.62549,1.03742444E-04
46,2,2288.38696,2352.62549,2348.51050,1.03742444E-04
46,3,2288.38696,2348.51050,2344.48218,1.03742444E-04
46,4,2288.38696,2344.48218,2340.54028,1.03742444E-04
46,5,2288.38696,2340.54028,2336.68286,1.03742444E-04
46,6,2288.38696,2336.68286,2332.90845,1.03742444E-04
46,7,2288.38696,2332.90845,2329.21655,1.03742444E-04
46,8,2288.38696,2329.21655,2325.60547,1.03742444E-04
46,9,2288.38696,2325.60547,2322.07495,1.03742444E-04
46,10,2288.38696,2322.07495,2318.62329,1.03742444E-04
46,11,2288.38696,2318.62329,2315.24976,1.03742444E-04
46,12,2288.38696,2315.24976,2311.95435,1.03742444E-04
46,13,2288.38696,2311.95435,2308.73608,1.03742444E-04
46,14,2288.38696,2308.73608,2305.59497,1.03742444E-04
46,15,2288.38696,2305.59497,2302.53101,1.03742444E-04
46,16,2288.38696,2302.53101,2299.54468,1.03742444E-04
46,17,2288.38696,2299.54468,2296.63647,1.03742444E-04
46,18,2288.38696,2296.63647,2293.80640,1.03742444E-04
46,19,2288.38696,2293.80640,2291.05640,1.03742444E-04
46,20,2288.38696,2291.05640,2288.38696,1.03742444E-04
47,1,2304.08179,2299.91016,2300.04077,2.85848964E-05
47,2,2304.08179,2300.04077,2300.13647,2.85848964E-05
47,3,2304.08179,2300.13647,2300.37939,2.85848964E-05
47,4,2304.08179,2300.37939,2300.52832,2.85848964E-05
47,5,2304.08179,2300.52832,2300.67725,2.85848964E-05
47,6,2304.08179,2300.67725,2301.13623,2.85848964E-05
47,7,2304.08179,2301.13623,2301.53809,2.85848964E-05
47,8,2304.08179,2301.53809,2301.77954,2.85848964E-05
47,9,2304.08179,2301.77954,2301.74512,2.85848964E-05
47,10,2304.08179,2301.74512,2301.95898,2.85848964E-05
47,11,2304.08179,2301.95898,2302.12622,2.85848964E-05
47,12,2304.08179,2302.12622,2302.60303,2.85848964E-05
47,13,2304.08179,2302.60303,2302.72900,2.85848964E-05
47,14,2304.08179,2302.72900,2302.59277,2.85848964E-05
47,15,2304.08179,2302.59277,2302.11865,2.85848964E-05
47,16,2304.08179,2302.11865,2301.92529,2.85848964E-05
47,17,2304.08179,2301.92529,2302.52905,2.85848964E-05
47,18,2304.08179,2302.52905,2303.26123,2.85848964E-05
47,19,2304.08179,2303.26123,2303.85767,2.85848964E-05
47,20,2304.08179,2303.85767,2304.08179,2.85848964E-05
48,1,2316.43408,2304.08179,2304.28198,4.63516262E-05
48,2,2316.43408,2304.28198,2305.11719,4.63516262E-05
48,3,2316.43408,2305.11719,2305.67798,4.63516262E-05
48,4,2316.43408,2305.67798,2306.22925,4.63516262E-05
48,5,2316.43408,2306.22925,2307.25195,4.63516262E-05
48,6,2316.43408,2307.25195,2308.23438,4.63516262E-05
48,7,2316.43408,2308.23438,2308.85840,4.63516262E-05
48,8,2316.43408,2308.85840,2309.50610,4.63516262E-05
48,9,2316.43408,2309.50610,2310.73633,4.63516262E-05
48,10,2316.43408,2310.73633,2311.16016,4.63516262E-05
48,11,2316.43408,2311.16016,2311.56982,4.63516262E-05
48,12,2316.43408,2311.56982,2311.81177,4.63516262E-05
48,13,2316.43408,2311.81177,2311.94189,4.63516262E-05
48,14,2316.43408,2311.94189,2311.71826,4.63516262E-05
48,15,2316.43408,2311.71826,2312.39868,4.63516262E-05
48,16,2316.43408,2312.39868,2313.92456,4.63516262E-05
48,17,2316.43408,2313.92456,2315.15137,4.63516262E-05
48,18,2316.43408,2315.15137,2315.64160,4.63516262E-05
48,19,2316.43408,2315.64160,2315.69507,4.63516262E-05
48,20,2316.43408,2315.69507,2316.43408,4.63516262E-05
49,1,2316.33252,2316.43408,2316.66235,2.28592353E-06
49,2,2316.33252,2316.66235,2316.91553,2.28592353E-06
49,3,2316.33252,2316.91553,2317.04004,2.28592353E-06
49,4,2316.33252,2317.04004,2316.96606,2.28592353E-06
49,5,2316.33252,2316.96606,2317.43018,2.28592353E-06
49,6,2316.33252,2317.43018,2317.82495,2.28592353E-06
49,7,2316.33252,2317.82495,2318.11719,2.28592353E-06
49,8,2316.33252,2318.11719,2317.82642,2.28592353E-06
49,9,2316.33252,2317.82642,2317.55811,2.28592353E-06
49,10,2316.33252,2317.55811,2317.71997,2.28592353E-06
49,11,2316.33252,2317.71997,2317.52002,2.28592353E-06
49,12,2316.33252,2317.52002,2317.41162,2.28592353E-06
49,13,2316.33252,2317.41162,2317.54321,2.28592353E-06
49,14,2316.33252,2317.54321,2317.21704,2.28592353E-06
49,15,2316.33252,2317.21704,2316.66406,2.28592353E-06
49,16,2316.33252,2316.66406,2316.33984,2.28592353E-06
49,17,2316.33252,2316.33984,2316.83008,2.28592353E-06
49,18,2316.33252,2316.83008,2316.91528,2.28592353E-06
49,19,2316.33252,2316.91528,2316.61963,2.28592353E-06
49,20,2316.33252,2316.61963,2316.33252,2.28592353E-06
50,1,2367.15942,2362.21948,2363.46021,2.46128147E-05
50,2,2367.15942,2363.46021,2361.95679,2.46128147E-05
50,3,2367.15942,2361.95679,2361.11572,2.46128147E-05
50,4,2367.15942,2361.11572,2362.09961,2.46128147E-05
50,5,2367.15942,2362.09961,2364.10034,2.46128147E-05
50,6,2367.15942,2364.10034,2363.75708,2.46128147E-05
50,7,2367.15942,2363.75708,2362.67627,2.46128147E-05
50,8,2367.15942,2362.67627,2361.11670,2.46128147E-05
50,9,2367.15942,2361.11670,2362.01660,2.46128147E-05
50,10,2367.15942,2362.01660,2360.57788,2.46128147E-05
50,11,2367.15942,2360.57788,2362.45312,2.46128147E-05
50,12,2367.15942,2362.45312,2361.97803,2.46128147E-05
50,13,2367.15942,2361.97803,2364.60742,2.46128147E-05
50,14,2367.15942,2364.60742,2364.67285,2.46128147E-05
50,15,2367.15942,2364.67285,2364.52002,2.46128147E-05
50,16,2367.15942,2364.52002,2364.80859,2.46128147E-05
50,17,2367.15942,2364.80859,2365.37720,2.46128147E-05
50,18,2367.15942,2365.37720,2367.51733,2.46128147E-05
50,19,2367.15942,2367.51733,2369.29272,2.46128147E-05
50,20,2367.15942,2369.29272,2367.15942,2.46128147E-05
51,1,2372.28662,2367.15942,2365.62134,4.38097504E-06
51,2,2372.28662,2365.62134,2364.50024,4.38097504E-06
51,3,2372.28662,2364.50024,2363.70288,4.38097504E-06
51,4,2372.28662,2363.70288,2364.44482,4.38097504E-06
51,5,2372.28662,2364.44482,2364.02246,4.38097504E-06
51,6,2372.28662,2364.02246,2365.56348,4.38097504E-06
51,7,2372.28662,2365.56348,2365.31519,4.38097504E-06
51,8,2372.28662,2365.31519,2366.92090,4.38097504E-06
51,9,2372.28662,2366.92090,2368.69189,4.38097504E-06
51,10,2372.28662,2368.69189,2369.59033,4.38097504E-06
51,11,2372.28662,2369.59033,2371.36694,4.38097504E-06
51,12,2372.28662,2371.36694,2370.31250,4.38097504E-06
51,13,2372.28662,2370.31250,2370.28174,4.38097504E-06
51,14,2372.28662,2370.28174,2368.38647,4.38097504E-06
51,15,2372.28662,2368.38647,2366.91357,4.38097504E-06
51,16,2372.28662,2366.91357,2366.00220,4.38097504E-06
51,17,2372.28662,2366.00220,2366.90381,4.38097504E-06
51,18,2372.28662,2366.90381,2369.50732,4.38097504E-06
51,19,2372.28662,2369.50732,2372.26562,4.38097504E-06
51,20,2372.28662,2372.26562,2372.28662,4.38097504E-06
52,1,2405.82666,2401.55029,2399.34668,1.97002259E-06
52,2,2405.82666,2399.34668,2395.99243,1.97002259E-06
52,3,2405.82666,2395.99243,2392.81738,1.97002259E-06
52,4,2405.82666,2392.81738,2390.83765,1.97002259E-06
52,5,2405.82666,2390.83765,2389.76929,1.97002259E-06
52,6,2405.82666,2389.76929,2389.59888,1.97002259E-06
52,7,2405.82666,2389.59888,2390.68555,1.97002259E-06
52,8,2405.82666,2390.68555,2392.65356,1.97002259E-06
52,9,2405.82666,2392.65356,2393.01636,1.97002259E-06
52,10,2405.82666,2393.01636,2392.84912,1.97002259E-06
52,11,2405.82666,2392.84912,2394.26709,1.97002259E-06
52,12,2405.82666,2394.26709,2396.41138,1.97002259E-06
52,13,2405.82666,2396.41138,2398.05151,1.97002259E-06
52,14,2405.82666,2398.05151,2404.06006,1.97002259E-06
52,15,2405.82666,2404.06006,2401.78833,1.97002259E-06
52,16,2405.82666,2401.78833,2403.17090,1.97002259E-06
52,17,2405.82666,2403.17090,2402.87134,1.97002259E-06
52,18,2405.82666,2402.87134,2401.15674,1.97002259E-06
52,19,2405.82666,2401.15674,2402.57007,1.97002259E-06
52,20,2405.82666,2402.57007,2405.82666,1.97002259E-06
53,1,2407.89673,2405.82666,2405.29736,8.45911200E-05
53,2,2407.89673,2405.29736,2407.13574,8.45911200E-05
53,3,2407.89673,2407.13574,2405.18896,8.45911200E-05
53,4,2407.89673,2405.18896,2404.99219,8.45911200E-05
53,5,2407.89673,2404.99219,2405.26733,8.45911200E-05
53,6,2407.89673,2405.26733,2406.13086,8.45911200E-05
53,7,2407.89673,2406.13086,2407.02734,8.45911200E-05
53,8,2407.89673,2407.02734,2406.86230,8.45911200E-05
53,9,2407.89673,2406.86230,2405.99414,8.45911200E-05
53,10,2407.89673,2405.99414,2405.94312,8.45911200E-05
53,11,2407.89673,2405.94312,2405.01904,8.45911200E-05
53,12,2407.89673,2405.01904,2405.75586,8.45911200E-05
53,13,2407.89673,2405.75586,2406.84570,8.45911200E-05
53,14,2407.89673,2406.84570,2407.64941,8.45911200E-05
53,15,2407.89673,2407.64941,2408.23438,8.45911200E-05
53,16,2407.89673,2408.23438,2408.09595,8.45911200E-05
53,17,2407.89673,2408.09595,2407.01489,8.45911200E-05
53,18,2407.89673,2407.01489,2406.86035,8.45911200E-05
53,19,2407.89673,2406.86035,2407.33301,8.45911200E-05
53,20,2407.89673,2407.33301,2407.89673,8.45911200E-05
54,1,2391.10669,2407.89673,2407.61670,2.17153729E-06
54,2,2391.10669,2407.61670,2405.73608,2.17153729E-06
54,3,2391.10669,2405.73608,2403.04956,2.17153729E-06
54,4,2391.10669,2403.04956,2401.50879,2.17153729E-06
54,5,2391.10669,2401.50879,2400.15161,2.17153729E-06
54,6,2391.10669,2400.15161,2397.35229,2.17153729E-06
54,7,2391.10669,2397.35229,2396.89453,2.17153729E-06
54,8,2391.10669,2396.89453,2399.41284,2.17153729E-06
54,9,2391.10669,2399.41284,2400.62378,2.17153729E-06
54,10,2391.10669,2400.62378,2399.45898,2.17153729E-06
54,11,2391.10669,2399.45898,2396.66553,2.17153729E-06
54,12,2391.10669,2396.66553,2394.44312,2.17153729E-06
54,13,2391.10669,2394.44312,2392.19873,2.17153729E-06
54,14,2391.10669,2392.19873,2392.18286,2.17153729E-06
54,15,2391.10669,2392.18286,2391.78003,2.17153729E-06
54,16,2391.10669,2391.78003,2392.83862,2.17153729E-06
54,17,2391.10669,2392.83862,2392.07910,2.17153729E-06
54,18,2391.10669,2392.07910,2391.32642,2.17153729E-06
54,19,2391.10669,2391.32642,2389.36646,2.17153729E-06
54,20,2391.10669,2389.36646,2391.10669,2.17153729E-06
55,1,2395.53833,2391.10669,2391.05469,9.61495607E-06
55,2,2395.53833,2391.05469,2391.67285,9.61495607E-06
55,3,2395.53833,2391.67285,2392.58862,9.61495607E-06
55,4,2395.53833,2392.58862,2395.35425,9.61495607E-06
55,5,2395.53833,2395.35425,2395.68530,9.61495607E-06
55,6,2395.53833,2395.68530,2395.94702,9.61495607E-06
55,7,2395.53833,2395.94702,2394.39526,9.61495607E-06
55,8,2395.53833,2394.39526,2395.01880,9.61495607E-06
55,9,2395.53833,2395.01880,2395.57349,9.61495607E-06
55,10,2395.53833,2395.57349,2398.70874,9.61495607E-06
55,11,2395.53833,2398.70874,2399.95557,9.61495607E-06
55,12,2395.53833,2399.95557,2403.07715,9.61495607E-06
55,13,2395.53833,2403.07715,2404.79956,9.61495607E-06
55,14,2395.53833,2404.79956,2405.39502,9.61495607E-06
55,15,2395.53833,2405.39502,2404.10742,9.61495607E-06
55,16,2395.53833,2404.10742,2402.10498,9.61495607E-06
55,17,2395.53833,2402.10498,2401.07568,9.61495607E-06
55,18,2395.53833,2401.07568,2398.11426,9.61495607E-06
55,19,2395.53833,2398.11426,2395.55884,9.61495607E-06
55,20,2395.53833,2395.55884,2395.53833,9.61495607E-06
56,1,2401.39355,2395.53833,2395.10571,3.91715366E-06
56,2,2401.39355,2395.10571,2395.52563,3.91715366E-06
56,3,2401.39355,2395.52563,2394.89258,3.91715366E-06
56,4,2401.39355,2394.89258,2396.68164,3.91715366E-06
56,5,2401.39355,2396.68164,2398.46655,3.91715366E-06
56,6,2401.39355,2398.46655,2399.98413,3.91715366E-06
56,7,2401.39355,2399.98413,2401.05835,3.91715366E-06
56,8,2401.39355,2401.05835,2403.36084,3.91715366E-06
56,9,2401.39355,2403.36084,2407.78491,3.91715366E-06
56,10,2401.39355,2407.78491,2414.11865,3.91715366E-06
56,11,2401.39355,2414.11865,2415.19409,3.91715366E-06
56,12,2401.39355,2415.19409,2416.28809,3.91715366E-06
56,13,2401.39355,2416.28809,2416.88770,3.91715366E-06
56,14,2401.39355,2416.88770,2417.15942,3.91715366E-06
56,15,2401.39355,2417.15942,2412.58179,3.91715366E-06
56,16,2401.39355,2412.58179,2406.28003,3.91715366E-06
56,17,2401.39355,2406.28003,2402.96436,3.91715366E-06
56,18,2401.39355,2402.96436,2404.13086,3.91715366E-06
56,19,2401.39355,2404.13086,2402.94946,3.91715366E-06
56,20,2401.39355,2402.94946,2401.39355,3.91715366E-06
57,1,2408.18750,2408.78418,2411.48071,2.62227218E-06
57,2,2408.18750,2411.48071,2414.84595,2.62227218E-06
57,3,2408.18750,2414.84595,2412.53027,2.62227218E-06
57,4,2408.18750,2412.53027,2405.72144,2.62227218E-06
57,5,2408.18750,2405.72144,2404.87036,2.62227218E-06
57,6,2408.18750,2404.87036,2407.04956,2.62227218E-06
57,7,2408.18750,2407.04956,2405.64746,2.62227218E-06
57,8,2408.18750,2405.64746,2401.06982,2.62227218E-06
57,9,2408.18750,2401.06982,2396.62891,2.62227218E-06
57,10,2408.18750,2396.62891,2399.25073,2.62227218E-06
57,11,2408.18750,2399.25073,2403.44702,2.62227218E-06
57,12,2408.18750,2403.44702,2403.54395,2.62227218E-06
57,13,2408.18750,2403.54395,2403.03906,2.62227218E-06
57,14,2408.18750,2403.03906,2405.84619,2.62227218E-06
57,15,2408.18750,2405.84619,2408.79761,2.62227218E-06
57,16,2408.18750,2408.79761,2408.96704,2.62227218E-06
57,17,2408.18750,2408.96704,2408.63721,2.62227218E-06
57,18,2408.18750,2408.63721,2406.07959,2.62227218E-06
57,19,2408.18750,2406.07959,2406.65942,2.62227218E-06
57,20,2408.18750,2406.65942,2408.18750,2.62227218E-06
58,1,2412.45483,2408.18750,2412.84863,1.29878545E-05
58,2,2412.45483,2412.84863,2407.91675,1.29878545E-05
58,3,2412.45483,2407.91675,2398.73657,1.29878545E-05
58,4,2412.45483,2398.73657,2402.62988,1.29878545E-05
58,5,2412.45483,2402.62988,2412.39087,1.29878545E-05
58,6,2412.45483,2412.39087,2409.82520,1.29878545E-05
58,7,2412.45483,2409.82520,2405.69287,1.29878545E-05
58,8,2412.45483,2405.69287,2416.07153,1.29878545E-05
58,9,2412.45483,2416.07153,2414.60059,1.29878545E-05
58,10,2412.45483,2414.60059,2405.49609,1.29878545E-05
58,11,2412.45483,2405.49609,2406.80713,1.29878545E-05
58,12,2412.45483,2406.80713,2412.30664,1.29878545E-05
58,13,2412.45483,2412.30664,2424.81738,1.29878545E-05
58,14,2412.45483,2424.81738,2421.65625,1.29878545E-05
58,15,2412.45483,2421.65625,2404.55469,1.29878545E-05
58,16,2412.45483,2404.55469,2393.66528,1.29878545E-05
58,17,2412.45483,2393.66528,2407.61060,1.29878545E-05
58,18,2412.45483,2407.61060,2420.00488,1.29878545E-05
58,19,2412.45483,2420.00488,2409.99927,1.29878545E-05
58,20,2412.45483,2409.99927,2412.45483,1.29878545E-05
