i,k,old_q,old_q_ch_in,old_q_ch_out,qlat_ch_old
1,1,25.4506187,0.00000000,1.28474140,2.95770369E-05
1,2,25.4506187,1.28474140,2.56889153,2.95770369E-05
1,3,25.4506187,2.56889153,3.85645413,2.95770369E-05
1,4,25.4506187,3.85645413,5.13421106,2.95770369E-05
1,5,25.4506187,5.13421106,6.42286110,2.95770369E-05
1,6,25.4506187,6.42286110,7.72753716,2.95770369E-05
1,7,25.4506187,7.72753716,8.95661736,2.95770369E-05
1,8,25.4506187,8.95661736,10.3180037,2.95770369E-05
1,9,25.4506187,10.3180037,11.5034504,2.95770369E-05
1,10,25.4506187,11.5034504,12.9149275,2.95770369E-05
1,11,25.4506187,12.9149275,14.1399193,2.95770369E-05
1,12,25.4506187,14.1399193,15.3621979,2.95770369E-05
1,13,25.4506187,15.3621979,16.6242294,2.95770369E-05
1,14,25.4506187,16.6242294,18.1225719,2.95770369E-05
1,15,25.4506187,18.1225719,19.3356285,2.95770369E-05
1,16,25.4506187,19.3356285,20.3285561,2.95770369E-05
1,17,25.4506187,20.3285561,21.9143181,2.95770369E-05
1,18,25.4506187,21.9143181,23.4612617,2.95770369E-05
1,19,25.4506187,23.4612617,23.9801178,2.95770369E-05
1,20,25.4506187,23.9801178,25.4506187,2.95770369E-05
2,1,6.42749977,0.00000000,0.323814332,1.30636581E-05
2,2,6.42749977,0.323814332,0.655913293,1.30636581E-05
2,3,6.42749977,0.655913293,0.945862293,1.30636581E-05
2,4,6.42749977,0.945862293,1.31981194,1.30636581E-05
2,5,6.42749977,1.31981194,1.63777471,1.30636581E-05
2,6,6.42749977,1.63777471,1.92632794,1.30636581E-05
2,7,6.42749977,1.92632794,2.24868393,1.30636581E-05
2,8,6.42749977,2.24868393,2.59636307,1.30636581E-05
2,9,6.42749977,2.59636307,2.95032597,1.30636581E-05
2,10,6.42749977,2.95032597,3.23049450,1.30636581E-05
2,11,6.42749977,3.23049450,3.56600761,1.30636581E-05
2,12,6.42749977,3.56600761,3.87023449,1.30636581E-05
2,13,6.42749977,3.87023449,4.18954706,1.30636581E-05
2,14,6.42749977,4.18954706,4.54286909,1.30636581E-05
2,15,6.42749977,4.54286909,4.89329863,1.30636581E-05
2,16,6.42749977,4.89329863,5.23758364,1.30636581E-05
2,17,6.42749977,5.23758364,5.53755808,1.30636581E-05
2,18,6.42749977,5.53755808,5.80963612,1.30636581E-05
2,19,6.42749977,5.80963612,6.08655167,1.30636581E-05
2,20,6.42749977,6.08655167,6.42749977,1.30636581E-05
3,1,4.22233534,0.00000000,0.211091310,3.15566285E-06
3,2,4.22233534,0.211091310,0.422182620,3.15566285E-06
3,3,4.22233534,0.422182620,0.633273959,3.15566285E-06
3,4,4.22233534,0.633273959,0.844365239,3.15566285E-06
3,5,4.22233534,0.844365239,1.05545652,3.15566285E-06
3,6,4.22233534,1.05545652,1.26654780,3.15566285E-06
3,7,4.22233534,1.26654780,1.47763956,3.15566285E-06
3,8,4.22233534,1.47763956,1.68872654,3.15566285E-06
3,9,4.22233534,1.68872654,1.89984190,3.15566285E-06
3,10,4.22233534,1.89984190,2.11082768,3.15566285E-06
3,11,4.22233534,2.11082768,2.32229066,3.15566285E-06
3,12,4.22233534,2.32229066,2.53237104,3.15566285E-06
3,13,4.22233534,2.53237104,2.74547815,3.15566285E-06
3,14,4.22233534,2.74547815,2.95401812,3.15566285E-06
3,15,4.22233534,2.95401812,3.16590023,3.15566285E-06
3,16,4.22233534,3.16590023,3.38086867,3.15566285E-06
3,17,4.22233534,3.38086867,3.58488679,3.15566285E-06
3,18,4.22233534,3.58488679,3.79800987,3.15566285E-06
3,19,4.22233534,3.79800987,4.01656342,3.15566285E-06
3,20,4.22233534,4.01656342,4.22233534,3.15566285E-06
4,1,25.9382420,0.00000000,1.30316687,2.12551640E-05
4,2,25.9382420,1.30316687,2.60343099,2.12551640E-05
4,3,25.9382420,2.60343099,3.89088869,2.12551640E-05
4,4,25.9382420,3.89088869,5.27618885,2.12551640E-05
4,5,25.9382420,5.27618885,6.41722870,2.12551640E-05
4,6,25.9382420,6.41722870,7.84912395,2.12551640E-05
4,7,25.9382420,7.84912395,9.16542149,2.12551640E-05
4,8,25.9382420,9.16542149,10.3631926,2.12551640E-05
4,9,25.9382420,10.3631926,11.6857738,2.12551640E-05
4,10,25.9382420,11.6857738,13.0861492,2.12551640E-05
4,11,25.9382420,13.0861492,14.4369049,2.12551640E-05
4,12,25.9382420,14.4369049,15.4955044,2.12551640E-05
4,13,25.9382420,15.4955044,16.9469452,2.12551640E-05
4,14,25.9382420,16.9469452,18.1467533,2.12551640E-05
4,15,25.9382420,18.1467533,19.3362694,2.12551640E-05
4,16,25.9382420,19.3362694,21.2438869,2.12551640E-05
4,17,25.9382420,21.2438869,22.1779785,2.12551640E-05
4,18,25.9382420,22.1779785,23.4306164,2.12551640E-05
4,19,25.9382420,23.4306164,24.6684532,2.12551640E-05
4,20,25.9382420,24.6684532,25.9382420,2.12551640E-05
5,1,2.95317936,0.00000000,0.148236319,2.52465907E-06
5,2,2.95317936,0.148236319,0.296470165,2.52465907E-06
5,3,2.95317936,0.296470165,0.444729835,2.52465907E-06
5,4,2.95317936,0.444729835,0.592832208,2.52465907E-06
5,5,2.95317936,0.592832208,0.741539359,2.52465907E-06
5,6,2.95317936,0.741539359,0.888784468,2.52465907E-06
5,7,2.95317936,0.888784468,1.03794932,2.52465907E-06
5,8,2.95317936,1.03794932,1.18700564,2.52465907E-06
5,9,2.95317936,1.18700564,1.33194554,2.52465907E-06
5,10,2.95317936,1.33194554,1.48339236,2.52465907E-06
5,11,2.95317936,1.48339236,1.62979019,2.52465907E-06
5,12,2.95317936,1.62979019,1.78556859,2.52465907E-06
5,13,2.95317936,1.78556859,1.91342080,2.52465907E-06
5,14,2.95317936,1.91342080,2.08846784,2.52465907E-06
5,15,2.95317936,2.08846784,2.21037340,2.52465907E-06
5,16,2.95317936,2.21037340,2.39056015,2.52465907E-06
5,17,2.95317936,2.39056015,2.50441408,2.52465907E-06
5,18,2.95317936,2.50441408,2.67549944,2.52465907E-06
5,19,2.95317936,2.67549944,2.81139469,2.52465907E-06
5,20,2.95317936,2.81139469,2.95317936,2.52465907E-06
6,1,4.30802584,0.00000000,0.215486825,1.42401914E-05
6,2,4.30802584,0.215486825,0.430636555,1.42401914E-05
6,3,4.30802584,0.430636555,0.642259538,1.42401914E-05
6,4,4.30802584,0.642259538,0.874284148,1.42401914E-05
6,5,4.30802584,0.874284148,1.06129849,1.42401914E-05
6,6,4.30802584,1.06129849,1.29420483,1.42401914E-05
6,7,4.30802584,1.29420483,1.51806724,1.42401914E-05
6,8,4.30802584,1.51806724,1.71674967,1.42401914E-05
6,9,4.30802584,1.71674967,1.92795372,1.42401914E-05
6,10,4.30802584,1.92795372,2.15895367,1.42401914E-05
6,11,4.30802584,2.15895367,2.38654661,1.42401914E-05
6,12,4.30802584,2.38654661,2.58704329,1.42401914E-05
6,13,4.30802584,2.58704329,2.77549219,1.42401914E-05
6,14,4.30802584,2.77549219,3.02497745,1.42401914E-05
6,15,4.30802584,3.02497745,3.18247747,1.42401914E-05
6,16,4.30802584,3.18247747,3.48236871,1.42401914E-05
6,17,4.30802584,3.48236871,3.67656994,1.42401914E-05
6,18,4.30802584,3.67656994,3.89489865,1.42401914E-05
6,19,4.30802584,3.89489865,4.09473181,1.42401914E-05
6,20,4.30802584,4.09473181,4.30802584,1.42401914E-05
7,1,0.520754397,0.00000000,2.62808762E-02,1.99702845E-06
7,2,0.520754397,2.62808762E-02,5.25096357E-02,1.99702845E-06
7,3,0.520754397,5.25096357E-02,7.88845122E-02,1.99702845E-06
7,4,0.520754397,7.88845122E-02,0.105311126,1.99702845E-06
7,5,0.520754397,0.105311126,0.130459964,1.99702845E-06
7,6,0.520754397,0.130459964,0.159077093,1.99702845E-06
7,7,0.520754397,0.159077093,0.182692826,1.99702845E-06
7,8,0.520754397,0.182692826,0.210699320,1.99702845E-06
7,9,0.520754397,0.210699320,0.237459153,1.99702845E-06
7,10,0.520754397,0.237459153,0.261335403,1.99702845E-06
7,11,0.520754397,0.261335403,0.287504941,1.99702845E-06
7,12,0.520754397,0.287504941,0.318752557,1.99702845E-06
7,13,0.520754397,0.318752557,0.337455213,1.99702845E-06
7,14,0.520754397,0.337455213,0.376985818,1.99702845E-06
7,15,0.520754397,0.376985818,0.387362212,1.99702845E-06
7,16,0.520754397,0.387362212,0.412216067,1.99702845E-06
7,17,0.520754397,0.412216067,0.457941949,1.99702845E-06
7,18,0.520754397,0.457941949,0.474132001,1.99702845E-06
7,19,0.520754397,0.474132001,0.495341986,1.99702845E-06
7,20,0.520754397,0.495341986,0.520754397,1.99702845E-06
8,1,0.819904208,0.00000000,4.09999155E-02,5.46893079E-06
8,2,0.819904208,4.09999155E-02,8.19386095E-02,5.46893079E-06
8,3,0.819904208,8.19386095E-02,0.122181058,5.46893079E-06
8,4,0.819904208,0.122181058,0.166375682,5.46893079E-06
8,5,0.819904208,0.166375682,0.201938614,5.46893079E-06
8,6,0.819904208,0.201938614,0.246180907,5.46893079E-06
8,7,0.819904208,0.246180907,0.288867325,5.46893079E-06
8,8,0.819904208,0.288867325,0.326702535,5.46893079E-06
8,9,0.819904208,0.326702535,0.366772115,5.46893079E-06
8,10,0.819904208,0.366772115,0.410686791,5.46893079E-06
8,11,0.819904208,0.410686791,0.454006732,5.46893079E-06
8,12,0.819904208,0.454006732,0.492679656,5.46893079E-06
8,13,0.819904208,0.492679656,0.527655602,5.46893079E-06
8,14,0.819904208,0.527655602,0.575914025,5.46893079E-06
8,15,0.819904208,0.575914025,0.605488360,5.46893079E-06
8,16,0.819904208,0.605488360,0.661929905,5.46893079E-06
8,17,0.819904208,0.661929905,0.699575365,5.46893079E-06
8,18,0.819904208,0.699575365,0.741324544,5.46893079E-06
8,19,0.819904208,0.741324544,0.779370189,5.46893079E-06
8,20,0.819904208,0.779370189,0.819904208,5.46893079E-06
9,1,0.742490530,0.00000000,3.64713334E-02,5.68682344E-06
9,2,0.742490530,3.64713334E-02,7.50847310E-02,5.68682344E-06
9,3,0.742490530,7.50847310E-02,0.106196776,5.68682344E-06
9,4,0.742490530,0.106196776,0.146898389,5.68682344E-06
9,5,0.742490530,0.146898389,0.187355816,5.68682344E-06
9,6,0.742490530,0.187355816,0.220509648,5.68682344E-06
9,7,0.742490530,0.220509648,0.254231393,5.68682344E-06
9,8,0.742490530,0.254231393,0.290988952,5.68682344E-06
9,9,0.742490530,0.290988952,0.327208340,5.68682344E-06
9,10,0.742490530,0.327208340,0.375399262,5.68682344E-06
9,11,0.742490530,0.375399262,0.398725778,5.68682344E-06
9,12,0.742490530,0.398725778,0.438598126,5.68682344E-06
9,13,0.742490530,0.438598126,0.481093645,5.68682344E-06
9,14,0.742490530,0.481093645,0.512746513,5.68682344E-06
9,15,0.742490530,0.512746513,0.543514729,5.68682344E-06
9,16,0.742490530,0.543514729,0.581177115,5.68682344E-06
9,17,0.742490530,0.581177115,0.624481142,5.68682344E-06
9,18,0.742490530,0.624481142,0.665984094,5.68682344E-06
9,19,0.742490530,0.665984094,0.704815328,5.68682344E-06
9,20,0.742490530,0.704815328,0.742490530,5.68682344E-06
10,1,0.242748320,0.00000000,1.19048608E-02,2.45661340E-06
10,2,0.242748320,1.19048608E-02,2.46221106E-02,2.45661340E-06
10,3,0.242748320,2.46221106E-02,3.47142145E-02,2.45661340E-06
10,4,0.242748320,3.47142145E-02,4.76680174E-02,2.45661340E-06
10,5,0.242748320,4.76680174E-02,6.16290420E-02,2.45661340E-06
10,6,0.242748320,6.16290420E-02,7.19195455E-02,2.45661340E-06
10,7,0.242748320,7.19195455E-02,8.32890794E-02,2.45661340E-06
10,8,0.242748320,8.32890794E-02,9.52352211E-02,2.45661340E-06
10,9,0.242748320,9.52352211E-02,0.106993683,2.45661340E-06
10,10,0.242748320,0.106993683,0.121228166,2.45661340E-06
10,11,0.242748320,0.121228166,0.132371783,2.45661340E-06
10,12,0.242748320,0.132371783,0.142287061,2.45661340E-06
10,13,0.242748320,0.142287061,0.156901613,2.45661340E-06
10,14,0.242748320,0.156901613,0.168620825,2.45661340E-06
10,15,0.242748320,0.168620825,0.178468153,2.45661340E-06
10,16,0.242748320,0.178468153,0.189519033,2.45661340E-06
10,17,0.242748320,0.189519033,0.202653870,2.45661340E-06
10,18,0.242748320,0.202653870,0.216911942,2.45661340E-06
10,19,0.242748320,0.216911942,0.229487628,2.45661340E-06
10,20,0.242748320,0.229487628,0.242748320,2.45661340E-06
11,1,2.87044430,0.00000000,0.145052835,2.47191679E-06
11,2,2.87044430,0.145052835,0.289805651,2.47191679E-06
11,3,2.87044430,0.289805651,0.435353190,2.47191679E-06
11,4,2.87044430,0.435353190,0.581428528,2.47191679E-06
11,5,2.87044430,0.581428528,0.719699860,2.47191679E-06
11,6,2.87044430,0.719699860,0.878177345,2.47191679E-06
11,7,2.87044430,0.878177345,1.00852275,2.47191679E-06
11,8,2.87044430,1.00852275,1.16218138,2.47191679E-06
11,9,2.87044430,1.16218138,1.31124473,2.47191679E-06
11,10,2.87044430,1.31124473,1.44392037,2.47191679E-06
11,11,2.87044430,1.44392037,1.58307886,2.47191679E-06
11,12,2.87044430,1.58307886,1.76316667,2.47191679E-06
11,13,2.87044430,1.76316667,1.85717511,2.47191679E-06
11,14,2.87044430,1.85717511,2.08077216,2.47191679E-06
11,15,2.87044430,2.08077216,2.15504694,2.47191679E-06
11,16,2.87044430,2.15504694,2.25782204,2.47191679E-06
11,17,2.87044430,2.25782204,2.51921058,2.47191679E-06
11,18,2.87044430,2.51921058,2.63269210,2.47191679E-06
11,19,2.87044430,2.63269210,2.73796082,2.47191679E-06
11,20,2.87044430,2.73796082,2.87044430,2.47191679E-06
12,1,1.08026791,0.00000000,5.39416894E-02,1.30326373E-06
12,2,1.08026791,5.39416894E-02,0.107735872,1.30326373E-06
12,3,1.08026791,0.107735872,0.161523223,1.30326373E-06
12,4,1.08026791,0.161523223,0.217417449,1.30326373E-06
12,5,1.08026791,0.217417449,0.266084522,1.30326373E-06
12,6,1.08026791,0.266084522,0.326326609,1.30326373E-06
12,7,1.08026791,0.326326609,0.377410829,1.30326373E-06
12,8,1.08026791,0.377410829,0.428861439,1.30326373E-06
12,9,1.08026791,0.428861439,0.486728311,1.30326373E-06
12,10,1.08026791,0.486728311,0.542451203,1.30326373E-06
12,11,1.08026791,0.542451203,0.591736674,1.30326373E-06
12,12,1.08026791,0.591736674,0.640676498,1.30326373E-06
12,13,1.08026791,0.640676498,0.706577957,1.30326373E-06
12,14,1.08026791,0.706577957,0.744741082,1.30326373E-06
12,15,1.08026791,0.744741082,0.821162760,1.30326373E-06
12,16,1.08026791,0.821162760,0.872803450,1.30326373E-06
12,17,1.08026791,0.872803450,0.902178347,1.30326373E-06
12,18,1.08026791,0.902178347,0.968289733,1.30326373E-06
12,19,1.08026791,0.968289733,1.02002084,1.30326373E-06
12,20,1.08026791,1.02002084,1.08026791,1.30326373E-06
13,1,9.56625462,0.00000000,0.479049146,5.84618601E-06
13,2,9.56625462,0.479049146,0.957009673,5.84618601E-06
13,3,9.56625462,0.957009673,1.43740988,5.84618601E-06
13,4,9.56625462,1.43740988,1.92188215,5.84618601E-06
13,5,9.56625462,1.92188215,2.37392116,5.84618601E-06
13,6,9.56625462,2.37392116,2.90135431,5.84618601E-06
13,7,9.56625462,2.90135431,3.33298612,5.84618601E-06
13,8,9.56625462,3.33298612,3.83161879,5.84618601E-06
13,9,9.56625462,3.83161879,4.33404255,5.84618601E-06
13,10,9.56625462,4.33404255,4.78252983,5.84618601E-06
13,11,9.56625462,4.78252983,5.20508099,5.84618601E-06
13,12,9.56625462,5.20508099,5.83711910,5.84618601E-06
13,13,9.56625462,5.83711910,6.11332703,5.84618601E-06
13,14,9.56625462,6.11332703,6.85029793,5.84618601E-06
13,15,9.56625462,6.85029793,7.22736359,5.84618601E-06
13,16,9.56625462,7.22736359,7.41281605,5.84618601E-06
13,17,9.56625462,7.41281605,8.20376205,5.84618601E-06
13,18,9.56625462,8.20376205,8.77034760,5.84618601E-06
13,19,9.56625462,8.77034760,9.06414127,5.84618601E-06
13,20,9.56625462,9.06414127,9.56625462,5.84618601E-06
14,1,20.7701206,0.00000000,0.202338085,1.49186553E-05
14,2,20.7701206,0.202338085,0.403198093,1.49186553E-05
14,3,20.7701206,0.403198093,0.600911021,1.49186553E-05
14,4,20.7701206,0.600911021,0.794235706,1.49186553E-05
14,5,20.7701206,0.794235706,0.983976960,1.49186553E-05
14,6,20.7701206,0.983976960,1.17482579,1.49186553E-05
14,7,20.7701206,1.17482579,1.37701666,1.49186553E-05
14,8,20.7701206,1.37701666,1.60752666,1.49186553E-05
14,9,20.7701206,1.60752666,1.89072156,1.49186553E-05
14,10,20.7701206,1.89072156,2.25846338,1.49186553E-05
14,11,20.7701206,2.25846338,2.74974942,1.49186553E-05
14,12,20.7701206,2.74974942,3.40990472,1.49186553E-05
14,13,20.7701206,3.40990472,4.28930664,1.49186553E-05
14,14,20.7701206,4.28930664,5.44154882,1.49186553E-05
14,15,20.7701206,5.44154882,6.92099094,1.49186553E-05
14,16,20.7701206,6.92099094,8.77969170,1.49186553E-05
14,17,20.7701206,8.77969170,11.0639000,1.49186553E-05
14,18,20.7701206,11.0639000,13.8103809,1.49186553E-05
14,19,20.7701206,13.8103809,17.0430183,1.49186553E-05
14,20,20.7701206,17.0430183,20.7701206,1.49186553E-05
15,1,5.40633106,4.96482563,4.96226406,1.27731630E-06
15,2,5.40633106,4.96226406,4.97654390,1.27731630E-06
15,3,5.40633106,4.97654390,5.02538872,1.27731630E-06
15,4,5.40633106,5.02538872,5.03341150,1.27731630E-06
15,5,5.40633106,5.03341150,5.03362846,1.27731630E-06
15,6,5.40633106,5.03362846,5.04936790,1.27731630E-06
15,7,5.40633106,5.04936790,5.10980082,1.27731630E-06
15,8,5.40633106,5.10980082,5.09911346,1.27731630E-06
15,9,5.40633106,5.09911346,5.12834406,1.27731630E-06
15,10,5.40633106,5.12834406,5.19294596,1.27731630E-06
15,11,5.40633106,5.19294596,5.14526701,1.27731630E-06
15,12,5.40633106,5.14526701,5.20407534,1.27731630E-06
15,13,5.40633106,5.20407534,5.22066164,1.27731630E-06
15,14,5.40633106,5.22066164,5.13628435,1.27731630E-06
15,15,5.40633106,5.13628435,5.28255796,1.27731630E-06
15,16,5.40633106,5.28255796,5.43123579,1.27731630E-06
15,17,5.40633106,5.43123579,5.29614401,1.27731630E-06
15,18,5.40633106,5.29614401,5.25102282,1.27731630E-06
15,19,5.40633106,5.25102282,5.28111172,1.27731630E-06
15,20,5.40633106,5.28111172,5.40633106,1.27731630E-06
16,1,1.57159495,0.819904208,0.845048726,4.19674461E-06
16,2,1.57159495,0.845048726,0.883645415,4.19674461E-06
16,3,1.57159495,0.883645415,0.933944881,4.19674461E-06
16,4,1.57159495,0.933944881,0.975650311,4.19674461E-06
16,5,1.57159495,0.975650311,0.975699544,4.19674461E-06
16,6,1.57159495,0.975699544,0.994253576,4.19674461E-06
16,7,1.57159495,0.994253576,1.10406530,4.19674461E-06
16,8,1.57159495,1.10406530,1.09601891,4.19674461E-06
16,9,1.57159495,1.09601891,1.15438521,4.19674461E-06
16,10,1.57159495,1.15438521,1.14449120,4.19674461E-06
16,11,1.57159495,1.14449120,1.15675950,4.19674461E-06
16,12,1.57159495,1.15675950,1.24416733,4.19674461E-06
16,13,1.57159495,1.24416733,1.30038488,4.19674461E-06
16,14,1.57159495,1.30038488,1.36429036,4.19674461E-06
16,15,1.57159495,1.36429036,1.29081655,4.19674461E-06
16,16,1.57159495,1.29081655,1.32552028,4.19674461E-06
16,17,1.57159495,1.32552028,1.41371775,4.19674461E-06
16,18,1.57159495,1.41371775,1.44308829,4.19674461E-06
16,19,1.57159495,1.44308829,1.55211544,4.19674461E-06
16,20,1.57159495,1.55211544,1.57159495,4.19674461E-06
17,1,8.81679344,1.08026791,1.47780418,6.90351499E-06
17,2,8.81679344,1.47780418,1.88538909,6.90351499E-06
17,3,8.81679344,1.88538909,2.23975182,6.90351499E-06
17,4,8.81679344,2.23975182,2.64095592,6.90351499E-06
17,5,8.81679344,2.64095592,3.01279235,6.90351499E-06
17,6,8.81679344,3.01279235,3.44749904,6.90351499E-06
17,7,8.81679344,3.44749904,3.86135817,6.90351499E-06
17,8,8.81679344,3.86135817,4.19842529,6.90351499E-06
17,9,8.81679344,4.19842529,4.67716217,6.90351499E-06
17,10,8.81679344,4.67716217,5.07456398,6.90351499E-06
17,11,8.81679344,5.07456398,5.18423700,6.90351499E-06
17,12,8.81679344,5.18423700,5.66756725,6.90351499E-06
17,13,8.81679344,5.66756725,6.47530603,6.90351499E-06
17,14,8.81679344,6.47530603,6.72610712,6.90351499E-06
17,15,8.81679344,6.72610712,6.62536860,6.90351499E-06
17,16,8.81679344,6.62536860,7.28448534,6.90351499E-06
17,17,8.81679344,7.28448534,7.91124201,6.90351499E-06
17,18,8.81679344,7.91124201,8.36370850,6.90351499E-06
17,19,8.81679344,8.36370850,8.51425838,6.90351499E-06
17,20,8.81679344,8.51425838,8.81679344,6.90351499E-06
18,1,3.51743197,2.87044430,2.86488175,3.23334780E-06
18,2,3.51743197,2.86488175,3.01080203,3.23334780E-06
18,3,3.51743197,3.01080203,2.94604158,3.23334780E-06
18,4,3.51743197,2.94604158,2.95402336,3.23334780E-06
18,5,3.51743197,2.95402336,3.05274296,3.23334780E-06
18,6,3.51743197,3.05274296,3.13439846,3.23334780E-06
18,7,3.51743197,3.13439846,3.14969015,3.23334780E-06
18,8,3.51743197,3.14969015,3.12850785,3.23334780E-06
18,9,3.51743197,3.12850785,3.12153888,3.23334780E-06
18,10,3.51743197,3.12153888,3.15495777,3.23334780E-06
18,11,3.51743197,3.15495777,3.22428441,3.23334780E-06
18,12,3.51743197,3.22428441,3.31026173,3.23334780E-06
18,13,3.51743197,3.31026173,3.39328384,3.23334780E-06
18,14,3.51743197,3.39328384,3.46036029,3.23334780E-06
18,15,3.51743197,3.46036029,3.50409079,3.23334780E-06
18,16,3.51743197,3.50409079,3.52686143,3.23334780E-06
18,17,3.51743197,3.52686143,3.52577806,3.23334780E-06
18,18,3.51743197,3.52577806,3.51057887,3.23334780E-06
18,19,3.51743197,3.51057887,3.51205587,3.23334780E-06
18,20,3.51743197,3.51205587,3.51743197,3.23334780E-06
19,1,2.09559035,1.57159495,1.44390309,9.90262379E-07
19,2,2.09559035,1.44390309,1.63345349,9.90262379E-07
19,3,2.09559035,1.63345349,1.64374995,9.90262379E-07
19,4,2.09559035,1.64374995,1.56330907,9.90262379E-07
19,5,2.09559035,1.56330907,1.70816088,9.90262379E-07
19,6,2.09559035,1.70816088,1.72990096,9.90262379E-07
19,7,2.09559035,1.72990096,1.69636142,9.90262379E-07
19,8,2.09559035,1.69636142,1.72878158,9.90262379E-07
19,9,2.09559035,1.72878158,1.93311834,9.90262379E-07
19,10,2.09559035,1.93311834,1.68118799,9.90262379E-07
19,11,2.09559035,1.68118799,1.94006932,9.90262379E-07
19,12,2.09559035,1.94006932,1.89029050,9.90262379E-07
19,13,2.09559035,1.89029050,1.87080407,9.90262379E-07
19,14,2.09559035,1.87080407,1.99556506,9.90262379E-07
19,15,2.09559035,1.99556506,1.99261236,9.90262379E-07
19,16,2.09559035,1.99261236,2.04284644,9.90262379E-07
19,17,2.09559035,2.04284644,2.00450563,9.90262379E-07
19,18,2.09559035,2.00450563,2.05415297,9.90262379E-07
19,19,2.09559035,2.05415297,2.19039011,9.90262379E-07
19,20,2.09559035,2.19039011,2.09559035,9.90262379E-07
20,1,5.71395826,5.64907932,5.62088633,3.12988675E-07
20,2,5.71395826,5.62088633,5.52936411,3.12988675E-07
20,3,5.71395826,5.52936411,5.58025122,3.12988675E-07
20,4,5.71395826,5.58025122,5.65493107,3.12988675E-07
20,5,5.71395826,5.65493107,5.63314104,3.12988675E-07
20,6,5.71395826,5.63314104,5.53825331,3.12988675E-07
20,7,5.71395826,5.53825331,5.50263071,3.12988675E-07
20,8,5.71395826,5.50263071,5.50663280,3.12988675E-07
20,9,5.71395826,5.50663280,5.60856628,3.12988675E-07
20,10,5.71395826,5.60856628,5.63833189,3.12988675E-07
20,11,5.71395826,5.63833189,5.62705278,3.12988675E-07
20,12,5.71395826,5.62705278,5.57333517,3.12988675E-07
20,13,5.71395826,5.57333517,5.44508791,3.12988675E-07
20,14,5.71395826,5.44508791,5.32877588,3.12988675E-07
20,15,5.71395826,5.32877588,5.36629915,3.12988675E-07
20,16,5.71395826,5.36629915,5.40281630,3.12988675E-07
20,17,5.71395826,5.40281630,5.49452209,3.12988675E-07
20,18,5.71395826,5.49452209,5.50563717,3.12988675E-07
20,19,5.71395826,5.50563717,5.65469122,3.12988675E-07
20,20,5.71395826,5.65469122,5.71395826,3.12988675E-07
21,1,9.48834038,8.81679344,8.69221687,8.92830121E-06
21,2,9.48834038,8.69221687,8.67716026,8.92830121E-06
21,3,9.48834038,8.67716026,8.77546120,8.92830121E-06
21,4,9.48834038,8.77546120,8.85363674,8.92830121E-06
21,5,9.48834038,8.85363674,8.95218086,8.92830121E-06
21,6,9.48834038,8.95218086,9.12978554,8.92830121E-06
21,7,9.48834038,9.12978554,9.17037773,8.92830121E-06
21,8,9.48834038,9.17037773,9.14447784,8.92830121E-06
21,9,9.48834038,9.14447784,9.45808887,8.92830121E-06
21,10,9.48834038,9.45808887,9.41903496,8.92830121E-06
21,11,9.48834038,9.41903496,9.35415077,8.92830121E-06
21,12,9.48834038,9.35415077,9.44307613,8.92830121E-06
21,13,9.48834038,9.44307613,9.58041000,8.92830121E-06
21,14,9.48834038,9.58041000,9.63456059,8.92830121E-06
21,15,9.48834038,9.63456059,9.57492828,8.92830121E-06
21,16,9.48834038,9.57492828,9.45622921,8.92830121E-06
21,17,9.48834038,9.45622921,9.35720348,8.92830121E-06
21,18,9.48834038,9.35720348,9.32940483,8.92830121E-06
21,19,9.48834038,9.32940483,9.38121605,8.92830121E-06
21,20,9.48834038,9.38121605,9.48834038,8.92830121E-06
22,1,6.14216042,3.51743197,3.63613105,5.62639570E-06
22,2,6.14216042,3.63613105,3.83287501,5.62639570E-06
22,3,6.14216042,3.83287501,3.91969132,5.62639570E-06
22,4,6.14216042,3.91969132,3.91212106,5.62639570E-06
22,5,6.14216042,3.91212106,4.02756500,5.62639570E-06
22,6,6.14216042,4.02756500,4.22617340,5.62639570E-06
22,7,6.14216042,4.22617340,4.43678379,5.62639570E-06
22,8,6.14216042,4.43678379,4.68209171,5.62639570E-06
22,9,6.14216042,4.68209171,4.79306793,5.62639570E-06
22,10,6.14216042,4.79306793,4.82716942,5.62639570E-06
22,11,6.14216042,4.82716942,4.90569401,5.62639570E-06
22,12,6.14216042,4.90569401,5.22038555,5.62639570E-06
22,13,6.14216042,5.22038555,5.50886631,5.62639570E-06
22,14,6.14216042,5.50886631,5.62033367,5.62639570E-06
22,15,6.14216042,5.62033367,5.63488293,5.62639570E-06
22,16,6.14216042,5.63488293,5.57142448,5.62639570E-06
22,17,6.14216042,5.57142448,5.50628853,5.62639570E-06
22,18,6.14216042,5.50628853,5.59685516,5.62639570E-06
22,19,6.14216042,5.59685516,5.85801888,5.62639570E-06
22,20,6.14216042,5.85801888,6.14216042,5.62639570E-06
23,1,3.48144937,2.09559035,2.19495392,9.48247089E-06
23,2,3.48144937,2.19495392,2.29238176,9.48247089E-06
23,3,3.48144937,2.29238176,2.35269165,9.48247089E-06
23,4,3.48144937,2.35269165,2.35802794,9.48247089E-06
23,5,3.48144937,2.35802794,2.28776550,9.48247089E-06
23,6,3.48144937,2.28776550,2.33428192,9.48247089E-06
23,7,3.48144937,2.33428192,2.37995172,9.48247089E-06
23,8,3.48144937,2.37995172,2.53072023,9.48247089E-06
23,9,3.48144937,2.53072023,2.63580441,9.48247089E-06
23,10,3.48144937,2.63580441,2.56055546,9.48247089E-06
23,11,3.48144937,2.56055546,2.63110328,9.48247089E-06
23,12,3.48144937,2.63110328,2.86572957,9.48247089E-06
23,13,3.48144937,2.86572957,3.00818849,9.48247089E-06
23,14,3.48144937,3.00818849,3.07870817,9.48247089E-06
23,15,3.48144937,3.07870817,3.10037994,9.48247089E-06
23,16,3.48144937,3.10037994,3.12505078,9.48247089E-06
23,17,3.48144937,3.12505078,3.30709195,9.48247089E-06
23,18,3.48144937,3.30709195,3.44706202,9.48247089E-06
23,19,3.48144937,3.44706202,3.44716454,9.48247089E-06
23,20,3.48144937,3.44716454,3.48144937,9.48247089E-06
24,1,10.4681969,9.48834038,9.77676487,2.19401409E-06
24,2,10.4681969,9.77676487,9.93550396,2.19401409E-06
24,3,10.4681969,9.93550396,10.2126265,2.19401409E-06
24,4,10.4681969,10.2126265,10.4743118,2.19401409E-06
24,5,10.4681969,10.4743118,10.2269573,2.19401409E-06
24,6,10.4681969,10.2269573,9.88820457,2.19401409E-06
24,7,10.4681969,9.88820457,9.97111797,2.19401409E-06
24,8,10.4681969,9.97111797,10.3934650,2.19401409E-06
24,9,10.4681969,10.3934650,10.4444418,2.19401409E-06
24,10,10.4681969,10.4444418,10.1116695,2.19401409E-06
24,11,10.4681969,10.1116695,9.86783409,2.19401409E-06
24,12,10.4681969,9.86783409,9.79453564,2.19401409E-06
24,13,10.4681969,9.79453564,9.92150402,2.19401409E-06
24,14,10.4681969,9.92150402,10.0486221,2.19401409E-06
24,15,10.4681969,10.0486221,10.1230745,2.19401409E-06
24,16,10.4681969,10.1230745,10.1881123,2.19401409E-06
24,17,10.4681969,10.1881123,10.2775288,2.19401409E-06
24,18,10.4681969,10.2775288,10.3799295,2.19401409E-06
24,19,10.4681969,10.3799295,10.4632778,2.19401409E-06
24,20,10.4681969,10.4632778,10.4681969,2.19401409E-06
25,1,16.8749886,15.7084150,15.5949907,4.65372204E-06
25,2,16.8749886,15.5949907,15.7724028,4.65372204E-06
25,3,16.8749886,15.7724028,15.7563105,4.65372204E-06
25,4,16.8749886,15.7563105,15.9244738,4.65372204E-06
25,5,16.8749886,15.9244738,15.7775593,4.65372204E-06
25,6,16.8749886,15.7775593,15.7734156,4.65372204E-06
25,7,16.8749886,15.7734156,16.0809994,4.65372204E-06
25,8,16.8749886,16.0809994,16.3645554,4.65372204E-06
25,9,16.8749886,16.3645554,16.4555683,4.65372204E-06
25,10,16.8749886,16.4555683,16.2067451,4.65372204E-06
25,11,16.8749886,16.2067451,15.7630072,4.65372204E-06
25,12,16.8749886,15.7630072,15.7243586,4.65372204E-06
25,13,16.8749886,15.7243586,15.9827433,4.65372204E-06
25,14,16.8749886,15.9827433,16.3016644,4.65372204E-06
25,15,16.8749886,16.3016644,16.4832592,4.65372204E-06
25,16,16.8749886,16.4832592,16.5158386,4.65372204E-06
25,17,16.8749886,16.5158386,16.6128178,4.65372204E-06
25,18,16.8749886,16.6128178,16.7333221,4.65372204E-06
25,19,16.8749886,16.7333221,16.5316772,4.65372204E-06
25,20,16.8749886,16.5316772,16.8749886,4.65372204E-06
26,1,5.27378654,3.48144937,3.18036962,1.62406468E-06
26,2,5.27378654,3.18036962,3.47185397,1.62406468E-06
26,3,5.27378654,3.47185397,3.60633540,1.62406468E-06
26,4,5.27378654,3.60633540,3.76326537,1.62406468E-06
26,5,5.27378654,3.76326537,3.72556567,1.62406468E-06
26,6,5.27378654,3.72556567,3.73755336,1.62406468E-06
26,7,5.27378654,3.73755336,4.21213245,1.62406468E-06
26,8,5.27378654,4.21213245,4.24536133,1.62406468E-06
26,9,5.27378654,4.24536133,4.01171017,1.62406468E-06
26,10,5.27378654,4.01171017,4.20304918,1.62406468E-06
26,11,5.27378654,4.20304918,4.78408670,1.62406468E-06
26,12,5.27378654,4.78408670,4.42718172,1.62406468E-06
26,13,5.27378654,4.42718172,4.47255659,1.62406468E-06
26,14,5.27378654,4.47255659,4.54962015,1.62406468E-06
26,15,5.27378654,4.54962015,4.88852072,1.62406468E-06
26,16,5.27378654,4.88852072,5.01554728,1.62406468E-06
26,17,5.27378654,5.01554728,4.99664068,1.62406468E-06
26,18,5.27378654,4.99664068,5.23302794,1.62406468E-06
26,19,5.27378654,5.23302794,5.15431023,1.62406468E-06
26,20,5.27378654,5.15431023,5.27378654,1.62406468E-06
27,1,14.3387594,10.4681969,10.8334837,1.26218738E-05
27,2,14.3387594,10.8334837,11.1962070,1.26218738E-05
27,3,14.3387594,11.1962070,11.7785301,1.26218738E-05
27,4,14.3387594,11.7785301,12.1540699,1.26218738E-05
27,5,14.3387594,12.1540699,12.1954813,1.26218738E-05
27,6,14.3387594,12.1954813,11.9744492,1.26218738E-05
27,7,14.3387594,11.9744492,11.6697407,1.26218738E-05
27,8,14.3387594,11.6697407,11.6064434,1.26218738E-05
27,9,14.3387594,11.6064434,11.8082418,1.26218738E-05
27,10,14.3387594,11.8082418,12.4467525,1.26218738E-05
27,11,14.3387594,12.4467525,13.0722485,1.26218738E-05
27,12,14.3387594,13.0722485,13.3133564,1.26218738E-05
27,13,14.3387594,13.3133564,13.7751369,1.26218738E-05
27,14,14.3387594,13.7751369,14.0272884,1.26218738E-05
27,15,14.3387594,14.0272884,15.2742996,1.26218738E-05
27,16,14.3387594,15.2742996,14.9020329,1.26218738E-05
27,17,14.3387594,14.9020329,15.1900082,1.26218738E-05
27,18,14.3387594,15.1900082,15.1204634,1.26218738E-05
27,19,14.3387594,15.1204634,14.2096939,1.26218738E-05
27,20,14.3387594,14.2096939,14.3387594,1.26218738E-05
28,1,29.1994801,16.8749886,17.5943394,9.22216077E-06
28,2,29.1994801,17.5943394,17.5620937,9.22216077E-06
28,3,29.1994801,17.5620937,18.1175861,9.22216077E-06
28,4,29.1994801,18.1175861,18.9203739,9.22216077E-06
28,5,29.1994801,18.9203739,19.8117714,9.22216077E-06
28,6,29.1994801,19.8117714,21.8220158,9.22216077E-06
28,7,29.1994801,21.8220158,20.5183697,9.22216077E-06
28,8,29.1994801,20.5183697,22.0177231,9.22216077E-06
28,9,29.1994801,22.0177231,22.1687260,9.22216077E-06
28,10,29.1994801,22.1687260,22.6330605,9.22216077E-06
28,11,29.1994801,22.6330605,24.8085670,9.22216077E-06
28,12,29.1994801,24.8085670,25.1170845,9.22216077E-06
28,13,29.1994801,25.1170845,25.0486279,9.22216077E-06
28,14,29.1994801,25.0486279,25.9238796,9.22216077E-06
28,15,29.1994801,25.9238796,25.1087341,9.22216077E-06
28,16,29.1994801,25.1087341,27.0793629,9.22216077E-06
28,17,29.1994801,27.0793629,29.2570305,9.22216077E-06
28,18,29.1994801,29.2570305,29.8215046,9.22216077E-06
28,19,29.1994801,29.8215046,28.2422962,9.22216077E-06
28,20,29.1994801,28.2422962,29.1994801,9.22216077E-06
29,1,5.64966583,5.79454088,5.79411268,1.88858257E-06
29,2,5.64966583,5.79411268,5.77783298,1.88858257E-06
29,3,5.64966583,5.77783298,5.74351025,1.88858257E-06
29,4,5.64966583,5.74351025,5.88833094,1.88858257E-06
29,5,5.64966583,5.88833094,6.09209681,1.88858257E-06
29,6,5.64966583,6.09209681,6.25468683,1.88858257E-06
29,7,5.64966583,6.25468683,6.09322834,1.88858257E-06
29,8,5.64966583,6.09322834,6.09553432,1.88858257E-06
29,9,5.64966583,6.09553432,6.24186039,1.88858257E-06
29,10,5.64966583,6.24186039,6.31084633,1.88858257E-06
29,11,5.64966583,6.31084633,6.63063765,1.88858257E-06
29,12,5.64966583,6.63063765,6.52530766,1.88858257E-06
29,13,5.64966583,6.52530766,6.90609741,1.88858257E-06
29,14,5.64966583,6.90609741,7.19421721,1.88858257E-06
29,15,5.64966583,7.19421721,6.95011139,1.88858257E-06
29,16,5.64966583,6.95011139,6.78849077,1.88858257E-06
29,17,5.64966583,6.78849077,6.70226860,1.88858257E-06
29,18,5.64966583,6.70226860,6.46617365,1.88858257E-06
29,19,5.64966583,6.46617365,6.00069427,1.88858257E-06
29,20,5.64966583,6.00069427,5.64966583,1.88858257E-06
30,1,19.0817909,14.3387594,16.0327721,3.94990184E-06
30,2,19.0817909,16.0327721,15.2799673,3.94990184E-06
30,3,19.0817909,15.2799673,15.0882473,3.94990184E-06
30,4,19.0817909,15.0882473,15.8595343,3.94990184E-06
30,5,19.0817909,15.8595343,16.2062092,3.94990184E-06
30,6,19.0817909,16.2062092,17.6085358,3.94990184E-06
30,7,19.0817909,17.6085358,16.8560753,3.94990184E-06
30,8,19.0817909,16.8560753,15.1477718,3.94990184E-06
30,9,19.0817909,15.1477718,15.9986362,3.94990184E-06
30,10,19.0817909,15.9986362,15.8954878,3.94990184E-06
30,11,19.0817909,15.8954878,15.7340593,3.94990184E-06
30,12,19.0817909,15.7340593,16.8297253,3.94990184E-06
30,13,19.0817909,16.8297253,18.8695145,3.94990184E-06
30,14,19.0817909,18.8695145,18.5148926,3.94990184E-06
30,15,19.0817909,18.5148926,17.8281212,3.94990184E-06
30,16,19.0817909,17.8281212,15.9431171,3.94990184E-06
30,17,19.0817909,15.9431171,15.9528093,3.94990184E-06
30,18,19.0817909,15.9528093,17.5022964,3.94990184E-06
30,19,19.0817909,17.5022964,18.1265907,3.94990184E-06
30,20,19.0817909,18.1265907,19.0817909,3.94990184E-06
31,1,34.4173050,31.5879078,31.5867195,1.41944599E-06
31,2,34.4173050,31.5867195,31.4605923,1.41944599E-06
31,3,34.4173050,31.4605923,31.7096329,1.41944599E-06
31,4,34.4173050,31.7096329,31.2390041,1.41944599E-06
31,5,34.4173050,31.2390041,33.5961380,1.41944599E-06
31,6,34.4173050,33.5961380,33.2096710,1.41944599E-06
31,7,34.4173050,33.2096710,32.9326630,1.41944599E-06
31,8,34.4173050,32.9326630,33.0634079,1.41944599E-06
31,9,34.4173050,33.0634079,33.4073181,1.41944599E-06
31,10,34.4173050,33.4073181,31.9630470,1.41944599E-06
31,11,34.4173050,31.9630470,31.3136959,1.41944599E-06
31,12,34.4173050,31.3136959,33.2201157,1.41944599E-06
31,13,34.4173050,33.2201157,33.7843895,1.41944599E-06
31,14,34.4173050,33.7843895,32.3805084,1.41944599E-06
31,15,34.4173050,32.3805084,31.3104706,1.41944599E-06
31,16,34.4173050,31.3104706,32.5707855,1.41944599E-06
31,17,34.4173050,32.5707855,33.2309227,1.41944599E-06
31,18,34.4173050,33.2309227,34.8896866,1.41944599E-06
31,19,34.4173050,34.8896866,34.7833023,1.41944599E-06
31,20,34.4173050,34.7833023,34.4173050,1.41944599E-06
32,1,463.862396,39.8519135,47.1924248,1.75002367E-06
32,2,463.862396,47.1924248,57.6502609,1.75002367E-06
32,3,463.862396,57.6502609,70.4094086,1.75002367E-06
32,4,463.862396,70.4094086,89.6051788,1.75002367E-06
32,5,463.862396,89.6051788,120.711578,1.75002367E-06
32,6,463.862396,120.711578,168.831375,1.75002367E-06
32,7,463.862396,168.831375,236.731461,1.75002367E-06
32,8,463.862396,236.731461,323.316833,1.75002367E-06
32,9,463.862396,323.316833,422.191956,1.75002367E-06
32,10,463.862396,422.191956,521.302856,1.75002367E-06
32,11,463.862396,521.302856,605.246643,1.75002367E-06
32,12,463.862396,605.246643,660.327271,1.75002367E-06
32,13,463.862396,660.327271,679.918823,1.75002367E-06
32,14,463.862396,679.918823,666.845947,1.75002367E-06
32,15,463.862396,666.845947,631.388184,1.75002367E-06
32,16,463.862396,631.388184,586.421448,1.75002367E-06
32,17,463.862396,586.421448,542.696289,1.75002367E-06
32,18,463.862396,542.696289,506.509033,1.75002367E-06
32,19,463.862396,506.509033,480.134827,1.75002367E-06
32,20,463.862396,480.134827,463.862396,1.75002367E-06
33,1,39.9042130,37.3704834,36.6252861,1.31478400E-05
33,2,39.9042130,36.6252861,36.4150925,1.31478400E-05
33,3,39.9042130,36.4150925,35.2776871,1.31478400E-05
33,4,39.9042130,35.2776871,34.4929657,1.31478400E-05
33,5,39.9042130,34.4929657,35.3002396,1.31478400E-05
33,6,39.9042130,35.3002396,36.2390099,1.31478400E-05
33,7,39.9042130,36.2390099,35.9642372,1.31478400E-05
33,8,39.9042130,35.9642372,36.7018394,1.31478400E-05
33,9,39.9042130,36.7018394,36.9403381,1.31478400E-05
33,10,39.9042130,36.9403381,38.2207146,1.31478400E-05
33,11,39.9042130,38.2207146,37.1779099,1.31478400E-05
33,12,39.9042130,37.1779099,37.4879951,1.31478400E-05
33,13,39.9042130,37.4879951,35.9984360,1.31478400E-05
33,14,39.9042130,35.9984360,36.7539406,1.31478400E-05
33,15,39.9042130,36.7539406,36.8160553,1.31478400E-05
33,16,39.9042130,36.8160553,36.8372154,1.31478400E-05
33,17,39.9042130,36.8372154,38.7411728,1.31478400E-05
33,18,39.9042130,38.7411728,39.4107208,1.31478400E-05
33,19,39.9042130,39.4107208,38.8899460,1.31478400E-05
33,20,39.9042130,38.8899460,39.9042130,1.31478400E-05
34,1,523.914551,463.862396,461.729889,1.20401842E-06
34,2,523.914551,461.729889,460.028870,1.20401842E-06
34,3,523.914551,460.028870,458.769958,1.20401842E-06
34,4,523.914551,458.769958,457.966675,1.20401842E-06
34,5,523.914551,457.966675,457.635590,1.20401842E-06
34,6,523.914551,457.635590,457.795837,1.20401842E-06
34,7,523.914551,457.795837,458.468750,1.20401842E-06
34,8,523.914551,458.468750,459.677307,1.20401842E-06
34,9,523.914551,459.677307,461.445618,1.20401842E-06
34,10,523.914551,461.445618,463.798218,1.20401842E-06
34,11,523.914551,463.798218,466.759644,1.20401842E-06
34,12,523.914551,466.759644,470.353455,1.20401842E-06
34,13,523.914551,470.353455,474.601807,1.20401842E-06
34,14,523.914551,474.601807,479.524658,1.20401842E-06
34,15,523.914551,479.524658,485.139191,1.20401842E-06
34,16,523.914551,485.139191,491.459015,1.20401842E-06
34,17,523.914551,491.459015,498.493835,1.20401842E-06
34,18,523.914551,498.493835,506.248840,1.20401842E-06
34,19,523.914551,506.248840,514.724121,1.20401842E-06
34,20,523.914551,514.724121,523.914551,1.20401842E-06
35,1,526.689819,523.914551,524.039429,3.41907180E-05
35,2,526.689819,524.039429,524.161743,3.41907180E-05
35,3,526.689819,524.161743,524.295898,3.41907180E-05
35,4,526.689819,524.295898,524.443787,3.41907180E-05
35,5,526.689819,524.443787,524.594177,3.41907180E-05
35,6,526.689819,524.594177,524.739807,3.41907180E-05
35,7,526.689819,524.739807,524.894897,3.41907180E-05
35,8,526.689819,524.894897,525.046936,3.41907180E-05
35,9,526.689819,525.046936,525.158020,3.41907180E-05
35,10,526.689819,525.158020,525.234314,3.41907180E-05
35,11,526.689819,525.234314,525.310120,3.41907180E-05
35,12,526.689819,525.310120,525.397278,3.41907180E-05
35,13,526.689819,525.397278,525.494324,3.41907180E-05
35,14,526.689819,525.494324,525.618103,3.41907180E-05
35,15,526.689819,525.618103,525.784119,3.41907180E-05
35,16,526.689819,525.784119,525.982117,3.41907180E-05
35,17,526.689819,525.982117,526.190613,3.41907180E-05
35,18,526.689819,526.190613,526.399780,3.41907180E-05
35,19,526.689819,526.399780,526.576233,3.41907180E-05
35,20,526.689819,526.576233,526.689819,3.41907180E-05
36,1,1449.21460,555.889282,581.975647,2.28203844E-05
36,2,1449.21460,581.975647,610.303650,2.28203844E-05
36,3,1449.21460,610.303650,640.612793,2.28203844E-05
36,4,1449.21460,640.612793,672.736145,2.28203844E-05
36,5,1449.21460,672.736145,706.624695,2.28203844E-05
36,6,1449.21460,706.624695,742.340942,2.28203844E-05
36,7,1449.21460,742.340942,780.034729,2.28203844E-05
36,8,1449.21460,780.034729,819.908142,2.28203844E-05
36,9,1449.21460,819.908142,862.176270,2.28203844E-05
36,10,1449.21460,862.176270,907.022644,2.28203844E-05
36,11,1449.21460,907.022644,954.555969,2.28203844E-05
36,12,1449.21460,954.555969,1004.76794,2.28203844E-05
36,13,1449.21460,1004.76794,1057.50024,2.28203844E-05
36,14,1449.21460,1057.50024,1112.42188,2.28203844E-05
36,15,1449.21460,1112.42188,1169.02258,2.28203844E-05
36,16,1449.21460,1169.02258,1226.62146,2.28203844E-05
36,17,1449.21460,1226.62146,1284.39282,2.28203844E-05
36,18,1449.21460,1284.39282,1341.40588,2.28203844E-05
36,19,1449.21460,1341.40588,1396.67505,2.28203844E-05
36,20,1449.21460,1396.67505,1449.21460,2.28203844E-05
37,1,1405.99695,1449.21460,1518.93066,9.23714367E-07
37,2,1405.99695,1518.93066,1579.31372,9.23714367E-07
37,3,1405.99695,1579.31372,1628.28418,9.23714367E-07
37,4,1405.99695,1628.28418,1664.49146,9.23714367E-07
37,5,1405.99695,1664.49146,1687.40833,9.23714367E-07
37,6,1405.99695,1687.40833,1697.31348,9.23714367E-07
37,7,1405.99695,1697.31348,1695.18628,9.23714367E-07
37,8,1405.99695,1695.18628,1682.54089,9.23714367E-07
37,9,1405.99695,1682.54089,1661.23987,9.23714367E-07
37,10,1405.99695,1661.23987,1633.32056,9.23714367E-07
37,11,1405.99695,1633.32056,1600.86218,9.23714367E-07
37,12,1405.99695,1600.86218,1565.89819,9.23714367E-07
37,13,1405.99695,1565.89819,1530.37634,9.23714367E-07
37,14,1405.99695,1530.37634,1496.14502,9.23714367E-07
37,15,1405.99695,1496.14502,1464.95081,9.23714367E-07
37,16,1405.99695,1464.95081,1438.43066,9.23714367E-07
37,17,1405.99695,1438.43066,1418.08545,9.23714367E-07
37,18,1405.99695,1418.08545,1405.23413,9.23714367E-07
37,19,1405.99695,1405.23413,1400.95105,9.23714367E-07
37,20,1405.99695,1400.95105,1405.99695,9.23714367E-07
38,1,1468.14966,1405.99695,1435.00781,1.34865536E-06
38,2,1468.14966,1435.00781,1493.25403,1.34865536E-06
38,3,1468.14966,1493.25403,1576.72510,1.34865536E-06
38,4,1468.14966,1576.72510,1677.43262,1.34865536E-06
38,5,1468.14966,1677.43262,1784.39294,1.34865536E-06
38,6,1468.14966,1784.39294,1885.25464,1.34865536E-06
38,7,1468.14966,1885.25464,1968.21606,1.34865536E-06
38,8,1468.14966,1968.21606,2023.80945,1.34865536E-06
38,9,1468.14966,2023.80945,2046.21216,1.34865536E-06
38,10,1468.14966,2046.21216,2033.88306,1.34865536E-06
38,11,1468.14966,2033.88306,1989.49292,1.34865536E-06
38,12,1468.14966,1989.49292,1919.25610,1.34865536E-06
38,13,1468.14966,1919.25610,1831.86548,1.34865536E-06
38,14,1468.14966,1831.86548,1737.25000,1.34865536E-06
38,15,1468.14966,1737.25000,1645.35840,1.34865536E-06
38,16,1468.14966,1645.35840,1565.12036,1.34865536E-06
38,17,1468.14966,1565.12036,1503.66687,1.34865536E-06
38,18,1468.14966,1503.66687,1465.84705,1.34865536E-06
38,19,1468.14966,1465.84705,1454.02881,1.34865536E-06
38,20,1468.14966,1454.02881,1468.14966,1.34865536E-06
39,1,1988.39685,1468.14966,1496.20178,4.42539232E-07
39,2,1988.39685,1496.20178,1536.32361,4.42539232E-07
39,3,1988.39685,1536.32361,1586.17505,4.42539232E-07
39,4,1988.39685,1586.17505,1643.10168,4.42539232E-07
39,5,1988.39685,1643.10168,1704.28210,4.42539232E-07
39,6,1988.39685,1704.28210,1766.87146,4.42539232E-07
39,7,1988.39685,1766.87146,1828.13696,4.42539232E-07
39,8,1988.39685,1828.13696,1885.58167,4.42539232E-07
39,9,1988.39685,1885.58167,1937.05017,4.42539232E-07
39,10,1988.39685,1937.05017,1980.82080,4.42539232E-07
39,11,1988.39685,1980.82080,2015.67029,4.42539232E-07
39,12,1988.39685,2015.67029,2040.91980,4.42539232E-07
39,13,1988.39685,2040.91980,2056.45264,4.42539232E-07
39,14,1988.39685,2056.45264,2062.70825,4.42539232E-07
39,15,1988.39685,2062.70825,2060.65479,4.42539232E-07
39,16,1988.39685,2060.65479,2051.73486,4.42539232E-07
39,17,1988.39685,2051.73486,2037.79370,4.42539232E-07
39,18,1988.39685,2037.79370,2020.99292,4.42539232E-07
39,19,1988.39685,2020.99292,2003.70398,4.42539232E-07
39,20,1988.39685,2003.70398,1988.39685,4.42539232E-07
40,1,2036.40222,1988.39685,1985.03638,3.26601330E-05
40,2,2036.40222,1985.03638,1982.03210,3.26601330E-05
40,3,2036.40222,1982.03210,1979.43115,3.26601330E-05
40,4,2036.40222,1979.43115,1977.27954,3.26601330E-05
40,5,2036.40222,1977.27954,1975.62170,3.26601330E-05
40,6,2036.40222,1975.62170,1974.50098,3.26601330E-05
40,7,2036.40222,1974.50098,1973.95972,3.26601330E-05
40,8,2036.40222,1973.95972,1974.03894,3.26601330E-05
40,9,2036.40222,1974.03894,1974.77783,3.26601330E-05
40,10,2036.40222,1974.77783,1976.21509,3.26601330E-05
40,11,2036.40222,1976.21509,1978.38721,3.26601330E-05
40,12,2036.40222,1978.38721,1981.32996,3.26601330E-05
40,13,2036.40222,1981.32996,1985.07776,3.26601330E-05
40,14,2036.40222,1985.07776,1989.66357,3.26601330E-05
40,15,2036.40222,1989.66357,1995.11816,3.26601330E-05
40,16,2036.40222,1995.11816,2001.47144,3.26601330E-05
40,17,2036.40222,2001.47144,2008.75146,3.26601330E-05
40,18,2036.40222,2008.75146,2016.98438,3.26601330E-05
40,19,2036.40222,2016.98438,2026.19385,3.26601330E-05
40,20,2036.40222,2026.19385,2036.40222,3.26601330E-05
41,1,2419.73462,2036.40222,2046.77637,6.94271421E-07
41,2,2419.73462,2046.77637,2058.07178,6.94271421E-07
41,3,2419.73462,2058.07178,2070.30127,6.94271421E-07
41,4,2419.73462,2070.30127,2083.47559,6.94271421E-07
41,5,2419.73462,2083.47559,2097.60327,6.94271421E-07
41,6,2419.73462,2097.60327,2112.69043,6.94271421E-07
41,7,2419.73462,2112.69043,2128.74072,6.94271421E-07
41,8,2419.73462,2128.74072,2145.75415,6.94271421E-07
41,9,2419.73462,2145.75415,2163.72729,6.94271421E-07
41,10,2419.73462,2163.72729,2182.65356,6.94271421E-07
41,11,2419.73462,2182.65356,2202.52222,6.94271421E-07
41,12,2419.73462,2202.52222,2223.31836,6.94271421E-07
41,13,2419.73462,2223.31836,2245.02271,6.94271421E-07
41,14,2419.73462,2245.02271,2267.61108,6.94271421E-07
41,15,2419.73462,2267.61108,2291.05420,6.94271421E-07
41,16,2419.73462,2291.05420,2315.31860,6.94271421E-07
41,17,2419.73462,2315.31860,2340.36499,6.94271421E-07
41,18,2419.73462,2340.36499,2366.15015,6.94271421E-07
41,19,2419.73462,2366.15015,2392.62451,6.94271421E-07
41,20,2419.73462,2392.62451,2419.73462,6.94271421E-07
42,1,2740.04907,2419.73462,2434.89331,3.41972009E-06
42,2,2740.04907,2434.89331,2450.21460,3.41972009E-06
42,3,2740.04907,2450.21460,2465.68774,3.41972009E-06
42,4,2740.04907,2465.68774,2481.30176,3.41972009E-06
42,5,2740.04907,2481.30176,2497.04492,3.41972009E-06
42,6,2740.04907,2497.04492,2512.90576,3.41972009E-06
42,7,2740.04907,2512.90576,2528.87158,3.41972009E-06
42,8,2740.04907,2528.87158,2544.93018,3.41972009E-06
42,9,2740.04907,2544.93018,2561.06885,3.41972009E-06
42,10,2740.04907,2561.06885,2577.27466,3.41972009E-06
42,11,2740.04907,2577.27466,2593.53442,3.41972009E-06
42,12,2740.04907,2593.53442,2609.83472,3.41972009E-06
42,13,2740.04907,2609.83472,2626.16211,3.41972009E-06
42,14,2740.04907,2626.16211,2642.50244,3.41972009E-06
42,15,2740.04907,2642.50244,2658.84229,3.41972009E-06
42,16,2740.04907,2658.84229,2675.16772,3.41972009E-06
42,17,2740.04907,2675.16772,2691.46509,3.41972009E-06
42,18,2740.04907,2691.46509,2707.72021,3.41972009E-06
42,19,2740.04907,2707.72021,2723.91968,3.41972009E-06
42,20,2740.04907,2723.91968,2740.04907,3.41972009E-06
43,1,2758.68018,2740.04907,2834.14233,7.42420934E-06
43,2,2758.68018,2834.14233,2921.09326,7.42420934E-06
43,3,2758.68018,2921.09326,2998.75293,7.42420934E-06
43,4,2758.68018,2998.75293,3065.52002,7.42420934E-06
43,5,2758.68018,3065.52002,3120.34155,7.42420934E-06
43,6,2758.68018,3120.34155,3162.66968,7.42420934E-06
43,7,2758.68018,3162.66968,3192.38843,7.42420934E-06
43,8,2758.68018,3192.38843,3209.72852,7.42420934E-06
43,9,2758.68018,3209.72852,3215.19580,7.42420934E-06
43,10,2758.68018,3215.19580,3209.49878,7.42420934E-06
43,11,2758.68018,3209.49878,3193.49976,7.42420934E-06
43,12,2758.68018,3193.49976,3168.17139,7.42420934E-06
43,13,2758.68018,3168.17139,3134.56226,7.42420934E-06
43,14,2758.68018,3134.56226,3093.76807,7.42420934E-06
43,15,2758.68018,3093.76807,3046.90527,7.42420934E-06
43,16,2758.68018,3046.90527,2995.08252,7.42420934E-06
43,17,2758.68018,2995.08252,2939.37524,7.42420934E-06
43,18,2758.68018,2939.37524,2880.79834,7.42420934E-06
43,19,2758.68018,2880.79834,2820.28784,7.42420934E-06
43,20,2758.68018,2820.28784,2758.68018,7.42420934E-06
44,1,2506.86987,2758.68018,2745.97559,2.30699043E-05
44,2,2506.86987,2745.97559,2733.25073,2.30699043E-05
44,3,2506.86987,2733.25073,2720.51221,2.30699043E-05
44,4,2506.86987,2720.51221,2707.76562,2.30699043E-05
44,5,2506.86987,2707.76562,2695.01636,2.30699043E-05
44,6,2506.86987,2695.01636,2682.27051,2.30699043E-05
44,7,2506.86987,2682.27051,2669.53320,2.30699043E-05
44,8,2506.86987,2669.53320,2656.80957,2.30699043E-05
44,9,2506.86987,2656.80957,2644.10449,2.30699043E-05
44,10,2506.86987,2644.10449,2631.42285,2.30699043E-05
44,11,2506.86987,2631.42285,2618.76929,2.30699043E-05
44,12,2506.86987,2618.76929,2606.14893,2.30699043E-05
44,13,2506.86987,2606.14893,2593.56543,2.30699043E-05
44,14,2506.86987,2593.56543,2581.02319,2.30699043E-05
44,15,2506.86987,2581.02319,2568.52686,2.30699043E-05
44,16,2506.86987,2568.52686,2556.08008,2.30699043E-05
44,17,2506.86987,2556.08008,2543.68750,2.30699043E-05
44,18,2506.86987,2543.68750,2531.35205,2.30699043E-05
44,19,2506.86987,2531.35205,2519.07837,2.30699043E-05
44,20,2506.86987,2519.07837,2506.86987,2.30699043E-05
45,1,2049.73413,2506.86987,2476.78687,1.15008925E-05
45,2,2049.73413,2476.78687,2447.19604,1.15008925E-05
45,3,2049.73413,2447.19604,2418.15405,1.15008925E-05
45,4,2049.73413,2418.15405,2389.71680,1.15008925E-05
45,5,2049.73413,2389.71680,2361.93872,1.15008925E-05
45,6,2049.73413,2361.93872,2334.87280,1.15008925E-05
45,7,2049.73413,2334.87280,2308.57007,1.15008925E-05
45,8,2049.73413,2308.57007,2283.07764,1.15008925E-05
45,9,2049.73413,2283.07764,2258.43896,1.15008925E-05
45,10,2049.73413,2258.43896,2234.69263,1.15008925E-05
45,11,2049.73413,2234.69263,2211.87012,1.15008925E-05
45,12,2049.73413,2211.87012,2189.99756,1.15008925E-05
45,13,2049.73413,2189.99756,2169.09277,1.15008925E-05
45,14,2049.73413,2169.09277,2149.16528,1.15008925E-05
45,15,2049.73413,2149.16528,2130.21729,1.15008925E-05
45,16,2049.73413,2130.21729,2112.24268,1.15008925E-05
45,17,2049.73413,2112.24268,2095.22900,1.15008925E-05
45,18,2049.73413,2095.22900,2079.15649,1.15008925E-05
45,19,2049.73413,2079.15649,2064.00073,1.15008925E-05
45,20,2049.73413,2064.00073,2049.73413,1.15008925E-05
46,1,1990.21582,2049.73413,2046.07849,9.02246029E-05
46,2,1990.21582,2046.07849,2042.49976,9.02246029E-05
46,3,1990.21582,2042.49976,2038.99707,9.02246029E-05
46,4,1990.21582,2038.99707,2035.56897,9.02246029E-05
46,5,1990.21582,2035.56897,2032.21448,9.02246029E-05
46,6,1990.21582,2032.21448,2028.93250,9.02246029E-05
46,7,1990.21582,2028.93250,2025.72205,9.02246029E-05
46,8,1990.21582,2025.72205,2022.58191,9.02246029E-05
46,9,1990.21582,2022.58191,2019.51135,9.02246029E-05
46,10,1990.21582,2019.51135,2016.50989,9.02246029E-05
46,11,1990.21582,2016.50989,2013.57654,9.02246029E-05
46,12,1990.21582,2013.57654,2010.71069,9.02246029E-05
46,13,1990.21582,2010.71069,2007.91211,9.02246029E-05
46,14,1990.21582,2007.91211,2005.18066,9.02246029E-05
46,15,1990.21582,2005.18066,2002.51636,9.02246029E-05
46,16,1990.21582,2002.51636,1999.91943,9.02246029E-05
46,17,1990.21582,1999.91943,1997.39026,9.02246029E-05
46,18,1990.21582,1997.39026,1994.92932,9.02246029E-05
46,19,1990.21582,1994.92932,1992.53748,9.02246029E-05
46,20,1990.21582,1992.53748,1990.21582,9.02246029E-05
47,1,2003.86121,2000.23779,2000.35083,2.48602282E-05
47,2,2003.86121,2000.35083,2000.43311,2.48602282E-05
47,3,2003.86121,2000.43311,2000.64795,2.48602282E-05
47,4,2003.86121,2000.64795,2000.77649,2.48602282E-05
47,5,2003.86121,2000.77649,2000.90356,2.48602282E-05
47,6,2003.86121,2000.90356,2001.30420,2.48602282E-05
47,7,2003.86121,2001.30420,2001.65430,2.48602282E-05
47,8,2003.86121,2001.65430,2001.86316,2.48602282E-05
47,9,2003.86121,2001.86316,2001.83618,2.48602282E-05
47,10,2003.86121,2001.83618,2002.02161,2.48602282E-05
47,11,2003.86121,2002.02161,2002.16162,2.48602282E-05
47,12,2003.86121,2002.16162,2002.57849,2.48602282E-05
47,13,2003.86121,2002.57849,2002.69360,2.48602282E-05
47,14,2003.86121,2002.69360,2002.57068,2.48602282E-05
47,15,2003.86121,2002.57068,2002.15869,2.48602282E-05
47,16,2003.86121,2002.15869,2001.98840,2.48602282E-05
47,17,2003.86121,2001.98840,2002.51404,2.48602282E-05
47,18,2003.86121,2002.51404,2003.14966,2.48602282E-05
47,19,2003.86121,2003.14966,2003.67407,2.48602282E-05
47,20,2003.86121,2003.67407,2003.86121,2.48602282E-05
48,1,2014.61060,2003.86121,2004.04224,4.03119193E-05
48,2,2014.61060,2004.04224,2004.77136,4.03119193E-05
48,3,2014.61060,2004.77136,2005.26038,4.03119193E-05
48,4,2014.61060,2005.26038,2005.72791,4.03119193E-05
48,5,2014.61060,2005.72791,2006.62122,4.03119193E-05
48,6,2014.61060,2006.62122,2007.47900,4.03119193E-05
48,7,2014.61060,2007.47900,2008.01709,4.03119193E-05
48,8,2014.61060,2008.01709,2008.58362,4.03119193E-05
48,9,2014.61060,2008.58362,2009.65735,4.03119193E-05
48,10,2014.61060,2009.65735,2010.01465,4.03119193E-05
48,11,2014.61060,2010.01465,2010.38208,4.03119193E-05
48,12,2014.61060,2010.38208,2010.59241,4.03119193E-05
48,13,2014.61060,2010.59241,2010.69824,4.03119193E-05
48,14,2014.61060,2010.69824,2010.50464,4.03119193E-05
48,15,2014.61060,2010.50464,2011.09668,4.03119193E-05
48,16,2014.61060,2011.09668,2012.43787,4.03119193E-05
48,17,2014.61060,2012.43787,2013.48950,4.03119193E-05
48,18,2014.61060,2013.48950,2013.92188,4.03119193E-05
48,19,2014.61060,2013.92188,2013.96191,4.03119193E-05
48,20,2014.61060,2013.96191,2014.61060,4.03119193E-05
49,1,2014.51318,2014.61060,2014.80920,1.98806310E-06
49,2,2014.51318,2014.80920,2015.03149,1.98806310E-06
49,3,2014.51318,2015.03149,2015.13220,1.98806310E-06
49,4,2014.51318,2015.13220,2015.07263,1.98806310E-06
49,5,2014.51318,2015.07263,2015.47571,1.98806310E-06
49,6,2014.51318,2015.47571,2015.82239,1.98806310E-06
49,7,2014.51318,2015.82239,2016.06873,1.98806310E-06
49,8,2014.51318,2016.06873,2015.80823,1.98806310E-06
49,9,2014.51318,2015.80823,2015.58081,1.98806310E-06
49,10,2014.51318,2015.58081,2015.73438,1.98806310E-06
49,11,2014.51318,2015.73438,2015.56128,1.98806310E-06
49,12,2014.51318,2015.56128,2015.46814,1.98806310E-06
49,13,2014.51318,2015.46814,2015.56958,1.98806310E-06
49,14,2014.51318,2015.56958,2015.28503,1.98806310E-06
49,15,2014.51318,2015.28503,2014.81104,1.98806310E-06
49,16,2014.51318,2014.81104,2014.52795,1.98806310E-06
49,17,2014.51318,2014.52795,2014.95508,1.98806310E-06
49,18,2014.51318,2014.95508,2015.00439,1.98806310E-06
49,19,2014.51318,2015.00439,2014.78674,1.98806310E-06
49,20,2014.51318,2014.78674,2014.51318,1.98806310E-06
50,1,2058.73853,2054.41748,2055.53296,2.14057181E-05
50,2,2058.73853,2055.53296,2054.20044,2.14057181E-05
50,3,2058.73853,2054.20044,2053.46558,2.14057181E-05
50,4,2058.73853,2053.46558,2054.29150,2.14057181E-05
50,5,2058.73853,2054.29150,2056.07397,2.14057181E-05
50,6,2058.73853,2056.07397,2055.75415,2.14057181E-05
50,7,2058.73853,2055.75415,2054.83325,2.14057181E-05
50,8,2058.73853,2054.83325,2053.45483,2.14057181E-05
50,9,2058.73853,2053.45483,2054.24414,2.14057181E-05
50,10,2058.73853,2054.24414,2053.00732,2.14057181E-05
50,11,2058.73853,2053.00732,2054.62085,2.14057181E-05
50,12,2058.73853,2054.62085,2054.23340,2.14057181E-05
50,13,2058.73853,2054.23340,2056.48364,2.14057181E-05
50,14,2058.73853,2056.48364,2056.57300,2.14057181E-05
50,15,2058.73853,2056.57300,2056.43823,2.14057181E-05
50,16,2058.73853,2056.43823,2056.69604,2.14057181E-05
50,17,2058.73853,2056.69604,2057.17896,2.14057181E-05
50,18,2058.73853,2057.17896,2059.04517,2.14057181E-05
50,19,2058.73853,2059.04517,2060.56641,2.14057181E-05
50,20,2058.73853,2060.56641,2058.73853,2.14057181E-05
51,1,2063.19751,2058.73853,2057.38550,3.81012524E-06
51,2,2063.19751,2057.38550,2056.40503,3.81012524E-06
51,3,2063.19751,2056.40503,2055.73950,3.81012524E-06
51,4,2063.19751,2055.73950,2056.35156,3.81012524E-06
51,5,2063.19751,2056.35156,2055.99341,3.81012524E-06
51,6,2063.19751,2055.99341,2057.30640,3.81012524E-06
51,7,2063.19751,2057.30640,2057.15259,3.81012524E-06
51,8,2063.19751,2057.15259,2058.51782,3.81012524E-06
51,9,2063.19751,2058.51782,2060.03149,3.81012524E-06
51,10,2063.19751,2060.03149,2060.84399,3.81012524E-06
51,11,2063.19751,2060.84399,2062.41040,3.81012524E-06
51,12,2063.19751,2062.41040,2061.46655,3.81012524E-06
51,13,2063.19751,2061.46655,2061.40869,3.81012524E-06
51,14,2063.19751,2061.40869,2059.82349,3.81012524E-06
51,15,2063.19751,2059.82349,2058.49292,3.81012524E-06
51,16,2063.19751,2058.49292,2057.72510,3.81012524E-06
51,17,2063.19751,2057.72510,2058.50171,3.81012524E-06
51,18,2063.19751,2058.50171,2060.74951,3.81012524E-06
51,19,2063.19751,2060.74951,2063.17358,3.81012524E-06
51,20,2063.19751,2063.17358,2063.19751,3.81012524E-06
52,1,2092.36743,2088.64819,2086.70728,1.71332488E-06
52,2,2092.36743,2086.70728,2083.81958,1.71332488E-06
52,3,2092.36743,2083.81958,2081.03442,1.71332488E-06
52,4,2092.36743,2081.03442,2079.30566,1.71332488E-06
52,5,2092.36743,2079.30566,2078.38110,1.71332488E-06
52,6,2092.36743,2078.38110,2078.24512,1.71332488E-06
52,7,2092.36743,2078.24512,2079.18311,1.71332488E-06
52,8,2092.36743,2079.18311,2080.87231,1.71332488E-06
52,9,2092.36743,2080.87231,2081.23706,1.71332488E-06
52,10,2092.36743,2081.23706,2081.07202,1.71332488E-06
52,11,2092.36743,2081.07202,2082.29321,1.71332488E-06
52,12,2092.36743,2082.29321,2084.21973,1.71332488E-06
52,13,2092.36743,2084.21973,2085.51465,1.71332488E-06
52,14,2092.36743,2085.51465,2090.83960,1.71332488E-06
52,15,2092.36743,2090.83960,2088.86694,1.71332488E-06
52,16,2092.36743,2088.86694,2090.01245,1.71332488E-06
52,17,2092.36743,2090.01245,2089.80566,1.71332488E-06
52,18,2092.36743,2089.80566,2088.28149,1.71332488E-06
52,19,2092.36743,2088.28149,2089.51416,1.71332488E-06
52,20,2092.36743,2089.51416,2092.36743,1.71332488E-06
53,1,2094.20093,2092.36743,2091.92236,7.35687354E-05
53,2,2094.20093,2091.92236,2093.53833,7.35687354E-05
53,3,2094.20093,2093.53833,2091.84668,7.35687354E-05
53,4,2094.20093,2091.84668,2091.67163,7.35687354E-05
53,5,2094.20093,2091.67163,2091.90796,7.35687354E-05
53,6,2094.20093,2091.90796,2092.64844,7.35687354E-05
53,7,2094.20093,2092.64844,2093.39209,7.35687354E-05
53,8,2094.20093,2093.39209,2093.22998,7.35687354E-05
53,9,2094.20093,2093.22998,2092.45996,7.35687354E-05
53,10,2094.20093,2092.45996,2092.41187,7.35687354E-05
53,11,2094.20093,2092.41187,2091.59985,7.35687354E-05
53,12,2094.20093,2091.59985,2092.26099,7.35687354E-05
53,13,2094.20093,2092.26099,2093.15405,7.35687354E-05
53,14,2094.20093,2093.15405,2093.90430,7.35687354E-05
53,15,2094.20093,2093.90430,2094.38257,7.35687354E-05
53,16,2094.20093,2094.38257,2094.37915,7.35687354E-05
53,17,2094.20093,2094.37915,2093.37622,7.35687354E-05
53,18,2094.20093,2093.37622,2093.26147,7.35687354E-05
53,19,2094.20093,2093.26147,2093.71729,7.35687354E-05
53,20,2094.20093,2093.71729,2094.20093,7.35687354E-05
54,1,2079.59863,2094.20093,2093.87769,1.88858178E-06
54,2,2079.59863,2093.87769,2092.30566,1.88858178E-06
54,3,2079.59863,2092.30566,2089.90527,1.88858178E-06
54,4,2079.59863,2089.90527,2088.52271,1.88858178E-06
54,5,2079.59863,2088.52271,2087.54053,1.88858178E-06
54,6,2079.59863,2087.54053,2084.94678,1.88858178E-06
54,7,2079.59863,2084.94678,2084.66382,1.88858178E-06
54,8,2079.59863,2084.66382,2086.83691,1.88858178E-06
54,9,2079.59863,2086.83691,2087.73633,1.88858178E-06
54,10,2079.59863,2087.73633,2087.00781,1.88858178E-06
54,11,2079.59863,2087.00781,2084.21973,1.88858178E-06
54,12,2079.59863,2084.21973,2082.54468,1.88858178E-06
54,13,2079.59863,2082.54468,2080.49072,1.88858178E-06
54,14,2079.59863,2080.49072,2080.29883,1.88858178E-06
54,15,2079.59863,2080.29883,2080.30859,1.88858178E-06
54,16,2079.59863,2080.30859,2081.00073,1.88858178E-06
54,17,2079.59863,2081.00073,2080.38867,1.88858178E-06
54,18,2079.59863,2080.38867,2079.84180,1.88858178E-06
54,19,2079.59863,2079.84180,2077.90405,1.88858178E-06
54,20,2079.59863,2077.90405,2079.59863,1.88858178E-06
55,1,2083.27783,2079.59863,2079.42334,8.36210893E-06
55,2,2083.27783,2079.42334,2080.07495,8.36210893E-06
55,3,2083.27783,2080.07495,2080.88525,8.36210893E-06
55,4,2083.27783,2080.88525,2083.26636,8.36210893E-06
55,5,2083.27783,2083.26636,2083.65039,8.36210893E-06
55,6,2083.27783,2083.65039,2083.75684,8.36210893E-06
55,7,2083.27783,2083.75684,2082.30859,8.36210893E-06
55,8,2083.27783,2082.30859,2083.05249,8.36210893E-06
55,9,2083.27783,2083.05249,2083.41748,8.36210893E-06
55,10,2083.27783,2083.41748,2086.11206,8.36210893E-06
55,11,2083.27783,2086.11206,2087.29126,8.36210893E-06
55,12,2083.27783,2087.29126,2089.85596,8.36210893E-06
55,13,2083.27783,2089.85596,2091.47388,8.36210893E-06
55,14,2083.27783,2091.47388,2091.95605,8.36210893E-06
55,15,2083.27783,2091.95605,2090.99023,8.36210893E-06
55,16,2083.27783,2090.99023,2089.14697,8.36210893E-06
55,17,2083.27783,2089.14697,2088.06201,8.36210893E-06
55,18,2083.27783,2088.06201,2085.78979,8.36210893E-06
55,19,2083.27783,2085.78979,2083.35205,8.36210893E-06
55,20,2083.27783,2083.35205,2083.27783,8.36210893E-06
56,1,2088.65991,2083.27783,2083.21704,3.40674092E-06
56,2,2088.65991,2083.21704,2083.25098,3.40674092E-06
56,3,2088.65991,2083.25098,2082.88159,3.40674092E-06
56,4,2088.65991,2082.88159,2084.24341,3.40674092E-06
56,5,2088.65991,2084.24341,2086.14966,3.40674092E-06
56,6,2088.65991,2086.14966,2087.12329,3.40674092E-06
56,7,2088.65991,2087.12329,2088.16602,3.40674092E-06
56,8,2088.65991,2088.16602,2090.25220,3.40674092E-06
56,9,2088.65991,2090.25220,2094.24634,3.40674092E-06
56,10,2088.65991,2094.24634,2099.42065,3.40674092E-06
56,11,2088.65991,2099.42065,2100.64038,3.40674092E-06
56,12,2088.65991,2100.64038,2101.40308,3.40674092E-06
56,13,2088.65991,2101.40308,2101.99634,3.40674092E-06
56,14,2088.65991,2101.99634,2102.17505,3.40674092E-06
56,15,2088.65991,2102.17505,2098.13647,3.40674092E-06
56,16,2088.65991,2098.13647,2092.89624,3.40674092E-06
56,17,2088.65991,2092.89624,2089.93823,3.40674092E-06
56,18,2088.65991,2089.93823,2090.87378,3.40674092E-06
56,19,2088.65991,2090.87378,2089.78979,3.40674092E-06
56,20,2088.65991,2089.78979,2088.65991,3.40674092E-06
57,1,2094.37036,2095.08740,2097.23755,2.28058502E-06
57,2,2094.37036,2097.23755,2100.02783,2.28058502E-06
57,3,2094.37036,2100.02783,2098.28491,2.28058502E-06
57,4,2094.37036,2098.28491,2092.23730,2.28058502E-06
57,5,2094.37036,2092.23730,2091.40405,2.28058502E-06
57,6,2094.37036,2091.40405,2093.46777,2.28058502E-06
57,7,2094.37036,2093.46777,2092.18628,2.28058502E-06
57,8,2094.37036,2092.18628,2088.17090,2.28058502E-06
57,9,2094.37036,2088.17090,2084.59204,2.28058502E-06
57,10,2094.37036,2084.59204,2086.48706,2.28058502E-06
57,11,2094.37036,2086.48706,2090.33398,2.28058502E-06
57,12,2094.37036,2090.33398,2090.40796,2.28058502E-06
57,13,2094.37036,2090.40796,2089.82715,2.28058502E-06
57,14,2094.37036,2089.82715,2092.44849,2.28058502E-06
57,15,2094.37036,2092.44849,2094.89722,2.28058502E-06
57,16,2094.37036,2094.89722,2095.01294,2.28058502E-06
57,17,2094.37036,2095.01294,2094.73047,2.28058502E-06
57,18,2094.37036,2094.73047,2092.64062,2.28058502E-06
57,19,2094.37036,2092.64062,2093.08105,2.28058502E-06
57,20,2094.37036,2093.08105,2094.37036,2.28058502E-06
58,1,2097.82739,2094.37036,2098.54858,1.12955122E-05
58,2,2097.82739,2098.54858,2094.05029,1.12955122E-05
58,3,2097.82739,2094.05029,2086.30981,1.12955122E-05
58,4,2097.82739,2086.30981,2089.43042,1.12955122E-05
58,5,2097.82739,2089.43042,2098.29517,1.12955122E-05
58,6,2097.82739,2098.29517,2095.61768,1.12955122E-05
58,7,2097.82739,2095.61768,2092.42700,1.12955122E-05
58,8,2097.82739,2092.42700,2101.15063,1.12955122E-05
58,9,2097.82739,2101.15063,2100.03247,1.12955122E-05
58,10,2097.82739,2100.03247,2091.98462,1.12955122E-05
58,11,2097.82739,2091.98462,2093.35864,1.12955122E-05
58,12,2097.82739,2093.35864,2097.83765,1.12955122E-05
58,13,2097.82739,2097.83765,2108.93701,1.12955122E-05
58,14,2097.82739,2108.93701,2106.06079,1.12955122E-05
58,15,2097.82739,2106.06079,2091.35840,1.12955122E-05
58,16,2097.82739,2091.35840,2081.62866,1.12955122E-05
58,17,2097.82739,2081.62866,2094.16431,1.12955122E-05
58,18,2097.82739,2094.16431,2104.38013,1.12955122E-05
58,19,2097.82739,2104.38013,2096.32642,1.12955122E-05
58,20,2097.82739,2096.32642,2097.82739,1.12955122E-05
