i,k,old_q,old_q_ch_in,old_q_ch_out,qlat_ch_old
1,1,0.00000000,0.00000000,0.00000000,-2.64417892E-03
1,2,0.00000000,0.00000000,0.00000000,-2.64417892E-03
1,3,0.00000000,0.00000000,0.00000000,-2.64417892E-03
1,4,0.00000000,0.00000000,0.00000000,-2.64417892E-03
1,5,0.00000000,0.00000000,0.00000000,-2.64417892E-03
1,6,0.00000000,0.00000000,0.00000000,-2.64417892E-03
1,7,0.00000000,0.00000000,0.00000000,-2.64417892E-03
1,8,0.00000000,0.00000000,0.00000000,-2.64417892E-03
1,9,0.00000000,0.00000000,0.00000000,-2.64417892E-03
1,10,0.00000000,0.00000000,0.00000000,-2.64417892E-03
1,11,0.00000000,0.00000000,0.00000000,-2.64417892E-03
1,12,0.00000000,0.00000000,0.00000000,-2.64417892E-03
1,13,0.00000000,0.00000000,0.00000000,-2.64417892E-03
1,14,0.00000000,0.00000000,0.00000000,-2.64417892E-03
1,15,0.00000000,0.00000000,0.00000000,-2.64417892E-03
1,16,0.00000000,0.00000000,0.00000000,-2.64417892E-03
1,17,0.00000000,0.00000000,0.00000000,-2.64417892E-03
1,18,0.00000000,0.00000000,0.00000000,-2.64417892E-03
1,19,0.00000000,0.00000000,0.00000000,-2.64417892E-03
1,20,0.00000000,0.00000000,0.00000000,-2.64417892E-03
2,1,0.00000000,0.00000000,0.00000000,-4.55311220E-03
2,2,0.00000000,0.00000000,0.00000000,-4.55311220E-03
2,3,0.00000000,0.00000000,0.00000000,-4.55311220E-03
2,4,0.00000000,0.00000000,0.00000000,-4.55311220E-03
2,5,0.00000000,0.00000000,0.00000000,-4.55311220E-03
2,6,0.00000000,0.00000000,0.00000000,-4.55311220E-03
2,7,0.00000000,0.00000000,0.00000000,-4.55311220E-03
2,8,0.00000000,0.00000000,0.00000000,-4.55311220E-03
2,9,0.00000000,0.00000000,0.00000000,-4.55311220E-03
2,10,0.00000000,0.00000000,0.00000000,-4.55311220E-03
2,11,0.00000000,0.00000000,0.00000000,-4.55311220E-03
2,12,0.00000000,0.00000000,0.00000000,-4.55311220E-03
2,13,0.00000000,0.00000000,0.00000000,-4.55311220E-03
2,14,0.00000000,0.00000000,0.00000000,-4.55311220E-03
2,15,0.00000000,0.00000000,0.00000000,-4.55311220E-03
2,16,0.00000000,0.00000000,0.00000000,-4.55311220E-03
2,17,0.00000000,0.00000000,0.00000000,-4.55311220E-03
2,18,0.00000000,0.00000000,0.00000000,-4.55311220E-03
2,19,0.00000000,0.00000000,0.00000000,-4.55311220E-03
2,20,0.00000000,0.00000000,0.00000000,-4.55311220E-03
3,1,14.2548790,0.00000000,0.729174078,1.09006269E-05
3,2,14.2548790,0.729174078,1.45834827,1.09006269E-05
3,3,14.2548790,1.45834827,2.18752241,1.09006269E-05
3,4,14.2548790,2.18752241,2.91669655,1.09006269E-05
3,5,14.2548790,2.91669655,3.64587021,1.09006269E-05
3,6,14.2548790,3.64587021,4.37504911,1.09006269E-05
3,7,14.2548790,4.37504911,5.10417891,1.09006269E-05
3,8,14.2548790,5.10417891,5.83366823,1.09006269E-05
3,9,14.2548790,5.83366823,6.56106043,1.09006269E-05
3,10,14.2548790,6.56106043,7.29823828,1.09006269E-05
3,11,14.2548790,7.29823828,7.99911165,1.09006269E-05
3,12,14.2548790,7.99911165,8.80520725,1.09006269E-05
3,13,14.2548790,8.80520725,9.38178730,1.09006269E-05
3,14,14.2548790,9.38178730,10.3043318,1.09006269E-05
3,15,14.2548790,10.3043318,10.9533043,1.09006269E-05
3,16,14.2548790,10.9533043,11.5128431,1.09006269E-05
3,17,14.2548790,11.5128431,12.3999434,1.09006269E-05
3,18,14.2548790,12.3999434,13.6228476,1.09006269E-05
3,19,14.2548790,13.6228476,13.2876301,1.09006269E-05
3,20,14.2548790,13.2876301,14.2548790,1.09006269E-05
4,1,0.00000000,0.00000000,0.00000000,-2.66870557E-05
4,2,0.00000000,0.00000000,0.00000000,-2.66870557E-05
4,3,0.00000000,0.00000000,0.00000000,-2.66870557E-05
4,4,0.00000000,0.00000000,0.00000000,-2.66870557E-05
4,5,0.00000000,0.00000000,0.00000000,-2.66870557E-05
4,6,0.00000000,0.00000000,0.00000000,-2.66870557E-05
4,7,0.00000000,0.00000000,0.00000000,-2.66870557E-05
4,8,0.00000000,0.00000000,0.00000000,-2.66870557E-05
4,9,0.00000000,0.00000000,0.00000000,-2.66870557E-05
4,10,0.00000000,0.00000000,0.00000000,-2.66870557E-05
4,11,0.00000000,0.00000000,0.00000000,-2.66870557E-05
4,12,0.00000000,0.00000000,0.00000000,-2.66870557E-05
4,13,0.00000000,0.00000000,0.00000000,-2.66870557E-05
4,14,0.00000000,0.00000000,0.00000000,-2.66870557E-05
4,15,0.00000000,0.00000000,0.00000000,-2.66870557E-05
4,16,0.00000000,0.00000000,0.00000000,-2.66870557E-05
4,17,0.00000000,0.00000000,0.00000000,-2.66870557E-05
4,18,0.00000000,0.00000000,0.00000000,-2.66870557E-05
4,19,0.00000000,0.00000000,0.00000000,-2.66870557E-05
4,20,0.00000000,0.00000000,0.00000000,-2.66870557E-05
5,1,0.00000000,0.00000000,0.00000000,-1.61029539E-06
5,2,0.00000000,0.00000000,0.00000000,-1.61029539E-06
5,3,0.00000000,0.00000000,0.00000000,-1.61029539E-06
5,4,0.00000000,0.00000000,0.00000000,-1.61029539E-06
5,5,0.00000000,0.00000000,0.00000000,-1.61029539E-06
5,6,0.00000000,0.00000000,0.00000000,-1.61029539E-06
5,7,0.00000000,0.00000000,0.00000000,-1.61029539E-06
5,8,0.00000000,0.00000000,0.00000000,-1.61029539E-06
5,9,0.00000000,0.00000000,0.00000000,-1.61029539E-06
5,10,0.00000000,0.00000000,0.00000000,-1.61029539E-06
5,11,0.00000000,0.00000000,0.00000000,-1.61029539E-06
5,12,0.00000000,0.00000000,0.00000000,-1.61029539E-06
5,13,0.00000000,0.00000000,0.00000000,-1.61029539E-06
5,14,0.00000000,0.00000000,0.00000000,-1.61029539E-06
5,15,0.00000000,0.00000000,0.00000000,-1.61029539E-06
5,16,0.00000000,0.00000000,0.00000000,-1.61029539E-06
5,17,0.00000000,0.00000000,0.00000000,-1.61029539E-06
5,18,0.00000000,0.00000000,0.00000000,-1.61029539E-06
5,19,0.00000000,0.00000000,0.00000000,-1.61029539E-06
5,20,0.00000000,0.00000000,0.00000000,-1.61029539E-06
6,1,0.00000000,0.00000000,0.00000000,-3.41247096E-06
6,2,0.00000000,0.00000000,0.00000000,-3.41247096E-06
6,3,0.00000000,0.00000000,0.00000000,-3.41247096E-06
6,4,0.00000000,0.00000000,0.00000000,-3.41247096E-06
6,5,0.00000000,0.00000000,0.00000000,-3.41247096E-06
6,6,0.00000000,0.00000000,0.00000000,-3.41247096E-06
6,7,0.00000000,0.00000000,0.00000000,-3.41247096E-06
6,8,0.00000000,0.00000000,0.00000000,-3.41247096E-06
6,9,0.00000000,0.00000000,0.00000000,-3.41247096E-06
6,10,0.00000000,0.00000000,0.00000000,-3.41247096E-06
6,11,0.00000000,0.00000000,0.00000000,-3.41247096E-06
6,12,0.00000000,0.00000000,0.00000000,-3.41247096E-06
6,13,0.00000000,0.00000000,0.00000000,-3.41247096E-06
6,14,0.00000000,0.00000000,0.00000000,-3.41247096E-06
6,15,0.00000000,0.00000000,0.00000000,-3.41247096E-06
6,16,0.00000000,0.00000000,0.00000000,-3.41247096E-06
6,17,0.00000000,0.00000000,0.00000000,-3.41247096E-06
6,18,0.00000000,0.00000000,0.00000000,-3.41247096E-06
6,19,0.00000000,0.00000000,0.00000000,-3.41247096E-06
6,20,0.00000000,0.00000000,0.00000000,-3.41247096E-06
7,1,1.39511074E-04,0.00000000,8.06905427E-06,6.16522722E-10
7,2,1.39511074E-04,8.06905427E-06,1.65892397E-05,6.16522722E-10
7,3,1.39511074E-04,1.65892397E-05,2.31824015E-05,6.16522722E-10
7,4,1.39511074E-04,2.31824015E-05,3.37913261E-05,6.16522722E-10
7,5,1.39511074E-04,3.37913261E-05,4.09176682E-05,6.16522722E-10
7,6,1.39511074E-04,4.09176682E-05,4.72862812E-05,6.16522722E-10
7,7,1.39511074E-04,4.72862812E-05,5.60162916E-05,6.16522722E-10
7,8,1.39511074E-04,5.60162916E-05,6.62630482E-05,6.16522722E-10
7,9,1.39511074E-04,6.62630482E-05,7.09808955E-05,6.16522722E-10
7,10,1.39511074E-04,7.09808955E-05,9.35946300E-05,6.16522722E-10
7,11,1.39511074E-04,9.35946300E-05,7.03493715E-05,6.16522722E-10
7,12,1.39511074E-04,7.03493715E-05,9.92881105E-05,6.16522722E-10
7,13,1.39511074E-04,9.92881105E-05,1.18406751E-04,6.16522722E-10
7,14,1.39511074E-04,1.18406751E-04,1.14131632E-04,6.16522722E-10
7,15,1.39511074E-04,1.14131632E-04,1.10808964E-04,6.16522722E-10
7,16,1.39511074E-04,1.10808964E-04,1.29269407E-04,6.16522722E-10
7,17,1.39511074E-04,1.29269407E-04,1.23873106E-04,6.16522722E-10
7,18,1.39511074E-04,1.23873106E-04,1.80621937E-04,6.16522722E-10
7,19,1.39511074E-04,1.80621937E-04,1.59076037E-04,6.16522722E-10
7,20,1.39511074E-04,1.59076037E-04,1.39511074E-04,6.16522722E-10
8,1,0.00000000,0.00000000,0.00000000,-4.01926845E-05
8,2,0.00000000,0.00000000,0.00000000,-4.01926845E-05
8,3,0.00000000,0.00000000,0.00000000,-4.01926845E-05
8,4,0.00000000,0.00000000,0.00000000,-4.01926845E-05
8,5,0.00000000,0.00000000,0.00000000,-4.01926845E-05
8,6,0.00000000,0.00000000,0.00000000,-4.01926845E-05
8,7,0.00000000,0.00000000,0.00000000,-4.01926845E-05
8,8,0.00000000,0.00000000,0.00000000,-4.01926845E-05
8,9,0.00000000,0.00000000,0.00000000,-4.01926845E-05
8,10,0.00000000,0.00000000,0.00000000,-4.01926845E-05
8,11,0.00000000,0.00000000,0.00000000,-4.01926845E-05
8,12,0.00000000,0.00000000,0.00000000,-4.01926845E-05
8,13,0.00000000,0.00000000,0.00000000,-4.01926845E-05
8,14,0.00000000,0.00000000,0.00000000,-4.01926845E-05
8,15,0.00000000,0.00000000,0.00000000,-4.01926845E-05
8,16,0.00000000,0.00000000,0.00000000,-4.01926845E-05
8,17,0.00000000,0.00000000,0.00000000,-4.01926845E-05
8,18,0.00000000,0.00000000,0.00000000,-4.01926845E-05
8,19,0.00000000,0.00000000,0.00000000,-4.01926845E-05
8,20,0.00000000,0.00000000,0.00000000,-4.01926845E-05
9,1,0.00000000,0.00000000,0.00000000,-3.57603676E-05
9,2,0.00000000,0.00000000,0.00000000,-3.57603676E-05
9,3,0.00000000,0.00000000,0.00000000,-3.57603676E-05
9,4,0.00000000,0.00000000,0.00000000,-3.57603676E-05
9,5,0.00000000,0.00000000,0.00000000,-3.57603676E-05
9,6,0.00000000,0.00000000,0.00000000,-3.57603676E-05
9,7,0.00000000,0.00000000,0.00000000,-3.57603676E-05
9,8,0.00000000,0.00000000,0.00000000,-3.57603676E-05
9,9,0.00000000,0.00000000,0.00000000,-3.57603676E-05
9,10,0.00000000,0.00000000,0.00000000,-3.57603676E-05
9,11,0.00000000,0.00000000,0.00000000,-3.57603676E-05
9,12,0.00000000,0.00000000,0.00000000,-3.57603676E-05
9,13,0.00000000,0.00000000,0.00000000,-3.57603676E-05
9,14,0.00000000,0.00000000,0.00000000,-3.57603676E-05
9,15,0.00000000,0.00000000,0.00000000,-3.57603676E-05
9,16,0.00000000,0.00000000,0.00000000,-3.57603676E-05
9,17,0.00000000,0.00000000,0.00000000,-3.57603676E-05
9,18,0.00000000,0.00000000,0.00000000,-3.57603676E-05
9,19,0.00000000,0.00000000,0.00000000,-3.57603676E-05
9,20,0.00000000,0.00000000,0.00000000,-3.57603676E-05
10,1,0.00000000,0.00000000,0.00000000,-3.40445404E-04
10,2,0.00000000,0.00000000,0.00000000,-3.40445404E-04
10,3,0.00000000,0.00000000,0.00000000,-3.40445404E-04
10,4,0.00000000,0.00000000,0.00000000,-3.40445404E-04
10,5,0.00000000,0.00000000,0.00000000,-3.40445404E-04
10,6,0.00000000,0.00000000,0.00000000,-3.40445404E-04
10,7,0.00000000,0.00000000,0.00000000,-3.40445404E-04
10,8,0.00000000,0.00000000,0.00000000,-3.40445404E-04
10,9,0.00000000,0.00000000,0.00000000,-3.40445404E-04
10,10,0.00000000,0.00000000,0.00000000,-3.40445404E-04
10,11,0.00000000,0.00000000,0.00000000,-3.40445404E-04
10,12,0.00000000,0.00000000,0.00000000,-3.40445404E-04
10,13,0.00000000,0.00000000,0.00000000,-3.40445404E-04
10,14,0.00000000,0.00000000,0.00000000,-3.40445404E-04
10,15,0.00000000,0.00000000,0.00000000,-3.40445404E-04
10,16,0.00000000,0.00000000,0.00000000,-3.40445404E-04
10,17,0.00000000,0.00000000,0.00000000,-3.40445404E-04
10,18,0.00000000,0.00000000,0.00000000,-3.40445404E-04
10,19,0.00000000,0.00000000,0.00000000,-3.40445404E-04
10,20,0.00000000,0.00000000,0.00000000,-3.40445404E-04
11,1,20.3098583,0.00000000,1.01769137,1.73532935E-05
11,2,20.3098583,1.01769137,2.03863382,1.73532935E-05
11,3,20.3098583,2.03863382,3.04920244,1.73532935E-05
11,4,20.3098583,3.04920244,4.06883430,1.73532935E-05
11,5,20.3098583,4.06883430,5.11027145,1.73532935E-05
11,6,20.3098583,5.11027145,6.09928799,1.73532935E-05
11,7,20.3098583,6.09928799,7.10625219,1.73532935E-05
11,8,20.3098583,7.10625219,8.15139198,1.73532935E-05
11,9,20.3098583,8.15139198,9.16606426,1.73532935E-05
11,10,20.3098583,9.16606426,10.1931019,1.73532935E-05
11,11,20.3098583,10.1931019,11.2256069,1.73532935E-05
11,12,20.3098583,11.2256069,12.2102203,1.73532935E-05
11,13,20.3098583,12.2102203,13.1784954,1.73532935E-05
11,14,20.3098583,13.1784954,14.2076054,1.73532935E-05
11,15,20.3098583,14.2076054,15.2966328,1.73532935E-05
11,16,20.3098583,15.2966328,16.3657799,1.73532935E-05
11,17,20.3098583,16.3657799,17.3606358,1.73532935E-05
11,18,20.3098583,17.3606358,18.3103523,1.73532935E-05
11,19,20.3098583,18.3103523,19.2828445,1.73532935E-05
11,20,20.3098583,19.2828445,20.3098583,1.73532935E-05
12,1,0.00000000,0.00000000,0.00000000,-8.50157611E-10
12,2,0.00000000,0.00000000,0.00000000,-8.50157611E-10
12,3,0.00000000,0.00000000,0.00000000,-8.50157611E-10
12,4,0.00000000,0.00000000,0.00000000,-8.50157611E-10
12,5,0.00000000,0.00000000,0.00000000,-8.50157611E-10
12,6,0.00000000,0.00000000,0.00000000,-8.50157611E-10
12,7,0.00000000,0.00000000,0.00000000,-8.50157611E-10
12,8,0.00000000,0.00000000,0.00000000,-8.50157611E-10
12,9,0.00000000,0.00000000,0.00000000,-8.50157611E-10
12,10,0.00000000,0.00000000,0.00000000,-8.50157611E-10
12,11,0.00000000,0.00000000,0.00000000,-8.50157611E-10
12,12,0.00000000,0.00000000,0.00000000,-8.50157611E-10
12,13,0.00000000,0.00000000,0.00000000,-8.50157611E-10
12,14,0.00000000,0.00000000,0.00000000,-8.50157611E-10
12,15,0.00000000,0.00000000,0.00000000,-8.50157611E-10
12,16,0.00000000,0.00000000,0.00000000,-8.50157611E-10
12,17,0.00000000,0.00000000,0.00000000,-8.50157611E-10
12,18,0.00000000,0.00000000,0.00000000,-8.50157611E-10
12,19,0.00000000,0.00000000,0.00000000,-8.50157611E-10
12,20,0.00000000,0.00000000,0.00000000,-8.50157611E-10
13,1,0.00000000,0.00000000,0.00000000,-8.47678336E-07
13,2,0.00000000,0.00000000,0.00000000,-8.47678336E-07
13,3,0.00000000,0.00000000,0.00000000,-8.47678336E-07
13,4,0.00000000,0.00000000,0.00000000,-8.47678336E-07
13,5,0.00000000,0.00000000,0.00000000,-8.47678336E-07
13,6,0.00000000,0.00000000,0.00000000,-8.47678336E-07
13,7,0.00000000,0.00000000,0.00000000,-8.47678336E-07
13,8,0.00000000,0.00000000,0.00000000,-8.47678336E-07
13,9,0.00000000,0.00000000,0.00000000,-8.47678336E-07
13,10,0.00000000,0.00000000,0.00000000,-8.47678336E-07
13,11,0.00000000,0.00000000,0.00000000,-8.47678336E-07
13,12,0.00000000,0.00000000,0.00000000,-8.47678336E-07
13,13,0.00000000,0.00000000,0.00000000,-8.47678336E-07
13,14,0.00000000,0.00000000,0.00000000,-8.47678336E-07
13,15,0.00000000,0.00000000,0.00000000,-8.47678336E-07
13,16,0.00000000,0.00000000,0.00000000,-8.47678336E-07
13,17,0.00000000,0.00000000,0.00000000,-8.47678336E-07
13,18,0.00000000,0.00000000,0.00000000,-8.47678336E-07
13,19,0.00000000,0.00000000,0.00000000,-8.47678336E-07
13,20,0.00000000,0.00000000,0.00000000,-8.47678336E-07
14,1,42.6003075,0.00000000,5.34760380,3.94983625E-04
14,2,42.6003075,5.34760380,10.6140213,3.94983625E-04
14,3,42.6003075,10.6140213,15.6889744,3.94983625E-04
14,4,42.6003075,15.6889744,20.4330883,3.94983625E-04
14,5,42.6003075,20.4330883,24.7112522,3.94983625E-04
14,6,42.6003075,24.7112522,28.4238586,3.94983625E-04
14,7,42.6003075,28.4238586,31.5246544,3.94983625E-04
14,8,42.6003075,31.5246544,34.0224762,3.94983625E-04
14,9,42.6003075,34.0224762,35.9707031,3.94983625E-04
14,10,42.6003075,35.9707031,37.4509125,3.94983625E-04
14,11,42.6003075,37.4509125,38.5562553,3.94983625E-04
14,12,42.6003075,38.5562553,39.3782692,3.94983625E-04
14,13,42.6003075,39.3782692,39.9983215,3.94983625E-04
14,14,42.6003075,39.9983215,40.4833984,3.94983625E-04
14,15,42.6003075,40.4833984,40.8852425,3.94983625E-04
14,16,42.6003075,40.8852425,41.2415276,3.94983625E-04
14,17,42.6003075,41.2415276,41.5780754,3.94983625E-04
14,18,42.6003075,41.5780754,41.9113274,3.94983625E-04
14,19,42.6003075,41.9113274,42.2506523,3.94983625E-04
14,20,42.6003075,42.2506523,42.6003075,3.94983625E-04
15,1,14.5350189,14.2548790,15.0541201,3.17646459E-06
15,2,14.5350189,15.0541201,12.7407684,3.17646459E-06
15,3,14.5350189,12.7407684,16.3891068,3.17646459E-06
15,4,14.5350189,16.3891068,17.4938354,3.17646459E-06
15,5,14.5350189,17.4938354,15.2988720,3.17646459E-06
15,6,14.5350189,15.2988720,13.3778477,3.17646459E-06
15,7,14.5350189,13.3778477,15.2432213,3.17646459E-06
15,8,14.5350189,15.2432213,17.3117065,3.17646459E-06
15,9,14.5350189,17.3117065,16.8136234,3.17646459E-06
15,10,14.5350189,16.8136234,11.7827225,3.17646459E-06
15,11,14.5350189,11.7827225,19.1038246,3.17646459E-06
15,12,14.5350189,19.1038246,19.5625267,3.17646459E-06
15,13,14.5350189,19.5625267,6.97536469,3.17646459E-06
15,14,14.5350189,6.97536469,8.17676544,3.17646459E-06
15,15,14.5350189,8.17676544,16.3964233,3.17646459E-06
15,16,14.5350189,16.3964233,26.0412731,3.17646459E-06
15,17,14.5350189,26.0412731,18.0735435,3.17646459E-06
15,18,14.5350189,18.0735435,2.87244987,3.17646459E-06
15,19,14.5350189,2.87244987,4.39640808,3.17646459E-06
15,20,14.5350189,4.39640808,14.5350189,3.17646459E-06
16,1,0.00000000,0.00000000,0.00000000,-5.78113308E-04
16,2,0.00000000,0.00000000,0.00000000,-5.78113308E-04
16,3,0.00000000,0.00000000,0.00000000,-5.78113308E-04
16,4,0.00000000,0.00000000,0.00000000,-5.78113308E-04
16,5,0.00000000,0.00000000,0.00000000,-5.78113308E-04
16,6,0.00000000,0.00000000,0.00000000,-5.78113308E-04
16,7,0.00000000,0.00000000,0.00000000,-5.78113308E-04
16,8,0.00000000,0.00000000,0.00000000,-5.78113308E-04
16,9,0.00000000,0.00000000,0.00000000,-5.78113308E-04
16,10,0.00000000,0.00000000,0.00000000,-5.78113308E-04
16,11,0.00000000,0.00000000,0.00000000,-5.78113308E-04
16,12,0.00000000,0.00000000,0.00000000,-5.78113308E-04
16,13,0.00000000,0.00000000,0.00000000,-5.78113308E-04
16,14,0.00000000,0.00000000,0.00000000,-5.78113308E-04
16,15,0.00000000,0.00000000,0.00000000,-5.78113308E-04
16,16,0.00000000,0.00000000,0.00000000,-5.78113308E-04
16,17,0.00000000,0.00000000,0.00000000,-5.78113308E-04
16,18,0.00000000,0.00000000,0.00000000,-5.78113308E-04
16,19,0.00000000,0.00000000,0.00000000,-5.78113308E-04
16,20,0.00000000,0.00000000,0.00000000,-5.78113308E-04
17,1,0.00000000,0.00000000,0.00000000,-1.64402285E-04
17,2,0.00000000,0.00000000,0.00000000,-1.64402285E-04
17,3,0.00000000,0.00000000,0.00000000,-1.64402285E-04
17,4,0.00000000,0.00000000,0.00000000,-1.64402285E-04
17,5,0.00000000,0.00000000,0.00000000,-1.64402285E-04
17,6,0.00000000,0.00000000,0.00000000,-1.64402285E-04
17,7,0.00000000,0.00000000,0.00000000,-1.64402285E-04
17,8,0.00000000,0.00000000,0.00000000,-1.64402285E-04
17,9,0.00000000,0.00000000,0.00000000,-1.64402285E-04
17,10,0.00000000,0.00000000,0.00000000,-1.64402285E-04
17,11,0.00000000,0.00000000,0.00000000,-1.64402285E-04
17,12,0.00000000,0.00000000,0.00000000,-1.64402285E-04
17,13,0.00000000,0.00000000,0.00000000,-1.64402285E-04
17,14,0.00000000,0.00000000,0.00000000,-1.64402285E-04
17,15,0.00000000,0.00000000,0.00000000,-1.64402285E-04
17,16,0.00000000,0.00000000,0.00000000,-1.64402285E-04
17,17,0.00000000,0.00000000,0.00000000,-1.64402285E-04
17,18,0.00000000,0.00000000,0.00000000,-1.64402285E-04
17,19,0.00000000,0.00000000,0.00000000,-1.64402285E-04
17,20,0.00000000,0.00000000,0.00000000,-1.64402285E-04
18,1,24.0615711,20.3098583,20.4989738,1.92085517E-05
18,2,24.0615711,20.4989738,20.6904030,1.92085517E-05
18,3,24.0615711,20.6904030,20.8783588,1.92085517E-05
18,4,24.0615711,20.8783588,21.0696754,1.92085517E-05
18,5,24.0615711,21.0696754,21.2668858,1.92085517E-05
18,6,24.0615711,21.2668858,21.4673653,1.92085517E-05
18,7,24.0615711,21.4673653,21.6666279,1.92085517E-05
18,8,24.0615711,21.6666279,21.8610134,1.92085517E-05
18,9,24.0615711,21.8610134,22.0489578,1.92085517E-05
18,10,24.0615711,22.0489578,22.2316208,1.92085517E-05
18,11,24.0615711,22.2316208,22.4074211,1.92085517E-05
18,12,24.0615711,22.4074211,22.5846119,1.92085517E-05
18,13,24.0615711,22.5846119,22.7671566,1.92085517E-05
18,14,24.0615711,22.7671566,22.9464340,1.92085517E-05
18,15,24.0615711,22.9464340,23.1217003,1.92085517E-05
18,16,24.0615711,23.1217003,23.2933998,1.92085517E-05
18,17,24.0615711,23.2933998,23.5018005,1.92085517E-05
18,18,24.0615711,23.5018005,23.7208042,1.92085517E-05
18,19,24.0615711,23.7208042,23.8966408,1.92085517E-05
18,20,24.0615711,23.8966408,24.0615711,1.92085517E-05
19,1,0.109553598,0.00000000,5.46147116E-03,1.71465544E-07
19,2,0.109553598,5.46147116E-03,1.09229414E-02,1.71465544E-07
19,3,0.109553598,1.09229414E-02,1.63844340E-02,1.71465544E-07
19,4,0.109553598,1.63844340E-02,2.18456760E-02,1.71465544E-07
19,5,0.109553598,2.18456760E-02,2.73088068E-02,1.71465544E-07
19,6,0.109553598,2.73088068E-02,3.27616706E-02,1.71465544E-07
19,7,0.109553598,3.27616706E-02,3.82557139E-02,1.71465544E-07
19,8,0.109553598,3.82557139E-02,4.36279215E-02,1.71465544E-07
19,9,0.109553598,4.36279215E-02,4.92589362E-02,1.71465544E-07
19,10,0.109553598,4.92589362E-02,5.45273125E-02,1.71465544E-07
19,11,0.109553598,5.45273125E-02,6.00351095E-02,1.71465544E-07
19,12,0.109553598,6.00351095E-02,6.57058954E-02,1.71465544E-07
19,13,0.109553598,6.57058954E-02,7.09318668E-02,1.71465544E-07
19,14,0.109553598,7.09318668E-02,7.62781277E-02,1.71465544E-07
19,15,0.109553598,7.62781277E-02,8.20426419E-02,1.71465544E-07
19,16,0.109553598,8.20426419E-02,8.76008645E-02,1.71465544E-07
19,17,0.109553598,8.76008645E-02,9.27384272E-02,1.71465544E-07
19,18,0.109553598,9.27384272E-02,9.80199799E-02,1.71465544E-07
19,19,0.109553598,9.80199799E-02,0.103761919,1.71465544E-07
19,20,0.109553598,0.103761919,0.109553598,1.71465544E-07
20,1,16.3785057,14.5350189,17.4899120,5.18899981E-07
20,2,16.3785057,17.4899120,19.3235035,5.18899981E-07
20,3,16.3785057,19.3235035,20.4863033,5.18899981E-07
20,4,16.3785057,20.4863033,21.3339195,5.18899981E-07
20,5,16.3785057,21.3339195,21.7516823,5.18899981E-07
20,6,16.3785057,21.7516823,21.6838951,5.18899981E-07
20,7,16.3785057,21.6838951,21.2114830,5.18899981E-07
20,8,16.3785057,21.2114830,20.4422188,5.18899981E-07
20,9,16.3785057,20.4422188,19.5600815,5.18899981E-07
20,10,16.3785057,19.5600815,19.1273079,5.18899981E-07
20,11,16.3785057,19.1273079,20.8835506,5.18899981E-07
20,12,16.3785057,20.8835506,21.6265907,5.18899981E-07
20,13,16.3785057,21.6265907,21.6128044,5.18899981E-07
20,14,16.3785057,21.6128044,21.0551033,5.18899981E-07
20,15,16.3785057,21.0551033,20.1286659,5.18899981E-07
20,16,16.3785057,20.1286659,18.9759998,5.18899981E-07
20,17,16.3785057,18.9759998,17.7114620,5.18899981E-07
20,18,16.3785057,17.7114620,16.4252663,5.18899981E-07
20,19,16.3785057,16.4252663,15.8507853,5.18899981E-07
20,20,16.3785057,15.8507853,16.3785057,5.18899981E-07
21,1,2.37964082,0.00000000,9.57443118E-02,6.63511528E-05
21,2,2.37964082,9.57443118E-02,1.05219960,6.63511528E-05
21,3,2.37964082,1.05219960,1.61045456,6.63511528E-05
21,4,2.37964082,1.61045456,1.71870089,6.63511528E-05
21,5,2.37964082,1.71870089,1.46862757,6.63511528E-05
21,6,2.37964082,1.46862757,0.826534510,6.63511528E-05
21,7,2.37964082,0.826534510,0.437489033,6.63511528E-05
21,8,2.37964082,0.437489033,1.05855680,6.63511528E-05
21,9,2.37964082,1.05855680,2.33960247,6.63511528E-05
21,10,2.37964082,2.33960247,3.67281818,6.63511528E-05
21,11,2.37964082,3.67281818,5.25507832,6.63511528E-05
21,12,2.37964082,5.25507832,6.57373524,6.63511528E-05
21,13,2.37964082,6.57373524,7.24501705,6.63511528E-05
21,14,2.37964082,7.24501705,7.10885334,6.63511528E-05
21,15,2.37964082,7.10885334,6.24723816,6.63511528E-05
21,16,2.37964082,6.24723816,4.93628407,6.63511528E-05
21,17,2.37964082,4.93628407,3.55375266,6.63511528E-05
21,18,2.37964082,3.55375266,2.48665166,6.63511528E-05
21,19,2.37964082,2.48665166,2.03984666,6.63511528E-05
21,20,2.37964082,2.03984666,2.37964082,6.63511528E-05
22,1,615.967163,24.0615711,53.3431129,1.27263146E-03
22,2,615.967163,53.3431129,83.4597931,1.27263146E-03
22,3,615.967163,83.4597931,117.247681,1.27263146E-03
22,4,615.967163,117.247681,148.543762,1.27263146E-03
22,5,615.967163,148.543762,173.473831,1.27263146E-03
22,6,615.967163,173.473831,197.802170,1.27263146E-03
22,7,615.967163,197.802170,227.270859,1.27263146E-03
22,8,615.967163,227.270859,261.944000,1.27263146E-03
22,9,615.967163,261.944000,297.975220,1.27263146E-03
22,10,615.967163,297.975220,331.694061,1.27263146E-03
22,11,615.967163,331.694061,361.908661,1.27263146E-03
22,12,615.967163,361.908661,389.665771,1.27263146E-03
22,13,615.967163,389.665771,416.747955,1.27263146E-03
22,14,615.967163,416.747955,444.343628,1.27263146E-03
22,15,615.967163,444.343628,472.620209,1.27263146E-03
22,16,615.967163,472.620209,501.091858,1.27263146E-03
22,17,615.967163,501.091858,529.306396,1.27263146E-03
22,18,615.967163,529.306396,557.344116,1.27263146E-03
22,19,615.967163,557.344116,585.899536,1.27263146E-03
22,20,615.967163,585.899536,615.967163,1.27263146E-03
23,1,0.00000000,0.109553598,0.00000000,-6.22960870E-05
23,2,0.00000000,0.00000000,0.00000000,-6.22960870E-05
23,3,0.00000000,0.00000000,0.00000000,-6.22960870E-05
23,4,0.00000000,0.00000000,0.00000000,-6.22960870E-05
23,5,0.00000000,0.00000000,0.00000000,-6.22960870E-05
23,6,0.00000000,0.00000000,0.00000000,-6.22960870E-05
23,7,0.00000000,0.00000000,0.00000000,-6.22960870E-05
23,8,0.00000000,0.00000000,0.00000000,-6.22960870E-05
23,9,0.00000000,0.00000000,0.00000000,-6.22960870E-05
23,10,0.00000000,0.00000000,0.00000000,-6.22960870E-05
23,11,0.00000000,0.00000000,0.00000000,-6.22960870E-05
23,12,0.00000000,0.00000000,0.00000000,-6.22960870E-05
23,13,0.00000000,0.00000000,0.00000000,-6.22960870E-05
23,14,0.00000000,0.00000000,0.00000000,-6.22960870E-05
23,15,0.00000000,0.00000000,0.00000000,-6.22960870E-05
23,16,0.00000000,0.00000000,0.00000000,-6.22960870E-05
23,17,0.00000000,0.00000000,0.00000000,-6.22960870E-05
23,18,0.00000000,0.00000000,0.00000000,-6.22960870E-05
23,19,0.00000000,0.00000000,0.00000000,-6.22960870E-05
23,20,0.00000000,0.00000000,0.00000000,-6.22960870E-05
24,1,8.86062527,2.37964082,7.83915138,-2.15202306E-07
24,2,8.86062527,7.83915138,10.5758018,-2.15202306E-07
24,3,8.86062527,10.5758018,6.64208555,-2.15202306E-07
24,4,8.86062527,6.64208555,4.48879385,-2.15202306E-07
24,5,8.86062527,4.48879385,6.39087868,-2.15202306E-07
24,6,8.86062527,6.39087868,1.04050648,-2.15202306E-07
24,7,8.86062527,1.04050648,10.9335461,-2.15202306E-07
24,8,8.86062527,10.9335461,6.38757801,-2.15202306E-07
24,9,8.86062527,6.38757801,5.16899490,-2.15202306E-07
24,10,8.86062527,5.16899490,7.68255329,-2.15202306E-07
24,11,8.86062527,7.68255329,11.6854038,-2.15202306E-07
24,12,8.86062527,11.6854038,9.57933998,-2.15202306E-07
24,13,8.86062527,9.57933998,4.51022387,-2.15202306E-07
24,14,8.86062527,4.51022387,0.741248310,-2.15202306E-07
24,15,8.86062527,0.741248310,0.594302356,-2.15202306E-07
24,16,8.86062527,0.594302356,3.59023881,-2.15202306E-07
24,17,8.86062527,3.59023881,9.08522224,-2.15202306E-07
24,18,8.86062527,9.08522224,12.6762619,-2.15202306E-07
24,19,8.86062527,12.6762619,11.6757679,-2.15202306E-07
24,20,8.86062527,11.6757679,8.86062527,-2.15202306E-07
25,1,658.354370,615.967163,615.466370,4.03414333E-06
25,2,658.354370,615.466370,620.187744,4.03414333E-06
25,3,658.354370,620.187744,617.852905,4.03414333E-06
25,4,658.354370,617.852905,625.635437,4.03414333E-06
25,5,658.354370,625.635437,617.139099,4.03414333E-06
25,6,658.354370,617.139099,622.029602,4.03414333E-06
25,7,658.354370,622.029602,626.189819,4.03414333E-06
25,8,658.354370,626.189819,625.523682,4.03414333E-06
25,9,658.354370,625.523682,623.106140,4.03414333E-06
25,10,658.354370,623.106140,626.308960,4.03414333E-06
25,11,658.354370,626.308960,632.505371,4.03414333E-06
25,12,658.354370,632.505371,637.289368,4.03414333E-06
25,13,658.354370,637.289368,639.279968,4.03414333E-06
25,14,658.354370,639.279968,639.868347,4.03414333E-06
25,15,658.354370,639.868347,641.107056,4.03414333E-06
25,16,658.354370,641.107056,644.109253,4.03414333E-06
25,17,658.354370,644.109253,648.597900,4.03414333E-06
25,18,658.354370,648.597900,653.352234,4.03414333E-06
25,19,658.354370,653.352234,656.945679,4.03414333E-06
25,20,658.354370,656.945679,658.354370,4.03414333E-06
26,1,137.337646,0.00000000,6.83518314,1.07350679E-04
26,2,137.337646,6.83518314,13.6703663,1.07350679E-04
26,3,137.337646,13.6703663,20.5055618,1.07350679E-04
26,4,137.337646,20.5055618,27.3406391,1.07350679E-04
26,5,137.337646,27.3406391,34.1766090,1.07350679E-04
26,6,137.337646,34.1766090,41.0075302,1.07350679E-04
26,7,137.337646,41.0075302,47.8595428,1.07350679E-04
26,8,137.337646,47.8595428,54.6467438,1.07350679E-04
26,9,137.337646,54.6467438,61.5755692,1.07350679E-04
26,10,137.337646,61.5755692,68.3069611,1.07350679E-04
26,11,137.337646,68.3069611,75.1412659,1.07350679E-04
26,12,137.337646,75.1412659,82.1550369,1.07350679E-04
26,13,137.337646,82.1550369,88.8500443,1.07350679E-04
26,14,137.337646,88.8500443,95.3593979,1.07350679E-04
26,15,137.337646,95.3593979,102.974281,1.07350679E-04
26,16,137.337646,102.974281,109.266022,1.07350679E-04
26,17,137.337646,109.266022,116.050140,1.07350679E-04
26,18,137.337646,116.050140,123.083946,1.07350679E-04
26,19,137.337646,123.083946,129.519669,1.07350679E-04
26,20,137.337646,129.519669,137.337646,1.07350679E-04
27,1,0.00000000,8.86062527,0.00000000,-3.76048847E-04
27,2,0.00000000,0.00000000,0.00000000,-3.76048847E-04
27,3,0.00000000,0.00000000,0.00000000,-3.76048847E-04
27,4,0.00000000,0.00000000,0.00000000,-3.76048847E-04
27,5,0.00000000,0.00000000,0.00000000,-3.76048847E-04
27,6,0.00000000,0.00000000,0.00000000,-3.76048847E-04
27,7,0.00000000,0.00000000,0.00000000,-3.76048847E-04
27,8,0.00000000,0.00000000,0.00000000,-3.76048847E-04
27,9,0.00000000,0.00000000,0.00000000,-3.76048847E-04
27,10,0.00000000,0.00000000,0.00000000,-3.76048847E-04
27,11,0.00000000,0.00000000,0.00000000,-3.76048847E-04
27,12,0.00000000,0.00000000,0.00000000,-3.76048847E-04
27,13,0.00000000,0.00000000,0.00000000,-3.76048847E-04
27,14,0.00000000,0.00000000,0.00000000,-3.76048847E-04
27,15,0.00000000,0.00000000,0.00000000,-3.76048847E-04
27,16,0.00000000,0.00000000,0.00000000,-3.76048847E-04
27,17,0.00000000,0.00000000,0.00000000,-3.76048847E-04
27,18,0.00000000,0.00000000,0.00000000,-3.76048847E-04
27,19,0.00000000,0.00000000,0.00000000,-3.76048847E-04
27,20,0.00000000,0.00000000,0.00000000,-3.76048847E-04
28,1,358.588959,658.354370,615.397095,-1.36923685E-04
28,2,358.588959,615.397095,574.953918,-1.36923685E-04
28,3,358.588959,574.953918,574.720703,-1.36923685E-04
28,4,358.588959,574.720703,582.916382,-1.36923685E-04
28,5,358.588959,582.916382,599.258423,-1.36923685E-04
28,6,358.588959,599.258423,597.181335,-1.36923685E-04
28,7,358.588959,597.181335,566.284119,-1.36923685E-04
28,8,358.588959,566.284119,517.497986,-1.36923685E-04
28,9,358.588959,517.497986,526.416565,-1.36923685E-04
28,10,358.588959,526.416565,522.328735,-1.36923685E-04
28,11,358.588959,522.328735,517.860168,-1.36923685E-04
28,12,358.588959,517.860168,507.823181,-1.36923685E-04
28,13,358.588959,507.823181,473.523224,-1.36923685E-04
28,14,358.588959,473.523224,439.723663,-1.36923685E-04
28,15,358.588959,439.723663,502.227966,-1.36923685E-04
28,16,358.588959,502.227966,541.278748,-1.36923685E-04
28,17,358.588959,541.278748,529.314209,-1.36923685E-04
28,18,358.588959,529.314209,447.696381,-1.36923685E-04
28,19,358.588959,447.696381,402.579529,-1.36923685E-04
28,20,358.588959,402.579529,358.588959,-1.36923685E-04
29,1,136.777588,137.337784,137.574280,3.02587273E-06
29,2,136.777588,137.574280,137.703323,3.02587273E-06
29,3,136.777588,137.703323,137.278824,3.02587273E-06
29,4,136.777588,137.278824,136.974579,3.02587273E-06
29,5,136.777588,136.974579,137.035217,3.02587273E-06
29,6,136.777588,137.035217,137.106232,3.02587273E-06
29,7,136.777588,137.106232,137.034851,3.02587273E-06
29,8,136.777588,137.034851,136.902161,3.02587273E-06
29,9,136.777588,136.902161,136.765320,3.02587273E-06
29,10,136.777588,136.765320,136.612885,3.02587273E-06
29,11,136.777588,136.612885,136.460449,3.02587273E-06
29,12,136.777588,136.460449,136.384552,3.02587273E-06
29,13,136.777588,136.384552,136.454941,3.02587273E-06
29,14,136.777588,136.454941,136.661484,3.02587273E-06
29,15,136.777588,136.661484,136.909729,3.02587273E-06
29,16,136.777588,136.909729,137.081879,3.02587273E-06
29,17,136.777588,137.081879,137.107056,3.02587273E-06
29,18,136.777588,137.107056,137.010651,3.02587273E-06
29,19,136.777588,137.010651,136.834808,3.02587273E-06
29,20,136.777588,136.834808,136.777588,3.02587273E-06
30,1,3.43279076,0.00000000,0.172611356,5.26502754E-06
30,2,3.43279076,0.172611356,0.340219289,5.26502754E-06
30,3,3.43279076,0.340219289,0.524254858,5.26502754E-06
30,4,3.43279076,0.524254858,0.685477257,5.26502754E-06
30,5,3.43279076,0.685477257,0.851711631,5.26502754E-06
30,6,3.43279076,0.851711631,1.03225398,5.26502754E-06
30,7,3.43279076,1.03225398,1.21325397,5.26502754E-06
30,8,3.43279076,1.21325397,1.38363373,5.26502754E-06
30,9,3.43279076,1.38363373,1.54595208,5.26502754E-06
30,10,3.43279076,1.54595208,1.70996583,5.26502754E-06
30,11,3.43279076,1.70996583,1.88244820,5.26502754E-06
30,12,3.43279076,1.88244820,2.06267357,5.26502754E-06
30,13,3.43279076,2.06267357,2.24453402,5.26502754E-06
30,14,3.43279076,2.24453402,2.42155933,5.26502754E-06
30,15,3.43279076,2.42155933,2.59087420,5.26502754E-06
30,16,3.43279076,2.59087420,2.75420761,5.26502754E-06
30,17,3.43279076,2.75420761,2.91626263,5.26502754E-06
30,18,3.43279076,2.91626263,3.08198023,5.26502754E-06
30,19,3.43279076,3.08198023,3.25422192,5.26502754E-06
30,20,3.43279076,3.25422192,3.43279076,5.26502754E-06
31,1,158.322372,136.777588,137.513947,4.06900981E-05
31,2,158.322372,137.513947,138.551880,4.06900981E-05
31,3,158.322372,138.551880,138.494766,4.06900981E-05
31,4,158.322372,138.494766,142.044296,4.06900981E-05
31,5,158.322372,142.044296,141.510330,4.06900981E-05
31,6,158.322372,141.510330,137.678818,4.06900981E-05
31,7,158.322372,137.678818,150.406540,4.06900981E-05
31,8,158.322372,150.406540,142.879501,4.06900981E-05
31,9,158.322372,142.879501,143.952789,4.06900981E-05
31,10,158.322372,143.952789,146.454163,4.06900981E-05
31,11,158.322372,146.454163,147.122147,4.06900981E-05
31,12,158.322372,147.122147,148.302811,4.06900981E-05
31,13,158.322372,148.302811,151.725723,4.06900981E-05
31,14,158.322372,151.725723,151.590179,4.06900981E-05
31,15,158.322372,151.590179,148.337463,4.06900981E-05
31,16,158.322372,148.337463,146.413361,4.06900981E-05
31,17,158.322372,146.413361,148.352936,4.06900981E-05
31,18,158.322372,148.352936,152.934448,4.06900981E-05
31,19,158.322372,152.934448,157.048599,4.06900981E-05
31,20,158.322372,157.048599,158.322372,4.06900981E-05
32,1,9511.92578,46.0330963,35.4829712,-2.03170612E-06
32,2,9511.92578,35.4829712,25.5374584,-2.03170612E-06
32,3,9511.92578,25.5374584,17.1761360,-2.03170612E-06
32,4,9511.92578,17.1761360,11.3348761,-2.03170612E-06
32,5,9511.92578,11.3348761,8.25269222,-2.03170612E-06
32,6,9511.92578,8.25269222,7.61055803,-2.03170612E-06
32,7,9511.92578,7.61055803,9.70254135,-2.03170612E-06
32,8,9511.92578,9.70254135,17.2434387,-2.03170612E-06
32,9,9511.92578,17.2434387,37.7628517,-2.03170612E-06
32,10,9511.92578,37.7628517,86.7667236,-2.03170612E-06
32,11,9511.92578,86.7667236,191.152328,-2.03170612E-06
32,12,9511.92578,191.152328,391.164520,-2.03170612E-06
32,13,9511.92578,391.164520,738.499817,-2.03170612E-06
32,14,9511.92578,738.499817,1288.84778,-2.03170612E-06
32,15,9511.92578,1288.84778,2089.35010,-2.03170612E-06
32,16,9511.92578,2089.35010,3164.28198,-2.03170612E-06
32,17,9511.92578,3164.28198,4504.07471,-2.03170612E-06
32,18,9511.92578,4504.07471,6062.29980,-2.03170612E-06
32,19,9511.92578,6062.29980,7762.37061,-2.03170612E-06
32,20,9511.92578,7762.37061,9511.92578,-2.03170612E-06
33,1,146.753845,158.322372,156.717941,-4.64972254E-05
33,2,146.753845,156.717941,154.365829,-4.64972254E-05
33,3,146.753845,154.365829,151.605927,-4.64972254E-05
33,4,146.753845,151.605927,148.833679,-4.64972254E-05
33,5,146.753845,148.833679,146.408829,-4.64972254E-05
33,6,146.753845,146.408829,144.604950,-4.64972254E-05
33,7,146.753845,144.604950,143.583099,-4.64972254E-05
33,8,146.753845,143.583099,143.385086,-4.64972254E-05
33,9,146.753845,143.385086,143.942322,-4.64972254E-05
33,10,146.753845,143.942322,145.096497,-4.64972254E-05
33,11,146.753845,145.096497,146.628296,-4.64972254E-05
33,12,146.753845,146.628296,148.289261,-4.64972254E-05
33,13,146.753845,148.289261,149.833542,-4.64972254E-05
33,14,146.753845,149.833542,151.045975,-4.64972254E-05
33,15,146.753845,151.045975,151.762161,-4.64972254E-05
33,16,146.753845,151.762161,151.882904,-4.64972254E-05
33,17,146.753845,151.882904,151.378372,-4.64972254E-05
33,18,146.753845,151.378372,150.285172,-4.64972254E-05
33,19,146.753845,150.285172,148.697830,-4.64972254E-05
33,20,146.753845,148.697830,146.753845,-4.64972254E-05
34,1,15595.2402,9511.92578,9869.84473,-5.17669605E-06
34,2,15595.2402,9869.84473,10225.2207,-5.17669605E-06
34,3,15595.2402,10225.2207,10577.3340,-5.17669605E-06
34,4,15595.2402,10577.3340,10925.5039,-5.17669605E-06
34,5,15595.2402,10925.5039,11269.1016,-5.17669605E-06
34,6,15595.2402,11269.1016,11607.5410,-5.17669605E-06
34,7,15595.2402,11607.5410,11940.2852,-5.17669605E-06
34,8,15595.2402,11940.2852,12266.8535,-5.17669605E-06
34,9,15595.2402,12266.8535,12586.8115,-5.17669605E-06
34,10,15595.2402,12586.8115,12899.7793,-5.17669605E-06
34,11,15595.2402,12899.7793,13205.4287,-5.17669605E-06
34,12,15595.2402,13205.4287,13503.4775,-5.17669605E-06
34,13,15595.2402,13503.4775,13793.6953,-5.17669605E-06
34,14,15595.2402,13793.6953,14075.8965,-5.17669605E-06
34,15,15595.2402,14075.8965,14349.9346,-5.17669605E-06
34,16,15595.2402,14349.9346,14615.7051,-5.17669605E-06
34,17,15595.2402,14615.7051,14873.1396,-5.17669605E-06
34,18,15595.2402,14873.1396,15122.2051,-5.17669605E-06
34,19,15595.2402,15122.2051,15362.8984,-5.17669605E-06
34,20,15595.2402,15362.8984,15595.2402,-5.17669605E-06
35,1,15586.5664,15595.2402,15585.3848,-4.48940787E-03
35,2,15586.5664,15585.3848,15575.3047,-4.48940787E-03
35,3,15586.5664,15575.3047,15565.8604,-4.48940787E-03
35,4,15586.5664,15565.8604,15552.7920,-4.48940787E-03
35,5,15586.5664,15552.7920,15560.9492,-4.48940787E-03
35,6,15586.5664,15560.9492,15484.1504,-4.48940787E-03
35,7,15586.5664,15484.1504,15649.1299,-4.48940787E-03
35,8,15586.5664,15649.1299,15314.5508,-4.48940787E-03
35,9,15586.5664,15314.5508,15713.3008,-4.48940787E-03
35,10,15586.5664,15713.3008,15391.9287,-4.48940787E-03
35,11,15586.5664,15391.9287,15496.7012,-4.48940787E-03
35,12,15586.5664,15496.7012,15503.4590,-4.48940787E-03
35,13,15586.5664,15503.4590,15401.1045,-4.48940787E-03
35,14,15586.5664,15401.1045,15471.4541,-4.48940787E-03
35,15,15586.5664,15471.4541,15547.1738,-4.48940787E-03
35,16,15586.5664,15547.1738,15479.3486,-4.48940787E-03
35,17,15586.5664,15479.3486,15347.5723,-4.48940787E-03
35,18,15586.5664,15347.5723,15336.6807,-4.48940787E-03
35,19,15586.5664,15336.6807,15251.7529,-4.48940787E-03
35,20,15586.5664,15251.7529,15586.5664,-4.48940787E-03
36,1,27586.0469,15945.1553,16396.1836,-1.00952784E-05
36,2,27586.0469,16396.1836,16913.9746,-1.00952784E-05
36,3,27586.0469,16913.9746,17482.0762,-1.00952784E-05
36,4,27586.0469,17482.0762,18078.3867,-1.00952784E-05
36,5,27586.0469,18078.3867,18677.0391,-1.00952784E-05
36,6,27586.0469,18677.0391,19252.9336,-1.00952784E-05
36,7,27586.0469,19252.9336,19786.0449,-1.00952784E-05
36,8,27586.0469,19786.0449,20264.4102,-1.00952784E-05
36,9,27586.0469,20264.4102,20685.5527,-1.00952784E-05
36,10,27586.0469,20685.5527,21056.5840,-1.00952784E-05
36,11,27586.0469,21056.5840,21393.3262,-1.00952784E-05
36,12,27586.0469,21393.3262,21718.8086,-1.00952784E-05
36,13,27586.0469,21718.8086,22061.4668,-1.00952784E-05
36,14,27586.0469,22061.4668,22453.1660,-1.00952784E-05
36,15,27586.0469,22453.1660,22927.2637,-1.00952784E-05
36,16,27586.0469,22927.2637,23516.7500,-1.00952784E-05
36,17,27586.0469,23516.7500,24252.5586,-1.00952784E-05
36,18,27586.0469,24252.5586,25162.0234,-1.00952784E-05
36,19,27586.0469,25162.0234,26267.6348,-1.00952784E-05
36,20,27586.0469,26267.6348,27586.0469,-1.00952784E-05
37,1,87276.2344,27586.0469,29791.1094,-6.31431001E-04
37,2,87276.2344,29791.1094,32470.9062,-6.31431001E-04
37,3,87276.2344,32470.9062,35615.6523,-6.31431001E-04
37,4,87276.2344,35615.6523,39185.7344,-6.31431001E-04
37,5,87276.2344,39185.7344,43114.7969,-6.31431001E-04
37,6,87276.2344,43114.7969,47315.3125,-6.31431001E-04
37,7,87276.2344,47315.3125,51685.6484,-6.31431001E-04
37,8,87276.2344,51685.6484,56117.8047,-6.31431001E-04
37,9,87276.2344,56117.8047,60504.8125,-6.31431001E-04
37,10,87276.2344,60504.8125,64746.9648,-6.31431001E-04
37,11,87276.2344,64746.9648,68756.4844,-6.31431001E-04
37,12,87276.2344,68756.4844,72460.4141,-6.31431001E-04
37,13,87276.2344,72460.4141,75801.7891,-6.31431001E-04
37,14,87276.2344,75801.7891,78739.5781,-6.31431001E-04
37,15,87276.2344,78739.5781,81247.5781,-6.31431001E-04
37,16,87276.2344,81247.5781,83312.9375,-6.31431001E-04
37,17,87276.2344,83312.9375,84934.5938,-6.31431001E-04
37,18,87276.2344,84934.5938,86121.8125,-6.31431001E-04
37,19,87276.2344,86121.8125,86893.2500,-6.31431001E-04
37,20,87276.2344,86893.2500,87276.2344,-6.31431001E-04
38,1,99526.5859,87276.2344,87277.0859,-2.69337015E-05
38,2,99526.5859,87277.0859,86405.9531,-2.69337015E-05
38,3,99526.5859,86405.9531,84985.9453,-2.69337015E-05
38,4,99526.5859,84985.9453,83383.2969,-2.69337015E-05
38,5,99526.5859,83383.2969,81983.0938,-2.69337015E-05
38,6,99526.5859,81983.0938,81174.5391,-2.69337015E-05
38,7,99526.5859,81174.5391,81321.8984,-2.69337015E-05
38,8,99526.5859,81321.8984,82709.2422,-2.69337015E-05
38,9,99526.5859,82709.2422,85472.8203,-2.69337015E-05
38,10,99526.5859,85472.8203,89545.7344,-2.69337015E-05
38,11,99526.5859,89545.7344,94635.2422,-2.69337015E-05
38,12,99526.5859,94635.2422,100242.922,-2.69337015E-05
38,13,99526.5859,100242.922,105726.578,-2.69337015E-05
38,14,99526.5859,105726.578,110393.703,-2.69337015E-05
38,15,99526.5859,110393.703,113608.836,-2.69337015E-05
38,16,99526.5859,113608.836,114893.359,-2.69337015E-05
38,17,99526.5859,114893.359,113998.180,-2.69337015E-05
38,18,99526.5859,113998.180,110935.000,-2.69337015E-05
38,19,99526.5859,110935.000,105961.609,-2.69337015E-05
38,20,99526.5859,105961.609,99526.5859,-2.69337015E-05
39,1,37464.6758,99526.5859,93894.3125,-3.66400386E-08
39,2,37464.6758,93894.3125,88010.5625,-3.66400386E-08
39,3,37464.6758,88010.5625,82106.6016,-3.66400386E-08
39,4,37464.6758,82106.6016,76382.6953,-3.66400386E-08
39,5,37464.6758,76382.6953,71002.3906,-3.66400386E-08
39,6,37464.6758,71002.3906,66085.2344,-3.66400386E-08
39,7,37464.6758,66085.2344,61701.3359,-3.66400386E-08
39,8,37464.6758,61701.3359,57872.1641,-3.66400386E-08
39,9,37464.6758,57872.1641,54577.7852,-3.66400386E-08
39,10,37464.6758,54577.7852,51768.5703,-3.66400386E-08
39,11,37464.6758,51768.5703,49377.9492,-3.66400386E-08
39,12,37464.6758,49377.9492,47334.0352,-3.66400386E-08
39,13,37464.6758,47334.0352,45568.4727,-3.66400386E-08
39,14,37464.6758,45568.4727,44022.1641,-3.66400386E-08
39,15,37464.6758,44022.1641,42647.9805,-3.66400386E-08
39,16,37464.6758,42647.9805,41411.1016,-3.66400386E-08
39,17,37464.6758,41411.1016,40287.5586,-3.66400386E-08
39,18,37464.6758,40287.5586,39261.7031,-3.66400386E-08
39,19,37464.6758,39261.7031,38323.3125,-3.66400386E-08
39,20,37464.6758,38323.3125,37464.6758,-3.66400386E-08
40,1,39447.4258,37464.6758,37653.9375,5.44976182E-02
40,2,39447.4258,37653.9375,37846.8789,5.44976182E-02
40,3,39447.4258,37846.8789,38041.6797,5.44976182E-02
40,4,39447.4258,38041.6797,38235.9375,5.44976182E-02
40,5,39447.4258,38235.9375,38426.8008,5.44976182E-02
40,6,39447.4258,38426.8008,38611.1406,5.44976182E-02
40,7,39447.4258,38611.1406,38785.8047,5.44976182E-02
40,8,39447.4258,38785.8047,38947.7812,5.44976182E-02
40,9,39447.4258,38947.7812,39094.3906,5.44976182E-02
40,10,39447.4258,39094.3906,39223.4414,5.44976182E-02
40,11,39447.4258,39223.4414,39333.2734,5.44976182E-02
40,12,39447.4258,39333.2734,39422.8203,5.44976182E-02
40,13,39447.4258,39422.8203,39491.6016,5.44976182E-02
40,14,39447.4258,39491.6016,39539.6758,5.44976182E-02
40,15,39447.4258,39539.6758,39567.5742,5.44976182E-02
40,16,39447.4258,39567.5742,39576.2461,5.44976182E-02
40,17,39447.4258,39576.2461,39566.9531,5.44976182E-02
40,18,39447.4258,39566.9531,39541.2227,5.44976182E-02
40,19,39447.4258,39541.2227,39500.7578,5.44976182E-02
40,20,39447.4258,39500.7578,39447.4258,5.44976182E-02
41,1,34765.8125,39447.4258,39000.6406,-9.57128009E-07
41,2,34765.8125,39000.6406,38547.5625,-9.57128009E-07
41,3,34765.8125,38547.5625,38091.4727,-9.57128009E-07
41,4,34765.8125,38091.4727,37636.2305,-9.57128009E-07
41,5,34765.8125,37636.2305,37186.1914,-9.57128009E-07
41,6,34765.8125,37186.1914,36746.1289,-9.57128009E-07
41,7,34765.8125,36746.1289,36321.1289,-9.57128009E-07
41,8,34765.8125,36321.1289,35916.5000,-9.57128009E-07
41,9,34765.8125,35916.5000,35537.7109,-9.57128009E-07
41,10,34765.8125,35537.7109,35190.3242,-9.57128009E-07
41,11,34765.8125,35190.3242,34880.0039,-9.57128009E-07
41,12,34765.8125,34880.0039,34612.5156,-9.57128009E-07
41,13,34765.8125,34612.5156,34393.7500,-9.57128009E-07
41,14,34765.8125,34393.7500,34229.7734,-9.57128009E-07
41,15,34765.8125,34229.7734,34126.8594,-9.57128009E-07
41,16,34765.8125,34126.8594,34091.5273,-9.57128009E-07
41,17,34765.8125,34091.5273,34130.5742,-9.57128009E-07
41,18,34765.8125,34130.5742,34251.0664,-9.57128009E-07
41,19,34765.8125,34251.0664,34460.3086,-9.57128009E-07
41,20,34765.8125,34460.3086,34765.8125,-9.57128009E-07
42,1,46268.3867,34765.8125,34967.3633,-2.70953681E-03
42,2,46268.3867,34967.3633,35201.6719,-2.70953681E-03
42,3,46268.3867,35201.6719,35470.0195,-2.70953681E-03
42,4,46268.3867,35470.0195,35773.6602,-2.70953681E-03
42,5,46268.3867,35773.6602,36113.8398,-2.70953681E-03
42,6,46268.3867,36113.8398,36491.7773,-2.70953681E-03
42,7,46268.3867,36491.7773,36908.6406,-2.70953681E-03
42,8,46268.3867,36908.6406,37365.5586,-2.70953681E-03
42,9,46268.3867,37365.5586,37863.5938,-2.70953681E-03
42,10,46268.3867,37863.5938,38403.7461,-2.70953681E-03
42,11,46268.3867,38403.7461,38986.9258,-2.70953681E-03
42,12,46268.3867,38986.9258,39613.9570,-2.70953681E-03
42,13,46268.3867,39613.9570,40285.5508,-2.70953681E-03
42,14,46268.3867,40285.5508,41002.3125,-2.70953681E-03
42,15,46268.3867,41002.3125,41764.7305,-2.70953681E-03
42,16,46268.3867,41764.7305,42573.1445,-2.70953681E-03
42,17,46268.3867,42573.1445,43427.7500,-2.70953681E-03
42,18,46268.3867,43427.7500,44328.5977,-2.70953681E-03
42,19,46268.3867,44328.5977,45275.5664,-2.70953681E-03
42,20,46268.3867,45275.5664,46268.3867,-2.70953681E-03
43,1,33879.4180,46268.3867,53591.0078,7.10705035E-06
43,2,33879.4180,53591.0078,61992.1289,7.10705035E-06
43,3,33879.4180,61992.1289,70864.8281,7.10705035E-06
43,4,33879.4180,70864.8281,79501.5469,7.10705035E-06
43,5,33879.4180,79501.5469,87192.4844,7.10705035E-06
43,6,33879.4180,87192.4844,93319.6719,7.10705035E-06
43,7,33879.4180,93319.6719,97429.9141,7.10705035E-06
43,8,33879.4180,97429.9141,99276.8828,7.10705035E-06
43,9,33879.4180,99276.8828,98829.1562,7.10705035E-06
43,10,33879.4180,98829.1562,96248.8125,7.10705035E-06
43,11,33879.4180,96248.8125,91848.1094,7.10705035E-06
43,12,33879.4180,91848.1094,86035.2500,7.10705035E-06
43,13,33879.4180,86035.2500,79258.7578,7.10705035E-06
43,14,33879.4180,79258.7578,71958.2422,7.10705035E-06
43,15,33879.4180,71958.2422,64526.8359,7.10705035E-06
43,16,33879.4180,64526.8359,57286.9297,7.10705035E-06
43,17,33879.4180,57286.9297,50479.1094,7.10705035E-06
43,18,33879.4180,50479.1094,44262.1172,7.10705035E-06
43,19,33879.4180,44262.1172,38720.8594,7.10705035E-06
43,20,33879.4180,38720.8594,33879.4180,7.10705035E-06
44,1,19219.1543,33879.4180,32886.5195,-8.24499317E-03
44,2,19219.1543,32886.5195,31923.2598,-8.24499317E-03
44,3,19219.1543,31923.2598,30989.4277,-8.24499317E-03
44,4,19219.1543,30989.4277,30084.7754,-8.24499317E-03
44,5,19219.1543,30084.7754,29208.9941,-8.24499317E-03
44,6,19219.1543,29208.9941,28361.7559,-8.24499317E-03
44,7,19219.1543,28361.7559,27542.6777,-8.24499317E-03
44,8,19219.1543,27542.6777,26751.3359,-8.24499317E-03
44,9,19219.1543,26751.3359,25987.2754,-8.24499317E-03
44,10,19219.1543,25987.2754,25250.0059,-8.24499317E-03
44,11,19219.1543,25250.0059,24538.9883,-8.24499317E-03
44,12,19219.1543,24538.9883,23853.6641,-8.24499317E-03
44,13,19219.1543,23853.6641,23193.4316,-8.24499317E-03
44,14,19219.1543,23193.4316,22557.6738,-8.24499317E-03
44,15,19219.1543,22557.6738,21945.7324,-8.24499317E-03
44,16,19219.1543,21945.7324,21356.9395,-8.24499317E-03
44,17,19219.1543,21356.9395,20790.5957,-8.24499317E-03
44,18,19219.1543,20790.5957,20245.9980,-8.24499317E-03
44,19,19219.1543,20245.9980,19722.4258,-8.24499317E-03
44,20,19219.1543,19722.4258,19219.1543,-8.24499317E-03
45,1,10311.0557,19219.1543,18192.2188,-4.14421493E-06
45,2,10311.0557,18192.2188,17270.5840,-4.14421493E-06
45,3,10311.0557,17270.5840,16441.8516,-4.14421493E-06
45,4,10311.0557,16441.8516,15694.1846,-4.14421493E-06
45,5,10311.0557,15694.1846,15016.8496,-4.14421493E-06
45,6,10311.0557,15016.8496,14400.5967,-4.14421493E-06
45,7,10311.0557,14400.5967,13837.8643,-4.14421493E-06
45,8,10311.0557,13837.8643,13322.8135,-4.14421493E-06
45,9,10311.0557,13322.8135,12851.2363,-4.14421493E-06
45,10,10311.0557,12851.2363,12420.3604,-4.14421493E-06
45,11,10311.0557,12420.3604,12028.6201,-4.14421493E-06
45,12,10311.0557,12028.6201,11675.4033,-4.14421493E-06
45,13,10311.0557,11675.4033,11360.8008,-4.14421493E-06
45,14,10311.0557,11360.8008,11085.3984,-4.14421493E-06
45,15,10311.0557,11085.3984,10850.0820,-4.14421493E-06
45,16,10311.0557,10850.0820,10655.8965,-4.14421493E-06
45,17,10311.0557,10655.8965,10503.9268,-4.14421493E-06
45,18,10311.0557,10503.9268,10395.2061,-4.14421493E-06
45,19,10311.0557,10395.2061,10330.6582,-4.14421493E-06
45,20,10311.0557,10330.6582,10311.0557,-4.14421493E-06
46,1,11049.6709,10311.0557,10314.7520,-2.84900921E-07
46,2,11049.6709,10314.7520,10322.4648,-2.84900921E-07
46,3,11049.6709,10322.4648,10334.1289,-2.84900921E-07
46,4,11049.6709,10334.1289,10349.6680,-2.84900921E-07
46,5,11049.6709,10349.6680,10368.9971,-2.84900921E-07
46,6,11049.6709,10368.9971,10392.0293,-2.84900921E-07
46,7,11049.6709,10392.0293,10418.6699,-2.84900921E-07
46,8,11049.6709,10418.6699,10448.8184,-2.84900921E-07
46,9,11049.6709,10448.8184,10482.3760,-2.84900921E-07
46,10,11049.6709,10482.3760,10519.2402,-2.84900921E-07
46,11,11049.6709,10519.2402,10559.3125,-2.84900921E-07
46,12,11049.6709,10559.3125,10602.4961,-2.84900921E-07
46,13,11049.6709,10602.4961,10648.6943,-2.84900921E-07
46,14,11049.6709,10648.6943,10697.8193,-2.84900921E-07
46,15,11049.6709,10697.8193,10749.7852,-2.84900921E-07
46,16,11049.6709,10749.7852,10804.5137,-2.84900921E-07
46,17,11049.6709,10804.5137,10861.9297,-2.84900921E-07
46,18,11049.6709,10861.9297,10921.9668,-2.84900921E-07
46,19,11049.6709,10921.9668,10984.5664,-2.84900921E-07
46,20,11049.6709,10984.5664,11049.6709,-2.84900921E-07
47,1,11130.6523,11066.0498,11066.7578,-2.03758955E-05
47,2,11130.6523,11066.7578,11068.0713,-2.03758955E-05
47,3,11130.6523,11068.0713,11064.5488,-2.03758955E-05
47,4,11130.6523,11064.5488,11067.4902,-2.03758955E-05
47,5,11130.6523,11067.4902,11067.2119,-2.03758955E-05
47,6,11130.6523,11067.2119,11070.8916,-2.03758955E-05
47,7,11130.6523,11070.8916,11068.4844,-2.03758955E-05
47,8,11130.6523,11068.4844,11069.2627,-2.03758955E-05
47,9,11130.6523,11069.2627,11069.6982,-2.03758955E-05
47,10,11130.6523,11069.6982,11071.0586,-2.03758955E-05
47,11,11130.6523,11071.0586,11083.0635,-2.03758955E-05
47,12,11130.6523,11083.0635,11092.9443,-2.03758955E-05
47,13,11130.6523,11092.9443,11087.6758,-2.03758955E-05
47,14,11130.6523,11087.6758,11096.7002,-2.03758955E-05
47,15,11130.6523,11096.7002,11118.3203,-2.03758955E-05
47,16,11130.6523,11118.3203,11142.1719,-2.03758955E-05
47,17,11130.6523,11142.1719,11133.0723,-2.03758955E-05
47,18,11130.6523,11133.0723,11119.8662,-2.03758955E-05
47,19,11130.6523,11119.8662,11099.7754,-2.03758955E-05
47,20,11130.6523,11099.7754,11130.6523,-2.03758955E-05
48,1,10388.1963,11130.6523,11145.0312,4.92472493E-04
48,2,10388.1963,11145.0312,11159.0518,4.92472493E-04
48,3,10388.1963,11159.0518,11114.6572,4.92472493E-04
48,4,10388.1963,11114.6572,11116.3457,4.92472493E-04
48,5,10388.1963,11116.3457,11101.1846,4.92472493E-04
48,6,10388.1963,11101.1846,11215.3242,4.92472493E-04
48,7,10388.1963,11215.3242,11148.7266,4.92472493E-04
48,8,10388.1963,11148.7266,11220.0391,4.92472493E-04
48,9,10388.1963,11220.0391,11142.7285,4.92472493E-04
48,10,10388.1963,11142.7285,11195.4170,4.92472493E-04
48,11,10388.1963,11195.4170,11197.9404,4.92472493E-04
48,12,10388.1963,11197.9404,11201.5166,4.92472493E-04
48,13,10388.1963,11201.5166,11355.9131,4.92472493E-04
48,14,10388.1963,11355.9131,11234.1611,4.92472493E-04
48,15,10388.1963,11234.1611,11247.5723,4.92472493E-04
48,16,10388.1963,11247.5723,11220.9844,4.92472493E-04
48,17,10388.1963,11220.9844,11421.8789,4.92472493E-04
48,18,10388.1963,11421.8789,10939.3037,4.92472493E-04
48,19,10388.1963,10939.3037,12068.9639,4.92472493E-04
48,20,10388.1963,12068.9639,10388.1963,4.92472493E-04
49,1,12008.9521,10388.1963,12984.1836,5.00508179E-07
49,2,12008.9521,12984.1836,9404.13867,5.00508179E-07
49,3,12008.9521,9404.13867,11990.8154,5.00508179E-07
49,4,12008.9521,11990.8154,12116.3818,5.00508179E-07
49,5,12008.9521,12116.3818,10706.1055,5.00508179E-07
49,6,12008.9521,10706.1055,10954.3740,5.00508179E-07
49,7,12008.9521,10954.3740,12464.4805,5.00508179E-07
49,8,12008.9521,12464.4805,10793.6885,5.00508179E-07
49,9,12008.9521,10793.6885,9862.15234,5.00508179E-07
49,10,12008.9521,9862.15234,12778.6133,5.00508179E-07
49,11,12008.9521,12778.6133,11228.5615,5.00508179E-07
49,12,12008.9521,11228.5615,10647.7158,5.00508179E-07
49,13,12008.9521,10647.7158,11634.8242,5.00508179E-07
49,14,12008.9521,11634.8242,12314.2695,5.00508179E-07
49,15,12008.9521,12314.2695,11285.9404,5.00508179E-07
49,16,12008.9521,11285.9404,11279.6758,5.00508179E-07
49,17,12008.9521,11279.6758,10833.5615,5.00508179E-07
49,18,12008.9521,10833.5615,10617.9678,5.00508179E-07
49,19,12008.9521,10617.9678,11234.4717,5.00508179E-07
49,20,12008.9521,11234.4717,12008.9521,5.00508179E-07
50,1,23083.6797,12155.7061,12612.7412,2.94569843E-02
50,2,23083.6797,12612.7412,12160.3350,2.94569843E-02
50,3,23083.6797,12160.3350,12174.9551,2.94569843E-02
50,4,23083.6797,12174.9551,13153.1963,2.94569843E-02
50,5,23083.6797,13153.1963,14197.4531,2.94569843E-02
50,6,23083.6797,14197.4531,15067.4062,2.94569843E-02
50,7,23083.6797,15067.4062,14236.9482,2.94569843E-02
50,8,23083.6797,14236.9482,14535.9258,2.94569843E-02
50,9,23083.6797,14535.9258,15377.1104,2.94569843E-02
50,10,23083.6797,15377.1104,16541.5820,2.94569843E-02
50,11,23083.6797,16541.5820,17306.5254,2.94569843E-02
50,12,23083.6797,17306.5254,17726.3867,2.94569843E-02
50,13,23083.6797,17726.3867,17890.1699,2.94569843E-02
50,14,23083.6797,17890.1699,19030.7617,2.94569843E-02
50,15,23083.6797,19030.7617,16315.7207,2.94569843E-02
50,16,23083.6797,16315.7207,19719.5625,2.94569843E-02
50,17,23083.6797,19719.5625,15031.1543,2.94569843E-02
50,18,23083.6797,15031.1543,22296.1621,2.94569843E-02
50,19,23083.6797,22296.1621,22959.7793,2.94569843E-02
50,20,23083.6797,22959.7793,23083.6797,2.94569843E-02
51,1,26072.7129,23083.6797,20598.4844,-2.00451323E-04
51,2,26072.7129,20598.4844,19613.9414,-2.00451323E-04
51,3,26072.7129,19613.9414,19136.9375,-2.00451323E-04
51,4,26072.7129,19136.9375,17568.2480,-2.00451323E-04
51,5,26072.7129,17568.2480,22053.9277,-2.00451323E-04
51,6,26072.7129,22053.9277,26454.0566,-2.00451323E-04
51,7,26072.7129,26454.0566,20299.4785,-2.00451323E-04
51,8,26072.7129,20299.4785,18373.7070,-2.00451323E-04
51,9,26072.7129,18373.7070,13677.4287,-2.00451323E-04
51,10,26072.7129,13677.4287,32785.2344,-2.00451323E-04
51,11,26072.7129,32785.2344,22707.0469,-2.00451323E-04
51,12,26072.7129,22707.0469,14548.4229,-2.00451323E-04
51,13,26072.7129,14548.4229,18537.1602,-2.00451323E-04
51,14,26072.7129,18537.1602,19655.9062,-2.00451323E-04
51,15,26072.7129,19655.9062,19152.7520,-2.00451323E-04
51,16,26072.7129,19152.7520,27657.7559,-2.00451323E-04
51,17,26072.7129,27657.7559,22675.5430,-2.00451323E-04
51,18,26072.7129,22675.5430,16898.2773,-2.00451323E-04
51,19,26072.7129,16898.2773,16273.7646,-2.00451323E-04
51,20,26072.7129,16273.7646,26072.7129,-2.00451323E-04
52,1,13038.7246,26072.7129,27221.0781,-6.86114468E-03
52,2,13038.7246,27221.0781,17140.3496,-6.86114468E-03
52,3,13038.7246,17140.3496,11316.3359,-6.86114468E-03
52,4,13038.7246,11316.3359,17224.2852,-6.86114468E-03
52,5,13038.7246,17224.2852,25893.1465,-6.86114468E-03
52,6,13038.7246,25893.1465,25275.8672,-6.86114468E-03
52,7,13038.7246,25275.8672,16694.3125,-6.86114468E-03
52,8,13038.7246,16694.3125,12302.3359,-6.86114468E-03
52,9,13038.7246,12302.3359,17921.2988,-6.86114468E-03
52,10,13038.7246,17921.2988,25819.6934,-6.86114468E-03
52,11,13038.7246,25819.6934,25124.6270,-6.86114468E-03
52,12,13038.7246,25124.6270,15996.0938,-6.86114468E-03
52,13,13038.7246,15996.0938,8751.57422,-6.86114468E-03
52,14,13038.7246,8751.57422,10773.5410,-6.86114468E-03
52,15,13038.7246,10773.5410,19666.9668,-6.86114468E-03
52,16,13038.7246,19666.9668,25807.0527,-6.86114468E-03
52,17,13038.7246,25807.0527,23224.4980,-6.86114468E-03
52,18,13038.7246,23224.4980,15766.8770,-6.86114468E-03
52,19,13038.7246,15766.8770,10464.5586,-6.86114468E-03
52,20,13038.7246,10464.5586,13038.7246,-6.86114468E-03
53,1,30710.4453,13038.7246,13082.3916,1.88741926E-02
53,2,30710.4453,13082.3916,11569.7002,1.88741926E-02
53,3,30710.4453,11569.7002,10220.2568,1.88741926E-02
53,4,30710.4453,10220.2568,17108.2344,1.88741926E-02
53,5,30710.4453,17108.2344,22312.0254,1.88741926E-02
53,6,30710.4453,22312.0254,22522.2930,1.88741926E-02
53,7,30710.4453,22522.2930,18262.8711,1.88741926E-02
53,8,30710.4453,18262.8711,14354.5420,1.88741926E-02
53,9,30710.4453,14354.5420,11625.5283,1.88741926E-02
53,10,30710.4453,11625.5283,10636.5908,1.88741926E-02
53,11,30710.4453,10636.5908,11529.4482,1.88741926E-02
53,12,30710.4453,11529.4482,14045.2158,1.88741926E-02
53,13,30710.4453,14045.2158,17654.5664,1.88741926E-02
53,14,30710.4453,17654.5664,21127.3789,1.88741926E-02
53,15,30710.4453,21127.3789,24999.3574,1.88741926E-02
53,16,30710.4453,24999.3574,29364.6992,1.88741926E-02
53,17,30710.4453,29364.6992,32348.4785,1.88741926E-02
53,18,30710.4453,32348.4785,32955.2773,1.88741926E-02
53,19,30710.4453,32955.2773,32486.5918,1.88741926E-02
53,20,30710.4453,32486.5918,30710.4453,1.88741926E-02
54,1,17648.0215,30710.4453,20546.8320,-4.35915589E-03
54,2,17648.0215,20546.8320,14063.4600,-4.35915589E-03
54,3,17648.0215,14063.4600,16461.4062,-4.35915589E-03
54,4,17648.0215,16461.4062,22670.2812,-4.35915589E-03
54,5,17648.0215,22670.2812,24678.3594,-4.35915589E-03
54,6,17648.0215,24678.3594,21745.8984,-4.35915589E-03
54,7,17648.0215,21745.8984,16519.7070,-4.35915589E-03
54,8,17648.0215,16519.7070,11591.2334,-4.35915589E-03
54,9,17648.0215,11591.2334,8509.68848,-4.35915589E-03
54,10,17648.0215,8509.68848,7789.33105,-4.35915589E-03
54,11,17648.0215,7789.33105,9117.56348,-4.35915589E-03
54,12,17648.0215,9117.56348,11640.6611,-4.35915589E-03
54,13,17648.0215,11640.6611,14331.3760,-4.35915589E-03
54,14,17648.0215,14331.3760,16361.0303,-4.35915589E-03
54,15,17648.0215,16361.0303,17348.3047,-4.35915589E-03
54,16,17648.0215,17348.3047,17404.0566,-4.35915589E-03
54,17,17648.0215,17404.0566,16986.7188,-4.35915589E-03
54,18,17648.0215,16986.7188,16654.7305,-4.35915589E-03
54,19,17648.0215,16654.7305,16828.6875,-4.35915589E-03
54,20,17648.0215,16828.6875,17648.0215,-4.35915589E-03
55,1,14447.4844,17648.0215,18722.9648,-4.22234368E-03
55,2,14447.4844,18722.9648,19934.6465,-4.22234368E-03
55,3,14447.4844,19934.6465,21035.1953,-4.22234368E-03
55,4,14447.4844,21035.1953,21801.2910,-4.22234368E-03
55,5,14447.4844,21801.2910,22088.1270,-4.22234368E-03
55,6,14447.4844,22088.1270,21852.9648,-4.22234368E-03
55,7,14447.4844,21852.9648,21155.5176,-4.22234368E-03
55,8,14447.4844,21155.5176,20137.8809,-4.22234368E-03
55,9,14447.4844,20137.8809,18987.6992,-4.22234368E-03
55,10,14447.4844,18987.6992,17895.6113,-4.22234368E-03
55,11,14447.4844,17895.6113,17016.9551,-4.22234368E-03
55,12,14447.4844,17016.9551,16442.4531,-4.22234368E-03
55,13,14447.4844,16442.4531,16185.8164,-4.22234368E-03
55,14,14447.4844,16185.8164,16186.7314,-4.22234368E-03
55,15,14447.4844,16186.7314,16327.2598,-4.22234368E-03
55,16,14447.4844,16327.2598,16458.7598,-4.22234368E-03
55,17,14447.4844,16458.7598,16431.3672,-4.22234368E-03
55,18,14447.4844,16431.3672,16123.4844,-4.22234368E-03
55,19,14447.4844,16123.4844,15464.1748,-4.22234368E-03
55,20,14447.4844,15464.1748,14447.4844,-4.22234368E-03
56,1,9507.81445,14447.4844,12727.0586,2.85289134E-05
56,2,9507.81445,12727.0586,10795.4336,2.85289134E-05
56,3,9507.81445,10795.4336,9043.86719,2.85289134E-05
56,4,9507.81445,9043.86719,7882.15576,2.85289134E-05
56,5,9507.81445,7882.15576,7639.47998,2.85289134E-05
56,6,9507.81445,7639.47998,8497.07812,2.85289134E-05
56,7,9507.81445,8497.07812,10429.0703,2.85289134E-05
56,8,9507.81445,10429.0703,13249.2539,2.85289134E-05
56,9,9507.81445,13249.2539,16538.6465,2.85289134E-05
56,10,9507.81445,16538.6465,19861.2305,2.85289134E-05
56,11,9507.81445,19861.2305,22747.5488,2.85289134E-05
56,12,9507.81445,22747.5488,24758.7441,2.85289134E-05
56,13,9507.81445,24758.7441,25601.5859,2.85289134E-05
56,14,9507.81445,25601.5859,25268.7988,2.85289134E-05
56,15,9507.81445,25268.7988,23566.3789,2.85289134E-05
56,16,9507.81445,23566.3789,21097.4746,2.85289134E-05
56,17,9507.81445,21097.4746,18142.9414,2.85289134E-05
56,18,9507.81445,18142.9414,14888.3311,2.85289134E-05
56,19,9507.81445,14888.3311,11840.9355,2.85289134E-05
56,20,9507.81445,11840.9355,9507.81445,2.85289134E-05
57,1,9592.17871,9507.81445,8187.49512,-5.02744933E-06
57,2,9592.17871,8187.49512,7953.70215,-5.02744933E-06
57,3,9592.17871,7953.70215,9029.31152,-5.02744933E-06
57,4,9592.17871,9029.31152,10816.1670,-5.02744933E-06
57,5,9592.17871,10816.1670,13157.0186,-5.02744933E-06
57,6,9592.17871,13157.0186,15870.6572,-5.02744933E-06
57,7,9592.17871,15870.6572,18664.6758,-5.02744933E-06
57,8,9592.17871,18664.6758,21106.7246,-5.02744933E-06
57,9,9592.17871,21106.7246,22861.7480,-5.02744933E-06
57,10,9592.17871,22861.7480,23747.8223,-5.02744933E-06
57,11,9592.17871,23747.8223,23722.1445,-5.02744933E-06
57,12,9592.17871,23722.1445,22855.9609,-5.02744933E-06
57,13,9592.17871,22855.9609,21307.1504,-5.02744933E-06
57,14,9592.17871,21307.1504,19288.6289,-5.02744933E-06
57,15,9592.17871,19288.6289,17038.9609,-5.02744933E-06
57,16,9592.17871,17038.9609,14797.0010,-5.02744933E-06
57,17,9592.17871,14797.0010,12780.2529,-5.02744933E-06
57,18,9592.17871,12780.2529,11169.1045,-5.02744933E-06
57,19,9592.17871,11169.1045,10093.1768,-5.02744933E-06
57,20,9592.17871,10093.1768,9592.17871,-5.02744933E-06
58,1,9789.18652,9592.17871,12398.7568,2.34848412E-04
58,2,9789.18652,12398.7568,18004.2051,2.34848412E-04
58,3,9789.18652,18004.2051,20933.1973,2.34848412E-04
58,4,9789.18652,20933.1973,18974.2520,2.34848412E-04
58,5,9789.18652,18974.2520,16544.7871,2.34848412E-04
58,6,9789.18652,16544.7871,14730.9941,2.34848412E-04
58,7,9789.18652,14730.9941,14754.5586,2.34848412E-04
58,8,9789.18652,14754.5586,16672.6113,2.34848412E-04
58,9,9789.18652,16672.6113,15389.4219,2.34848412E-04
58,10,9789.18652,15389.4219,17601.7090,2.34848412E-04
58,11,9789.18652,17601.7090,17970.3301,2.34848412E-04
58,12,9789.18652,17970.3301,14775.1455,2.34848412E-04
58,13,9789.18652,14775.1455,13351.5479,2.34848412E-04
58,14,9789.18652,13351.5479,14652.3115,2.34848412E-04
58,15,9789.18652,14652.3115,16502.0098,2.34848412E-04
58,16,9789.18652,16502.0098,18515.7148,2.34848412E-04
58,17,9789.18652,18515.7148,20309.1230,2.34848412E-04
58,18,9789.18652,20309.1230,19522.4062,2.34848412E-04
58,19,9789.18652,19522.4062,15099.4229,2.34848412E-04
58,20,9789.18652,15099.4229,9789.18652,2.34848412E-04
