i,k,old_q,old_q_ch_in,old_q_ch_out,qlat_ch_old
1,1,79.5189819,0.00000000,4.01409674,9.24116612E-05
1,2,79.5189819,4.01409674,8.02634621,9.24116612E-05
1,3,79.5189819,8.02634621,12.0492592,9.24116612E-05
1,4,79.5189819,12.0492592,16.0415344,9.24116612E-05
1,5,79.5189819,16.0415344,20.0678425,9.24116612E-05
1,6,79.5189819,20.0678425,24.1442280,9.24116612E-05
1,7,79.5189819,24.1442280,27.9844093,9.24116612E-05
1,8,79.5189819,27.9844093,32.2379684,9.24116612E-05
1,9,79.5189819,32.2379684,35.9418297,9.24116612E-05
1,10,79.5189819,35.9418297,40.3519058,9.24116612E-05
1,11,79.5189819,40.3519058,44.1793098,9.24116612E-05
1,12,79.5189819,44.1793098,47.9982605,9.24116612E-05
1,13,79.5189819,47.9982605,51.9414101,9.24116612E-05
1,14,79.5189819,51.9414101,56.6229095,9.24116612E-05
1,15,79.5189819,56.6229095,60.4129944,9.24116612E-05
1,16,79.5189819,60.4129944,63.5153961,9.24116612E-05
1,17,79.5189819,63.5153961,68.4698944,9.24116612E-05
1,18,79.5189819,68.4698944,73.3034058,9.24116612E-05
1,19,79.5189819,73.3034058,74.9243240,9.24116612E-05
1,20,79.5189819,74.9243240,79.5189819,9.24116612E-05
2,1,20.0824585,0.00000000,1.01173830,4.08166088E-05
2,2,20.0824585,1.01173830,2.04936123,4.08166088E-05
2,3,20.0824585,2.04936123,2.95529056,4.08166088E-05
2,4,20.0824585,2.95529056,4.12367344,4.08166088E-05
2,5,20.0824585,4.12367344,5.11712933,4.08166088E-05
2,6,20.0824585,5.11712933,6.01869678,4.08166088E-05
2,7,20.0824585,6.01869678,7.02587223,4.08166088E-05
2,8,20.0824585,7.02587223,8.11217213,4.08166088E-05
2,9,20.0824585,8.11217213,9.21812916,4.08166088E-05
2,10,20.0824585,9.21812916,10.0934610,4.08166088E-05
2,11,20.0824585,10.0934610,11.1417913,4.08166088E-05
2,12,20.0824585,11.1417913,12.0923233,4.08166088E-05
2,13,20.0824585,12.0923233,13.0899744,4.08166088E-05
2,14,20.0824585,13.0899744,14.1939049,4.08166088E-05
2,15,20.0824585,14.1939049,15.2888069,4.08166088E-05
2,16,20.0824585,15.2888069,16.3645458,4.08166088E-05
2,17,20.0824585,16.3645458,17.3017483,4.08166088E-05
2,18,20.0824585,17.3017483,18.1518955,4.08166088E-05
2,19,20.0824585,18.1518955,19.0169582,4.08166088E-05
2,20,20.0824585,19.0169582,20.0824585,4.08166088E-05
3,1,13.1924305,0.00000000,0.659541965,9.85967654E-06
3,2,13.1924305,0.659541965,1.31908393,9.85967654E-06
3,3,13.1924305,1.31908393,1.97862589,9.85967654E-06
3,4,13.1924305,1.97862589,2.63816786,9.85967654E-06
3,5,13.1924305,2.63816786,3.29770994,9.85967654E-06
3,6,13.1924305,3.29770994,3.95725155,9.85967654E-06
3,7,13.1924305,3.95725155,4.61679506,9.85967654E-06
3,8,13.1924305,4.61679506,5.27632427,9.85967654E-06
3,9,13.1924305,5.27632427,5.93593931,9.85967654E-06
3,10,13.1924305,5.93593931,6.59515238,9.85967654E-06
3,11,13.1924305,6.59515238,7.25585508,9.85967654E-06
3,12,13.1924305,7.25585508,7.91224003,9.85967654E-06
3,13,13.1924305,7.91224003,8.57807827,9.85967654E-06
3,14,13.1924305,8.57807827,9.22965050,9.85967654E-06
3,15,13.1924305,9.22965050,9.89166260,9.85967654E-06
3,16,13.1924305,9.89166260,10.5633183,9.85967654E-06
3,17,13.1924305,10.5633183,11.2007580,9.85967654E-06
3,18,13.1924305,11.2007580,11.8666477,9.85967654E-06
3,19,13.1924305,11.8666477,12.5495033,9.85967654E-06
3,20,13.1924305,12.5495033,13.1924305,9.85967654E-06
4,1,81.0427551,0.00000000,4.07166576,6.64104664E-05
4,2,81.0427551,4.07166576,8.13426495,6.64104664E-05
4,3,81.0427551,8.13426495,12.1568451,6.64104664E-05
4,4,81.0427551,12.1568451,16.4851341,6.64104664E-05
4,5,81.0427551,16.4851341,20.0502415,6.64104664E-05
4,6,81.0427551,20.0502415,24.5241127,6.64104664E-05
4,7,81.0427551,24.5241127,28.6368027,6.64104664E-05
4,8,81.0427551,28.6368027,32.3791580,6.64104664E-05
4,9,81.0427551,32.3791580,36.5115051,6.64104664E-05
4,10,81.0427551,36.5115051,40.8868561,6.64104664E-05
4,11,81.0427551,40.8868561,45.1072350,6.64104664E-05
4,12,81.0427551,45.1072350,48.4147339,6.64104664E-05
4,13,81.0427551,48.4147339,52.9497681,6.64104664E-05
4,14,81.0427551,52.9497681,56.6983147,6.64104664E-05
4,15,81.0427551,56.6983147,60.4150429,6.64104664E-05
4,16,81.0427551,60.4150429,66.3752747,6.64104664E-05
4,17,81.0427551,66.3752747,69.2937775,6.64104664E-05
4,18,81.0427551,69.2937775,73.2073669,6.64104664E-05
4,19,81.0427551,73.2073669,77.0749054,6.64104664E-05
4,20,81.0427551,77.0749054,81.0427551,6.64104664E-05
5,1,9.22702885,0.00000000,0.463155359,7.88814395E-06
5,2,9.22702885,0.463155359,0.926302910,7.88814395E-06
5,3,9.22702885,0.926302910,1.38953137,7.88814395E-06
5,4,9.22702885,1.38953137,1.85226822,7.88814395E-06
5,5,9.22702885,1.85226822,2.31689429,7.88814395E-06
5,6,9.22702885,2.31689429,2.77695274,7.88814395E-06
5,7,9.22702885,2.77695274,3.24300981,7.88814395E-06
5,8,9.22702885,3.24300981,3.70872664,7.88814395E-06
5,9,9.22702885,3.70872664,4.16158247,7.88814395E-06
5,10,9.22702885,4.16158247,4.63476944,7.88814395E-06
5,11,9.22702885,4.63476944,5.09218025,7.88814395E-06
5,12,9.22702885,5.09218025,5.57890177,7.88814395E-06
5,13,9.22702885,5.57890177,5.97836876,7.88814395E-06
5,14,9.22702885,5.97836876,6.52529287,7.88814395E-06
5,15,9.22702885,6.52529287,6.90617943,7.88814395E-06
5,16,9.22702885,6.90617943,7.46916199,7.88814395E-06
5,17,9.22702885,7.46916199,7.82488918,7.88814395E-06
5,18,9.22702885,7.82488918,8.35943222,7.88814395E-06
5,19,9.22702885,8.35943222,8.78403568,7.88814395E-06
5,20,9.22702885,8.78403568,9.22702885,7.88814395E-06
6,1,13.4602356,0.00000000,0.673275590,4.44926154E-05
6,2,13.4602356,0.673275590,1.34549773,4.44926154E-05
6,3,13.4602356,1.34549773,2.00670052,4.44926154E-05
6,4,13.4602356,2.00670052,2.73164725,4.44926154E-05
6,5,13.4602356,2.73164725,3.31596231,4.44926154E-05
6,6,13.4602356,3.31596231,4.04366446,4.44926154E-05
6,7,13.4602356,4.04366446,4.74311066,4.44926154E-05
6,8,13.4602356,4.74311066,5.36388111,4.44926154E-05
6,9,13.4602356,5.36388111,6.02377224,4.44926154E-05
6,10,13.4602356,6.02377224,6.74552155,4.44926154E-05
6,11,13.4602356,6.74552155,7.45661736,4.44926154E-05
6,12,13.4602356,7.45661736,8.08308125,4.44926154E-05
6,13,13.4602356,8.08308125,8.67182446,4.44926154E-05
6,14,13.4602356,8.67182446,9.45141220,4.44926154E-05
6,15,13.4602356,9.45141220,9.94342804,4.44926154E-05
6,16,13.4602356,9.94342804,10.8804379,4.44926154E-05
6,17,13.4602356,10.8804379,11.4872351,4.44926154E-05
6,18,13.4602356,11.4872351,12.1694126,4.44926154E-05
6,19,13.4602356,12.1694126,12.7936859,4.44926154E-05
6,20,13.4602356,12.7936859,13.4602356,4.44926154E-05
7,1,1.62706172,0.00000000,8.21130127E-02,6.23959431E-06
7,2,1.62706172,8.21130127E-02,0.164063185,6.23959431E-06
7,3,1.62706172,0.164063185,0.246469885,6.23959431E-06
7,4,1.62706172,0.246469885,0.329038322,6.23959431E-06
7,5,1.62706172,0.329038322,0.407614291,6.23959431E-06
7,6,1.62706172,0.407614291,0.497026742,6.23959431E-06
7,7,1.62706172,0.497026742,0.570812583,6.23959431E-06
7,8,1.62706172,0.570812583,0.658317506,6.23959431E-06
7,9,1.62706172,0.658317506,0.741926849,6.23959431E-06
7,10,1.62706172,0.741926849,0.816526949,6.23959431E-06
7,11,1.62706172,0.816526949,0.898291707,6.23959431E-06
7,12,1.62706172,0.898291707,0.995923221,6.23959431E-06
7,13,1.62706172,0.995923221,1.05435801,6.23959431E-06
7,14,1.62706172,1.05435801,1.17787111,6.23959431E-06
7,15,1.62706172,1.17787111,1.21028864,6.23959431E-06
7,16,1.62706172,1.21028864,1.28794456,6.23959431E-06
7,17,1.62706172,1.28794456,1.43081367,6.23959431E-06
7,18,1.62706172,1.43081367,1.48139489,6.23959431E-06
7,19,1.62706172,1.48139489,1.54767060,6.23959431E-06
7,20,1.62706172,1.54767060,1.62706172,6.23959431E-06
8,1,2.56174564,0.00000000,0.128101751,1.70873427E-05
8,2,2.56174564,0.128101751,0.256012201,1.70873427E-05
8,3,2.56174564,0.256012201,0.381747425,1.70873427E-05
8,4,2.56174564,0.381747425,0.519830823,1.70873427E-05
8,5,2.56174564,0.519830823,0.630945146,1.70873427E-05
8,6,2.56174564,0.630945146,0.769177318,1.70873427E-05
8,7,2.56174564,0.769177318,0.902548254,1.70873427E-05
8,8,2.56174564,0.902548254,1.02076197,1.70873427E-05
8,9,2.56174564,1.02076197,1.14595723,1.70873427E-05
8,10,2.56174564,1.14595723,1.28316545,1.70873427E-05
8,11,2.56174564,1.28316545,1.41851652,1.70873427E-05
8,12,2.56174564,1.41851652,1.53934836,1.70873427E-05
8,13,2.56174564,1.53934836,1.64862680,1.70873427E-05
8,14,2.56174564,1.64862680,1.79940987,1.70873427E-05
8,15,2.56174564,1.79940987,1.89181149,1.70873427E-05
8,16,2.56174564,1.89181149,2.06815791,1.70873427E-05
8,17,2.56174564,2.06815791,2.18578458,1.70873427E-05
8,18,2.56174564,2.18578458,2.31622314,1.70873427E-05
8,19,2.56174564,2.31622314,2.43509603,1.70873427E-05
8,20,2.56174564,2.43509603,2.56174564,1.70873427E-05
9,1,2.31986070,0.00000000,0.113952450,1.77681341E-05
9,2,2.31986070,0.113952450,0.234597728,1.77681341E-05
9,3,2.31986070,0.234597728,0.331805527,1.77681341E-05
9,4,2.31986070,0.331805527,0.458975255,1.77681341E-05
9,5,2.31986070,0.458975255,0.585382044,1.77681341E-05
9,6,2.31986070,0.585382044,0.688968837,1.77681341E-05
9,7,2.31986070,0.688968837,0.794330657,1.77681341E-05
9,8,2.31986070,0.794330657,0.909177721,1.77681341E-05
9,9,2.31986070,0.909177721,1.02234244,1.77681341E-05
9,10,2.31986070,1.02234244,1.17290938,1.77681341E-05
9,11,2.31986070,1.17290938,1.24580479,1.77681341E-05
9,12,2.31986070,1.24580479,1.37035716,1.77681341E-05
9,13,2.31986070,1.37035716,1.50315166,1.77681341E-05
9,14,2.31986070,1.50315166,1.60205579,1.77681341E-05
9,15,2.31986070,1.60205579,1.69818032,1.77681341E-05
9,16,2.31986070,1.69818032,1.81584632,1.77681341E-05
9,17,2.31986070,1.81584632,1.95114851,1.77681341E-05
9,18,2.31986070,1.95114851,2.08082604,1.77681341E-05
9,19,2.31986070,2.08082604,2.20216179,1.77681341E-05
9,20,2.31986070,2.20216179,2.31986070,1.77681341E-05
10,1,0.758451521,0.00000000,3.71960141E-02,7.67553956E-06
10,2,0.758451521,3.71960141E-02,7.69302696E-02,7.67553956E-06
10,3,0.758451521,7.69302696E-02,0.108462460,7.67553956E-06
10,4,0.758451521,0.108462460,0.148935825,7.67553956E-06
10,5,0.758451521,0.148935825,0.192556232,7.67553956E-06
10,6,0.758451521,0.192556232,0.224708170,7.67553956E-06
10,7,0.758451521,0.224708170,0.260231644,7.67553956E-06
10,8,0.758451521,0.260231644,0.297556520,7.67553956E-06
10,9,0.758451521,0.297556520,0.334295452,7.67553956E-06
10,10,0.758451521,0.334295452,0.378769219,7.67553956E-06
10,11,0.758451521,0.378769219,0.413590044,7.67553956E-06
10,12,0.758451521,0.413590044,0.444564879,7.67553956E-06
10,13,0.758451521,0.444564879,0.490229577,7.67553956E-06
10,14,0.758451521,0.490229577,0.526847303,7.67553956E-06
10,15,0.758451521,0.526847303,0.557613492,7.67553956E-06
10,16,0.758451521,0.557613492,0.592140198,7.67553956E-06
10,17,0.758451521,0.592140198,0.633178413,7.67553956E-06
10,18,0.758451521,0.633178413,0.677727759,7.67553956E-06
10,19,0.758451521,0.677727759,0.717020154,7.67553956E-06
10,20,0.758451521,0.717020154,0.758451521,7.67553956E-06
11,1,8.96852112,0.00000000,0.453208774,7.72335443E-06
11,2,8.96852112,0.453208774,0.905480146,7.72335443E-06
11,3,8.96852112,0.905480146,1.36023474,7.72335443E-06
11,4,8.96852112,1.36023474,1.81663799,7.72335443E-06
11,5,8.96852112,1.81663799,2.24865866,7.72335443E-06
11,6,8.96852112,2.24865866,2.74381185,7.72335443E-06
11,7,8.96852112,2.74381185,3.15106750,7.72335443E-06
11,8,8.96852112,3.15106750,3.63116407,7.72335443E-06
11,9,8.96852112,3.63116407,4.09690475,7.72335443E-06
11,10,8.96852112,4.09690475,4.51144123,7.72335443E-06
11,11,8.96852112,4.51144123,4.94623089,7.72335443E-06
11,12,8.96852112,4.94623089,5.50890923,7.72335443E-06
11,13,8.96852112,5.50890923,5.80261898,7.72335443E-06
11,14,8.96852112,5.80261898,6.50125313,7.72335443E-06
11,15,8.96852112,6.50125313,6.73331928,7.72335443E-06
11,16,8.96852112,6.73331928,7.05439949,7.72335443E-06
11,17,8.96852112,7.05439949,7.87115097,7.72335443E-06
11,18,8.96852112,7.87115097,8.22565842,7.72335443E-06
11,19,8.96852112,8.22565842,8.55460930,7.72335443E-06
11,20,8.96852112,8.55460930,8.96852112,7.72335443E-06
12,1,3.37524199,0.00000000,0.168537527,4.07196831E-06
12,2,3.37524199,0.168537527,0.336614192,4.07196831E-06
12,3,3.37524199,0.336614192,0.504669428,4.07196831E-06
12,4,3.37524199,0.504669428,0.679307461,4.07196831E-06
12,5,3.37524199,0.679307461,0.831364870,4.07196831E-06
12,6,3.37524199,0.831364870,1.01958752,4.07196831E-06
12,7,3.37524199,1.01958752,1.17919683,4.07196831E-06
12,8,3.37524199,1.17919683,1.33995092,4.07196831E-06
12,9,3.37524199,1.33995092,1.52075350,4.07196831E-06
12,10,3.37524199,1.52075350,1.69485557,4.07196831E-06
12,11,3.37524199,1.69485557,1.84884489,4.07196831E-06
12,12,3.37524199,1.84884489,2.00175714,4.07196831E-06
12,13,3.37524199,2.00175714,2.20765734,4.07196831E-06
12,14,3.37524199,2.20765734,2.32690454,4.07196831E-06
12,15,3.37524199,2.32690454,2.56566381,4.07196831E-06
12,16,3.37524199,2.56566381,2.72703385,4.07196831E-06
12,17,3.37524199,2.72703385,2.81878996,4.07196831E-06
12,18,3.37524199,2.81878996,3.02536702,4.07196831E-06
12,19,3.37524199,3.02536702,3.18698955,4.07196831E-06
12,20,3.37524199,3.18698955,3.37524199,4.07196831E-06
13,1,29.8891525,0.00000000,1.49676013,1.82660533E-05
13,2,29.8891525,1.49676013,2.99011898,1.82660533E-05
13,3,29.8891525,2.99011898,4.49109983,1.82660533E-05
13,4,29.8891525,4.49109983,6.00480556,1.82660533E-05
13,5,29.8891525,6.00480556,7.41717243,1.82660533E-05
13,6,29.8891525,7.41717243,9.06510735,1.82660533E-05
13,7,29.8891525,9.06510735,10.4137173,1.82660533E-05
13,8,29.8891525,10.4137173,11.9716616,1.82660533E-05
13,9,29.8891525,11.9716616,13.5414562,1.82660533E-05
13,10,29.8891525,13.5414562,14.9427261,1.82660533E-05
13,11,29.8891525,14.9427261,16.2629604,1.82660533E-05
13,12,29.8891525,16.2629604,18.2377415,1.82660533E-05
13,13,29.8891525,18.2377415,19.1007099,1.82660533E-05
13,14,29.8891525,19.1007099,21.4033852,1.82660533E-05
13,15,29.8891525,21.4033852,22.5814648,1.82660533E-05
13,16,29.8891525,22.5814648,23.1608467,1.82660533E-05
13,17,29.8891525,23.1608467,25.6322441,1.82660533E-05
13,18,29.8891525,25.6322441,27.4023495,1.82660533E-05
13,19,29.8891525,27.4023495,28.3204002,1.82660533E-05
13,20,29.8891525,28.3204002,29.8891525,1.82660533E-05
14,1,64.8950272,0.00000000,0.632192969,4.66124329E-05
14,2,64.8950272,0.632192969,1.25976789,4.66124329E-05
14,3,64.8950272,1.25976789,1.87750983,4.66124329E-05
14,4,64.8950272,1.87750983,2.48154163,4.66124329E-05
14,5,64.8950272,2.48154163,3.07437682,4.66124329E-05
14,6,64.8950272,3.07437682,3.67067289,4.66124329E-05
14,7,64.8950272,3.67067289,4.30240583,4.66124329E-05
14,8,64.8950272,4.30240583,5.02262068,4.66124329E-05
14,9,64.8950272,5.02262068,5.90744591,4.66124329E-05
14,10,64.8950272,5.90744591,7.05643463,4.66124329E-05
14,11,64.8950272,7.05643463,8.59142590,4.66124329E-05
14,12,64.8950272,8.59142590,10.6540413,4.66124329E-05
14,13,64.8950272,10.6540413,13.4016790,4.66124329E-05
14,14,64.8950272,13.4016790,17.0017948,4.66124329E-05
14,15,64.8950272,17.0017948,21.6242256,4.66124329E-05
14,16,64.8950272,21.6242256,27.4316254,4.66124329E-05
14,17,64.8950272,27.4316254,34.5685005,4.66124329E-05
14,18,64.8950272,34.5685005,43.1497231,4.66124329E-05
14,19,64.8950272,43.1497231,53.2499161,4.66124329E-05
14,20,64.8950272,53.2499161,64.8950272,4.66124329E-05
15,1,16.8916836,15.5122910,15.5042925,3.99089731E-06
15,2,16.8916836,15.5042925,15.5489006,3.99089731E-06
15,3,16.8916836,15.5489006,15.7015257,3.99089731E-06
15,4,16.8916836,15.7015257,15.7266083,3.99089731E-06
15,5,16.8916836,15.7266083,15.7272377,3.99089731E-06
15,6,16.8916836,15.7272377,15.7764654,3.99089731E-06
15,7,16.8916836,15.7764654,15.9652376,3.99089731E-06
15,8,16.8916836,15.9652376,15.9318810,3.99089731E-06
15,9,16.8916836,15.9318810,16.0232010,3.99089731E-06
15,10,16.8916836,16.0232010,16.2250271,3.99089731E-06
15,11,16.8916836,16.2250271,16.0760975,3.99089731E-06
15,12,16.8916836,16.0760975,16.2597446,3.99089731E-06
15,13,16.8916836,16.2597446,16.3116512,3.99089731E-06
15,14,16.8916836,16.3116512,16.0480270,3.99089731E-06
15,15,16.8916836,16.0480270,16.5049820,3.99089731E-06
15,16,16.8916836,16.5049820,16.9696064,3.99089731E-06
15,17,16.8916836,16.9696064,16.5473785,3.99089731E-06
15,18,16.8916836,16.5473785,16.4066811,3.99089731E-06
15,19,16.8916836,16.4066811,16.5003452,3.99089731E-06
15,20,16.8916836,16.5003452,16.8916836,3.99089731E-06
16,1,4.91030121,2.56174564,2.64029551,1.31124743E-05
16,2,4.91030121,2.64029551,2.76090693,1.31124743E-05
16,3,4.91030121,2.76090693,2.91804957,1.31124743E-05
16,4,4.91030121,2.91804957,3.04835558,1.31124743E-05
16,5,4.91030121,3.04835558,3.04851437,1.31124743E-05
16,6,4.91030121,3.04851437,3.10650492,1.31124743E-05
16,7,4.91030121,3.10650492,3.44955397,1.31124743E-05
16,8,4.91030121,3.44955397,3.42445707,1.31124743E-05
16,9,4.91030121,3.42445707,3.60682178,1.31124743E-05
16,10,4.91030121,3.60682178,3.57587242,1.31124743E-05
16,11,4.91030121,3.57587242,3.61423326,1.31124743E-05
16,12,4.91030121,3.61423326,3.88732600,1.31124743E-05
16,13,4.91030121,3.88732600,4.06295538,1.31124743E-05
16,14,4.91030121,4.06295538,4.26269102,1.31124743E-05
16,15,4.91030121,4.26269102,4.03301907,1.31124743E-05
16,16,4.91030121,4.03301907,4.14152479,1.31124743E-05
16,17,4.91030121,4.14152479,4.41709423,1.31124743E-05
16,18,4.91030121,4.41709423,4.50883389,1.31124743E-05
16,19,4.91030121,4.50883389,4.84949112,1.31124743E-05
16,20,4.91030121,4.84949112,4.91030121,1.31124743E-05
17,1,27.5476856,3.37524199,4.61730385,2.15696145E-05
17,2,27.5476856,4.61730385,5.89076138,2.15696145E-05
17,3,27.5476856,5.89076138,6.99798679,2.15696145E-05
17,4,27.5476856,6.99798679,8.25150776,2.15696145E-05
17,5,27.5476856,8.25150776,9.41329384,2.15696145E-05
17,6,27.5476856,9.41329384,10.7714653,2.15696145E-05
17,7,27.5476856,10.7714653,12.0646095,2.15696145E-05
17,8,27.5476856,12.0646095,13.1177177,2.15696145E-05
17,9,27.5476856,13.1177177,14.6135244,2.15696145E-05
17,10,27.5476856,14.6135244,15.8551044,2.15696145E-05
17,11,27.5476856,15.8551044,16.1979179,2.15696145E-05
17,12,27.5476856,16.1979179,17.7078991,2.15696145E-05
17,13,27.5476856,17.7078991,20.2318611,2.15696145E-05
17,14,27.5476856,20.2318611,21.0150394,2.15696145E-05
17,15,27.5476856,21.0150394,20.7008553,2.15696145E-05
17,16,27.5476856,20.7008553,22.7597694,2.15696145E-05
17,17,27.5476856,22.7597694,24.7181206,2.15696145E-05
17,18,27.5476856,24.7181206,26.1321297,2.15696145E-05
17,19,27.5476856,26.1321297,26.6020184,2.15696145E-05
17,20,27.5476856,26.6020184,27.5476856,2.15696145E-05
18,1,10.9897442,8.96852112,8.95114994,1.01023988E-05
18,2,10.9897442,8.95114994,9.40711117,1.01023988E-05
18,3,10.9897442,9.40711117,9.20475578,1.01023988E-05
18,4,10.9897442,9.20475578,9.22952843,1.01023988E-05
18,5,10.9897442,9.22952843,9.53807640,1.01023988E-05
18,6,10.9897442,9.53807640,9.79337120,1.01023988E-05
18,7,10.9897442,9.79337120,9.84091854,1.01023988E-05
18,8,10.9897442,9.84091854,9.77488804,1.01023988E-05
18,9,10.9897442,9.77488804,9.75318813,1.01023988E-05
18,10,10.9897442,9.75318813,9.85758209,1.01023988E-05
18,11,10.9897442,9.85758209,10.0739851,1.01023988E-05
18,12,10.9897442,10.0739851,10.3425598,1.01023988E-05
18,13,10.9897442,10.3425598,10.6019468,1.01023988E-05
18,14,10.9897442,10.6019468,10.8116875,1.01023988E-05
18,15,10.9897442,10.8116875,10.9482937,1.01023988E-05
18,16,10.9897442,10.9482937,11.0196791,1.01023988E-05
18,17,10.9897442,11.0196791,11.0163603,1.01023988E-05
18,18,10.9897442,11.0163603,10.9686003,1.01023988E-05
18,19,10.9897442,10.9686003,10.9732008,1.01023988E-05
18,20,10.9897442,10.9732008,10.9897442,1.01023988E-05
19,1,6.54760742,4.91030121,4.51144648,3.09401480E-06
19,2,6.54760742,4.51144648,5.10358334,3.09401480E-06
19,3,6.54760742,5.10358334,5.13581324,3.09401480E-06
19,4,6.54760742,5.13581324,4.88447285,3.09401480E-06
19,5,6.54760742,4.88447285,5.33703232,3.09401480E-06
19,6,6.54760742,5.33703232,5.40498018,3.09401480E-06
19,7,6.54760742,5.40498018,5.30016375,3.09401480E-06
19,8,6.54760742,5.30016375,5.40149021,3.09401480E-06
19,9,6.54760742,5.40149021,6.03989601,3.09401480E-06
19,10,6.54760742,6.03989601,5.25277424,3.09401480E-06
19,11,6.54760742,5.25277424,6.06163263,3.09401480E-06
19,12,6.54760742,6.06163263,5.90608644,3.09401480E-06
19,13,6.54760742,5.90608644,5.84521437,3.09401480E-06
19,14,6.54760742,5.84521437,6.23503351,3.09401480E-06
19,15,6.54760742,6.23503351,6.22578812,3.09401480E-06
19,16,6.54760742,6.22578812,6.38274717,3.09401480E-06
19,17,6.54760742,6.38274717,6.26296329,3.09401480E-06
19,18,6.54760742,6.26296329,6.41808033,3.09401480E-06
19,19,6.54760742,6.41808033,6.84371376,3.09401480E-06
19,20,6.54760742,6.84371376,6.54760742,3.09401480E-06
20,1,17.8509865,17.6501350,17.5623264,9.77914169E-07
20,2,17.8509865,17.5623264,17.2762337,9.77914169E-07
20,3,17.8509865,17.2762337,17.4353352,9.77914169E-07
20,4,17.8509865,17.4353352,17.6688938,9.77914169E-07
20,5,17.8509865,17.6688938,17.6004486,9.77914169E-07
20,6,17.8509865,17.6004486,17.3037586,9.77914169E-07
20,7,17.8509865,17.3037586,17.1928940,9.77914169E-07
20,8,17.8509865,17.1928940,17.2054348,9.77914169E-07
20,9,17.8509865,17.2054348,17.5234947,9.77914169E-07
20,10,17.8509865,17.5234947,17.6165771,9.77914169E-07
20,11,17.8509865,17.6165771,17.5820026,9.77914169E-07
20,12,17.8509865,17.5820026,17.4131527,9.77914169E-07
20,13,17.8509865,17.4131527,17.0124149,9.77914169E-07
20,14,17.8509865,17.0124149,16.6477013,9.77914169E-07
20,15,17.8509865,16.6477013,16.7672405,9.77914169E-07
20,16,17.8509865,16.7672405,16.8824463,9.77914169E-07
20,17,17.8509865,16.8824463,17.1674366,9.77914169E-07
20,18,17.8509865,17.1674366,17.2006626,9.77914169E-07
20,19,17.8509865,17.2006626,17.6681175,9.77914169E-07
20,20,17.8509865,17.6681175,17.8509865,9.77914169E-07
21,1,29.6452293,27.5476856,27.1584339,2.78959378E-05
21,2,29.6452293,27.1584339,27.1118088,2.78959378E-05
21,3,29.6452293,27.1118088,27.4174156,2.78959378E-05
21,4,29.6452293,27.4174156,27.6621666,2.78959378E-05
21,5,29.6452293,27.6621666,27.9716167,2.78959378E-05
21,6,29.6452293,27.9716167,28.5270538,2.78959378E-05
21,7,29.6452293,28.5270538,28.6502380,2.78959378E-05
21,8,29.6452293,28.6502380,28.5711288,2.78959378E-05
21,9,29.6452293,28.5711288,29.5518570,2.78959378E-05
21,10,29.6452293,29.5518570,29.4286938,2.78959378E-05
21,11,29.6452293,29.4286938,29.2258816,2.78959378E-05
21,12,29.6452293,29.2258816,29.5038853,2.78959378E-05
21,13,29.6452293,29.5038853,29.9343586,2.78959378E-05
21,14,29.6452293,29.9343586,30.1047649,2.78959378E-05
21,15,29.6452293,30.1047649,29.9174175,2.78959378E-05
21,16,29.6452293,29.9174175,29.5457878,2.78959378E-05
21,17,29.6452293,29.5457878,29.2350769,2.78959378E-05
21,18,29.6452293,29.2350769,29.1479015,2.78959378E-05
21,19,29.6452293,29.1479015,29.3095989,2.78959378E-05
21,20,29.6452293,29.3095989,29.6452293,2.78959378E-05
22,1,19.1903629,10.9897442,11.3609638,1.75793321E-05
22,2,19.1903629,11.3609638,11.9751415,1.75793321E-05
22,3,19.1903629,11.9751415,12.2477045,1.75793321E-05
22,4,19.1903629,12.2477045,12.2227182,1.75793321E-05
22,5,19.1903629,12.2227182,12.5839109,1.75793321E-05
22,6,19.1903629,12.5839109,13.2043934,1.75793321E-05
22,7,19.1903629,13.2043934,13.8626099,1.75793321E-05
22,8,19.1903629,13.8626099,14.6276398,1.75793321E-05
22,9,19.1903629,14.6276398,14.9765596,1.75793321E-05
22,10,19.1903629,14.9765596,15.0827513,1.75793321E-05
22,11,19.1903629,15.0827513,15.3279266,1.75793321E-05
22,12,19.1903629,15.3279266,16.3104439,1.75793321E-05
22,13,19.1903629,16.3104439,17.2114563,1.75793321E-05
22,14,19.1903629,17.2114563,17.5599384,1.75793321E-05
22,15,19.1903629,17.5599384,17.6059914,1.75793321E-05
22,16,19.1903629,17.6059914,17.4079876,1.75793321E-05
22,17,19.1903629,17.4079876,17.2044125,1.75793321E-05
22,18,19.1903629,17.2044125,17.4874191,1.75793321E-05
22,19,19.1903629,17.4874191,18.3028584,1.75793321E-05
22,20,19.1903629,18.3028584,19.1903629,1.75793321E-05
23,1,10.8775730,6.54760742,6.85801554,2.96274047E-05
23,2,10.8775730,6.85801554,7.16236830,2.96274047E-05
23,3,10.8775730,7.16236830,7.35072708,2.96274047E-05
23,4,10.8775730,7.35072708,7.36755800,2.96274047E-05
23,5,10.8775730,7.36755800,7.14793491,2.96274047E-05
23,6,10.8775730,7.14793491,7.29329967,2.96274047E-05
23,7,10.8775730,7.29329967,7.43605900,2.96274047E-05
23,8,10.8775730,7.43605900,7.90698957,2.96274047E-05
23,9,10.8775730,7.90698957,8.23563671,2.96274047E-05
23,10,10.8775730,8.23563671,8.00031471,2.96274047E-05
23,11,10.8775730,8.00031471,8.22059727,2.96274047E-05
23,12,10.8775730,8.22059727,8.95375061,2.96274047E-05
23,13,10.8775730,8.95375061,9.39894867,2.96274047E-05
23,14,10.8775730,9.39894867,9.61929035,2.96274047E-05
23,15,10.8775730,9.61929035,9.68676281,2.96274047E-05
23,16,10.8775730,9.68676281,9.76410103,2.96274047E-05
23,17,10.8775730,9.76410103,10.3329487,2.96274047E-05
23,18,10.8775730,10.3329487,10.7703190,2.96274047E-05
23,19,10.8775730,10.7703190,10.7702971,2.96274047E-05
23,20,10.8775730,10.7702971,10.8775730,2.96274047E-05
24,1,32.7077370,29.6452293,30.5476284,6.85506393E-06
24,2,32.7077370,30.5476284,31.0425644,6.85506393E-06
24,3,32.7077370,31.0425644,31.9088383,6.85506393E-06
24,4,32.7077370,31.9088383,32.7263222,6.85506393E-06
24,5,32.7077370,32.7263222,31.9523411,6.85506393E-06
24,6,32.7077370,31.9523411,30.8953285,6.85506393E-06
24,7,32.7077370,30.8953285,31.1549091,6.85506393E-06
24,8,32.7077370,31.1549091,32.4747810,6.85506393E-06
24,9,32.7077370,32.4747810,32.6339836,6.85506393E-06
24,10,32.7077370,32.6339836,31.5921307,6.85506393E-06
24,11,32.7077370,31.5921307,30.8295784,6.85506393E-06
24,12,32.7077370,30.8295784,30.6029243,6.85506393E-06
24,13,32.7077370,30.6029243,30.9988346,6.85506393E-06
24,14,32.7077370,30.9988346,31.3970451,6.85506393E-06
24,15,32.7077370,31.3970451,31.6303921,6.85506393E-06
24,16,32.7077370,31.6303921,31.8325100,6.85506393E-06
24,17,32.7077370,31.8325100,32.1100159,6.85506393E-06
24,18,32.7077370,32.1100159,32.4308968,6.85506393E-06
24,19,32.7077370,32.4308968,32.6920738,6.85506393E-06
24,20,32.7077370,32.6920738,32.7077370,6.85506393E-06
25,1,52.7223930,49.0795135,48.7249718,1.45402719E-05
25,2,52.7223930,48.7249718,49.2795563,1.45402719E-05
25,3,52.7223930,49.2795563,49.2297668,1.45402719E-05
25,4,52.7223930,49.2297668,49.7560959,1.45402719E-05
25,5,52.7223930,49.7560959,49.2971878,1.45402719E-05
25,6,52.7223930,49.2971878,49.2797928,1.45402719E-05
25,7,52.7223930,49.2797928,50.2440643,1.45402719E-05
25,8,52.7223930,50.2440643,51.1301003,1.45402719E-05
25,9,52.7223930,51.1301003,51.4173965,1.45402719E-05
25,10,52.7223930,51.4173965,50.6370430,1.45402719E-05
25,11,52.7223930,50.6370430,49.2471809,1.45402719E-05
25,12,52.7223930,49.2471809,49.1319275,1.45402719E-05
25,13,52.7223930,49.1319275,49.9362869,1.45402719E-05
25,14,52.7223930,49.9362869,50.9351921,1.45402719E-05
25,15,52.7223930,50.9351921,51.5009995,1.45402719E-05
25,16,52.7223930,51.5009995,51.5990524,1.45402719E-05
25,17,52.7223930,51.5990524,51.9093666,1.45402719E-05
25,18,52.7223930,51.9093666,52.2809830,1.45402719E-05
25,19,52.7223930,52.2809830,51.6547775,1.45402719E-05
25,20,52.7223930,51.6547775,52.7223930,1.45402719E-05
26,1,16.4775028,10.8775730,9.93681812,5.07429149E-06
26,2,16.4775028,9.93681812,10.8477354,5.07429149E-06
26,3,16.4775028,10.8477354,11.2675724,5.07429149E-06
26,4,16.4775028,11.2675724,11.7582436,5.07429149E-06
26,5,16.4775028,11.7582436,11.6402435,5.07429149E-06
26,6,16.4775028,11.6402435,11.6778030,5.07429149E-06
26,7,16.4775028,11.6778030,13.1604881,5.07429149E-06
26,8,16.4775028,13.1604881,13.2643986,5.07429149E-06
26,9,16.4775028,13.2643986,12.5344810,5.07429149E-06
26,10,16.4775028,12.5344810,13.1319103,5.07429149E-06
26,11,16.4775028,13.1319103,14.9479427,5.07429149E-06
26,12,16.4775028,14.9479427,13.8320770,5.07429149E-06
26,13,16.4775028,13.8320770,13.9746504,5.07429149E-06
26,14,16.4775028,13.9746504,14.2146444,5.07429149E-06
26,15,16.4775028,14.2146444,15.2741528,5.07429149E-06
26,16,16.4775028,15.2741528,15.6705990,5.07429149E-06
26,17,16.4775028,15.6705990,15.6119308,5.07429149E-06
26,18,16.4775028,15.6119308,16.3500290,5.07429149E-06
26,19,16.4775028,16.3500290,16.1044846,5.07429149E-06
26,20,16.4775028,16.1044846,16.4775028,5.07429149E-06
27,1,44.8005600,32.7077370,33.8480453,3.94362796E-05
27,2,44.8005600,33.8480453,34.9803009,3.94362796E-05
27,3,44.8005600,34.9803009,36.8018227,3.94362796E-05
27,4,44.8005600,36.8018227,37.9760818,3.94362796E-05
27,5,44.8005600,37.9760818,38.1054573,3.94362796E-05
27,6,44.8005600,38.1054573,37.4144936,3.94362796E-05
27,7,44.8005600,37.4144936,36.4602547,3.94362796E-05
27,8,44.8005600,36.4602547,36.2621346,3.94362796E-05
27,9,44.8005600,36.2621346,36.8924637,3.94362796E-05
27,10,44.8005600,36.8924637,38.8879700,3.94362796E-05
27,11,44.8005600,38.8879700,40.8438072,3.94362796E-05
27,12,44.8005600,40.8438072,41.5983162,3.94362796E-05
27,13,44.8005600,41.5983162,43.0410881,3.94362796E-05
27,14,44.8005600,43.0410881,43.8285217,3.94362796E-05
27,15,44.8005600,43.8285217,47.7230186,3.94362796E-05
27,16,44.8005600,47.7230186,46.5586281,3.94362796E-05
27,17,44.8005600,46.5586281,47.4613991,3.94362796E-05
27,18,44.8005600,47.4613991,47.2440491,3.94362796E-05
27,19,44.8005600,47.2440491,44.3952827,3.94362796E-05
27,20,44.8005600,44.3952827,44.8005600,3.94362796E-05
28,1,91.2417068,52.7223930,54.9746399,2.88140818E-05
28,2,91.2417068,54.9746399,54.8691978,2.88140818E-05
28,3,91.2417068,54.8691978,56.6097717,2.88140818E-05
28,4,91.2417068,56.6097717,59.1127243,2.88140818E-05
28,5,91.2417068,59.1127243,61.9039879,2.88140818E-05
28,6,91.2417068,61.9039879,68.1777954,2.88140818E-05
28,7,91.2417068,68.1777954,64.1123199,2.88140818E-05
28,8,91.2417068,64.1123199,68.7890778,2.88140818E-05
28,9,91.2417068,68.7890778,69.2683716,2.88140818E-05
28,10,91.2417068,69.2683716,70.7126236,2.88140818E-05
28,11,91.2417068,70.7126236,77.5158691,2.88140818E-05
28,12,91.2417068,77.5158691,78.4737549,2.88140818E-05
28,13,91.2417068,78.4737549,78.2658234,2.88140818E-05
28,14,91.2417068,78.2658234,80.9956360,2.88140818E-05
28,15,91.2417068,80.9956360,78.4498825,2.88140818E-05
28,16,91.2417068,78.4498825,84.6117859,2.88140818E-05
28,17,91.2417068,84.6117859,91.4046860,2.88140818E-05
28,18,91.2417068,91.4046860,93.1859894,2.88140818E-05
28,19,91.2417068,93.1859894,88.2293167,2.88140818E-05
28,20,91.2417068,88.2293167,91.2417068,2.88140818E-05
29,1,17.6517391,18.1045647,18.1035404,5.90076206E-06
29,2,17.6517391,18.1035404,18.0530033,5.90076206E-06
29,3,17.6517391,18.0530033,17.9450302,5.90076206E-06
29,4,17.6517391,17.9450302,18.3975067,5.90076206E-06
29,5,17.6517391,18.3975067,19.0347271,5.90076206E-06
29,6,17.6517391,19.0347271,19.5424976,5.90076206E-06
29,7,17.6517391,19.5424976,19.0376377,5.90076206E-06
29,8,17.6517391,19.0376377,19.0455513,5.90076206E-06
29,9,17.6517391,19.0455513,19.5019894,5.90076206E-06
29,10,17.6517391,19.5019894,19.7177525,5.90076206E-06
29,11,17.6517391,19.7177525,20.7168179,5.90076206E-06
29,12,17.6517391,20.7168179,20.3874340,5.90076206E-06
29,13,17.6517391,20.3874340,21.5778542,5.90076206E-06
29,14,17.6517391,21.5778542,22.4785156,5.90076206E-06
29,15,17.6517391,22.4785156,21.7151470,5.90076206E-06
29,16,17.6517391,21.7151470,21.2104797,5.90076206E-06
29,17,17.6517391,21.2104797,20.9403629,5.90076206E-06
29,18,17.6517391,20.9403629,20.2033768,5.90076206E-06
29,19,17.6517391,20.2033768,18.7486877,5.90076206E-06
29,20,17.6517391,18.7486877,17.6517391,5.90076206E-06
30,1,59.6191368,44.8005600,50.0936317,1.23412283E-05
30,2,59.6191368,50.0936317,47.7405815,1.23412283E-05
30,3,59.6191368,47.7405815,47.1440392,1.23412283E-05
30,4,59.6191368,47.1440392,49.5514641,1.23412283E-05
30,5,59.6191368,49.5514641,50.6339340,1.23412283E-05
30,6,59.6191368,50.6339340,55.0176620,1.23412283E-05
30,7,59.6191368,55.0176620,52.6664200,1.23412283E-05
30,8,59.6191368,52.6664200,47.3274155,1.23412283E-05
30,9,59.6191368,47.3274155,49.9872742,1.23412283E-05
30,10,59.6191368,49.9872742,49.6647034,1.23412283E-05
30,11,59.6191368,49.6647034,49.1597328,1.23412283E-05
30,12,59.6191368,49.1597328,52.5828018,1.23412283E-05
30,13,59.6191368,52.5828018,58.9572334,1.23412283E-05
30,14,59.6191368,58.9572334,57.8485756,1.23412283E-05
30,15,59.6191368,57.8485756,55.7033195,1.23412283E-05
30,16,59.6191368,55.7033195,49.8139420,1.23412283E-05
30,17,59.6191368,49.8139420,49.8421707,1.23412283E-05
30,18,59.6191368,49.8421707,54.6841888,1.23412283E-05
30,19,59.6191368,54.6841888,56.6371498,1.23412283E-05
30,20,59.6191368,56.6371498,59.6191368,1.23412283E-05
31,1,107.539581,98.6944962,98.6922073,4.43497311E-06
31,2,107.539581,98.6922073,98.2969894,4.43497311E-06
31,3,107.539581,98.2969894,99.0735397,4.43497311E-06
31,4,107.539581,99.0735397,97.6039276,4.43497311E-06
31,5,107.539581,97.6039276,104.967697,4.43497311E-06
31,6,107.539581,104.967697,103.762550,4.43497311E-06
31,7,107.539581,103.762550,102.897514,4.43497311E-06
31,8,107.539581,102.897514,103.305847,4.43497311E-06
31,9,107.539581,103.305847,104.379066,4.43497311E-06
31,10,107.539581,104.379066,99.8661270,4.43497311E-06
31,11,107.539581,99.8661270,97.8365173,4.43497311E-06
31,12,107.539581,97.8365173,103.791130,4.43497311E-06
31,13,107.539581,103.791130,105.560097,4.43497311E-06
31,14,107.539581,105.560097,101.172112,4.43497311E-06
31,15,107.539581,101.172112,97.8271408,4.43497311E-06
31,16,107.539581,97.8271408,101.764153,4.43497311E-06
31,17,107.539581,101.764153,103.826096,4.43497311E-06
31,18,107.539581,103.826096,109.010536,4.43497311E-06
31,19,107.539581,109.010536,108.679184,4.43497311E-06
31,20,107.539581,108.679184,107.539581,4.43497311E-06
32,1,1449.30945,124.514160,147.450089,5.46784258E-06
32,2,1449.30945,147.450089,180.124847,5.46784258E-06
32,3,1449.30945,180.124847,219.990097,5.46784258E-06
32,4,1449.30945,219.990097,279.966064,5.46784258E-06
32,5,1449.30945,279.966064,377.155853,5.46784258E-06
32,6,1449.30945,377.155853,527.502747,5.46784258E-06
32,7,1449.30945,527.502747,739.652405,5.46784258E-06
32,8,1449.30945,739.652405,1010.18365,5.46784258E-06
32,9,1449.30945,1010.18365,1319.11389,5.46784258E-06
32,10,1449.30945,1319.11389,1628.77966,5.46784258E-06
32,11,1449.30945,1628.77966,1891.05627,5.46784258E-06
32,12,1449.30945,1891.05627,2063.15161,5.46784258E-06
32,13,1449.30945,2063.15161,2124.36401,5.46784258E-06
32,14,1449.30945,2124.36401,2083.51880,5.46784258E-06
32,15,1449.30945,2083.51880,1972.73352,5.46784258E-06
32,16,1449.30945,1972.73352,1832.23792,5.46784258E-06
32,17,1449.30945,1832.23792,1695.62122,5.46784258E-06
32,18,1449.30945,1695.62122,1582.55627,5.46784258E-06
32,19,1449.30945,1582.55627,1500.15149,5.46784258E-06
32,20,1449.30945,1500.15149,1449.30945,5.46784258E-06
33,1,124.689903,116.766609,114.433434,4.10796274E-05
33,2,124.689903,114.433434,113.777832,4.10796274E-05
33,3,124.689903,113.777832,110.224388,4.10796274E-05
33,4,124.689903,110.224388,107.765358,4.10796274E-05
33,5,124.689903,107.765358,110.291008,4.10796274E-05
33,6,124.689903,110.291008,113.223686,4.10796274E-05
33,7,124.689903,113.223686,112.370895,4.10796274E-05
33,8,124.689903,112.370895,114.671494,4.10796274E-05
33,9,124.689903,114.671494,115.419952,4.10796274E-05
33,10,124.689903,115.419952,119.422104,4.10796274E-05
33,11,124.689903,119.422104,116.157875,4.10796274E-05
33,12,124.689903,116.157875,117.130333,4.10796274E-05
33,13,124.689903,117.130333,112.471489,4.10796274E-05
33,14,124.689903,112.471489,114.836304,4.10796274E-05
33,15,124.689903,114.836304,115.035553,4.10796274E-05
33,16,124.689903,115.035553,115.089470,4.10796274E-05
33,17,124.689903,115.089470,121.053772,4.10796274E-05
33,18,124.689903,121.053772,123.127991,4.10796274E-05
33,19,124.689903,123.127991,121.500740,4.10796274E-05
33,20,124.689903,121.500740,124.689903,4.10796274E-05
34,1,1636.93665,1449.30945,1442.64636,3.76188268E-06
34,2,1636.93665,1442.64636,1437.33154,3.76188268E-06
34,3,1636.93665,1437.33154,1433.39771,3.76188268E-06
34,4,1636.93665,1433.39771,1430.88757,3.76188268E-06
34,5,1636.93665,1430.88757,1429.85291,3.76188268E-06
34,6,1636.93665,1429.85291,1430.35339,3.76188268E-06
34,7,1636.93665,1430.35339,1432.45557,3.76188268E-06
34,8,1636.93665,1432.45557,1436.23132,3.76188268E-06
34,9,1636.93665,1436.23132,1441.75598,3.76188268E-06
34,10,1636.93665,1441.75598,1449.10632,3.76188268E-06
34,11,1636.93665,1449.10632,1458.35901,3.76188268E-06
34,12,1636.93665,1458.35901,1469.58752,3.76188268E-06
34,13,1636.93665,1469.58752,1482.86121,3.76188268E-06
34,14,1636.93665,1482.86121,1498.24231,3.76188268E-06
34,15,1636.93665,1498.24231,1515.78455,3.76188268E-06
34,16,1636.93665,1515.78455,1535.53052,3.76188268E-06
34,17,1636.93665,1535.53052,1557.51062,3.76188268E-06
34,18,1636.93665,1557.51062,1581.74084,3.76188268E-06
34,19,1636.93665,1581.74084,1608.22168,3.76188268E-06
34,20,1636.93665,1608.22168,1636.93665,3.76188268E-06
35,1,1645.62549,1636.93665,1637.32556,1.06826832E-04
35,2,1645.62549,1637.32556,1637.70581,1.06826832E-04
35,3,1645.62549,1637.70581,1638.12732,1.06826832E-04
35,4,1645.62549,1638.12732,1638.59082,1.06826832E-04
35,5,1645.62549,1638.59082,1639.05957,1.06826832E-04
35,6,1645.62549,1639.05957,1639.51465,1.06826832E-04
35,7,1645.62549,1639.51465,1640.00146,1.06826832E-04
35,8,1645.62549,1640.00146,1640.46985,1.06826832E-04
35,9,1645.62549,1640.46985,1640.82336,1.06826832E-04
35,10,1645.62549,1640.82336,1641.06274,1.06826832E-04
35,11,1645.62549,1641.06274,1641.29712,1.06826832E-04
35,12,1645.62549,1641.29712,1641.57080,1.06826832E-04
35,13,1645.62549,1641.57080,1641.87256,1.06826832E-04
35,14,1645.62549,1641.87256,1642.26245,1.06826832E-04
35,15,1645.62549,1642.26245,1642.77722,1.06826832E-04
35,16,1645.62549,1642.77722,1643.39392,1.06826832E-04
35,17,1645.62549,1643.39392,1644.04614,1.06826832E-04
35,18,1645.62549,1644.04614,1644.69080,1.06826832E-04
35,19,1645.62549,1644.69080,1645.25305,1.06826832E-04
35,20,1645.62549,1645.25305,1645.62549,1.06826832E-04
36,1,4527.97900,1736.86719,1818.35938,7.13009067E-05
36,2,4527.97900,1818.35938,1906.86292,7.13009067E-05
36,3,4527.97900,1906.86292,2001.55945,7.13009067E-05
36,4,4527.97900,2001.55945,2101.92578,7.13009067E-05
36,5,4527.97900,2101.92578,2207.80786,7.13009067E-05
36,6,4527.97900,2207.80786,2319.40137,7.13009067E-05
36,7,4527.97900,2319.40137,2437.17383,7.13009067E-05
36,8,4527.97900,2437.17383,2561.75586,7.13009067E-05
36,9,4527.97900,2561.75586,2693.81982,7.13009067E-05
36,10,4527.97900,2693.81982,2833.93945,7.13009067E-05
36,11,4527.97900,2833.93945,2982.45361,7.13009067E-05
36,12,4527.97900,2982.45361,3139.33691,7.13009067E-05
36,13,4527.97900,3139.33691,3304.09473,7.13009067E-05
36,14,4527.97900,3304.09473,3475.69385,7.13009067E-05
36,15,4527.97900,3475.69385,3652.53809,7.13009067E-05
36,16,4527.97900,3652.53809,3832.50146,7.13009067E-05
36,17,4527.97900,3832.50146,4013.00366,7.13009067E-05
36,18,4527.97900,4013.00366,4191.13721,7.13009067E-05
36,19,4527.97900,4191.13721,4363.82227,7.13009067E-05
36,20,4527.97900,4363.82227,4527.97900,7.13009067E-05
37,1,4392.95264,4527.97900,4745.80566,2.88608953E-06
37,2,4392.95264,4745.80566,4934.47070,2.88608953E-06
37,3,4392.95264,4934.47070,5087.47754,2.88608953E-06
37,4,4392.95264,5087.47754,5200.60791,2.88608953E-06
37,5,4392.95264,5200.60791,5272.21240,2.88608953E-06
37,6,4392.95264,5272.21240,5303.16064,2.88608953E-06
37,7,4392.95264,5303.16064,5296.51416,2.88608953E-06
37,8,4392.95264,5296.51416,5257.00439,2.88608953E-06
37,9,4392.95264,5257.00439,5190.44971,2.88608953E-06
37,10,4392.95264,5190.44971,5103.21729,2.88608953E-06
37,11,4392.95264,5103.21729,5001.80176,2.88608953E-06
37,12,4392.95264,5001.80176,4892.55811,2.88608953E-06
37,13,4392.95264,4892.55811,4781.57227,2.88608953E-06
37,14,4392.95264,4781.57227,4674.61768,2.88608953E-06
37,15,4392.95264,4674.61768,4577.15283,2.88608953E-06
37,16,4392.95264,4577.15283,4494.29150,2.88608953E-06
37,17,4392.95264,4494.29150,4430.72314,2.88608953E-06
37,18,4392.95264,4430.72314,4390.56934,2.88608953E-06
37,19,4392.95264,4390.56934,4377.18701,2.88608953E-06
37,20,4392.95264,4377.18701,4392.95264,2.88608953E-06
38,1,4587.14844,4392.95264,4483.59424,4.21379173E-06
38,2,4587.14844,4483.59424,4665.58105,4.21379173E-06
38,3,4587.14844,4665.58105,4926.38184,4.21379173E-06
38,4,4587.14844,4926.38184,5241.03711,4.21379173E-06
38,5,4587.14844,5241.03711,5575.22900,4.21379173E-06
38,6,4587.14844,5575.22900,5890.36865,4.21379173E-06
38,7,4587.14844,5890.36865,6149.57715,4.21379173E-06
38,8,4587.14844,6149.57715,6323.27734,4.21379173E-06
38,9,4587.14844,6323.27734,6393.27441,4.21379173E-06
38,10,4587.14844,6393.27441,6354.75537,4.21379173E-06
38,11,4587.14844,6354.75537,6216.06250,4.21379173E-06
38,12,4587.14844,6216.06250,5996.61279,4.21379173E-06
38,13,4587.14844,5996.61279,5723.56738,4.21379173E-06
38,14,4587.14844,5723.56738,5427.94727,4.21379173E-06
38,15,4587.14844,5427.94727,5140.83740,4.21379173E-06
38,16,4587.14844,5140.83740,4890.13623,4.21379173E-06
38,17,4587.14844,4890.13623,4698.12549,4.21379173E-06
38,18,4587.14844,4698.12549,4579.95752,4.21379173E-06
38,19,4587.14844,4579.95752,4543.02979,4.21379173E-06
38,20,4587.14844,4543.02979,4587.14844,4.21379173E-06
39,1,6212.65283,4587.14844,4674.79492,1.38268706E-06
39,2,6212.65283,4674.79492,4800.15381,1.38268706E-06
39,3,6212.65283,4800.15381,4955.91260,1.38268706E-06
39,4,6212.65283,4955.91260,5133.77637,1.38268706E-06
39,5,6212.65283,5133.77637,5324.93213,1.38268706E-06
39,6,6212.65283,5324.93213,5520.48975,1.38268706E-06
39,7,6212.65283,5520.48975,5711.91064,1.38268706E-06
39,8,6212.65283,5711.91064,5891.39258,1.38268706E-06
39,9,6212.65283,5891.39258,6052.20312,1.38268706E-06
39,10,6212.65283,6052.20312,6188.96143,1.38268706E-06
39,11,6212.65283,6188.96143,6297.84619,1.38268706E-06
39,12,6212.65283,6297.84619,6376.73438,1.38268706E-06
39,13,6212.65283,6376.73438,6425.26367,1.38268706E-06
39,14,6212.65283,6425.26367,6444.81104,1.38268706E-06
39,15,6212.65283,6444.81104,6438.39844,1.38268706E-06
39,16,6212.65283,6438.39844,6410.53223,1.38268706E-06
39,17,6212.65283,6410.53223,6366.98096,1.38268706E-06
39,18,6212.65283,6366.98096,6314.49219,1.38268706E-06
39,19,6212.65283,6314.49219,6260.47656,1.38268706E-06
39,20,6212.65283,6260.47656,6212.65283,1.38268706E-06
40,1,6362.62646,6212.65283,6202.15234,1.02044600E-04
40,2,6362.62646,6202.15234,6192.76562,1.02044600E-04
40,3,6362.62646,6192.76562,6184.63867,1.02044600E-04
40,4,6362.62646,6184.63867,6177.91504,1.02044600E-04
40,5,6362.62646,6177.91504,6172.73340,1.02044600E-04
40,6,6362.62646,6172.73340,6169.23145,1.02044600E-04
40,7,6362.62646,6169.23145,6167.54004,1.02044600E-04
40,8,6362.62646,6167.54004,6167.78516,1.02044600E-04
40,9,6362.62646,6167.78516,6170.09277,1.02044600E-04
40,10,6362.62646,6170.09277,6174.58203,1.02044600E-04
40,11,6362.62646,6174.58203,6181.36768,1.02044600E-04
40,12,6362.62646,6181.36768,6190.56152,1.02044600E-04
40,13,6362.62646,6190.56152,6202.27051,1.02044600E-04
40,14,6362.62646,6202.27051,6216.59766,1.02044600E-04
40,15,6362.62646,6216.59766,6233.63916,1.02044600E-04
40,16,6362.62646,6233.63916,6253.48926,1.02044600E-04
40,17,6362.62646,6253.48926,6276.23438,1.02044600E-04
40,18,6362.62646,6276.23438,6301.95703,1.02044600E-04
40,19,6362.62646,6301.95703,6330.73145,1.02044600E-04
40,20,6362.62646,6330.73145,6362.62646,1.02044600E-04
41,1,7560.34863,6362.62646,6395.04150,2.16920898E-06
41,2,7560.34863,6395.04150,6430.33496,2.16920898E-06
41,3,7560.34863,6430.33496,6468.54639,2.16920898E-06
41,4,7560.34863,6468.54639,6509.71094,2.16920898E-06
41,5,7560.34863,6509.71094,6553.85352,2.16920898E-06
41,6,7560.34863,6553.85352,6600.99414,2.16920898E-06
41,7,7560.34863,6600.99414,6651.14209,2.16920898E-06
41,8,7560.34863,6651.14209,6704.30078,2.16920898E-06
41,9,7560.34863,6704.30078,6760.45801,2.16920898E-06
41,10,7560.34863,6760.45801,6819.59375,2.16920898E-06
41,11,7560.34863,6819.59375,6881.67432,2.16920898E-06
41,12,7560.34863,6881.67432,6946.65137,2.16920898E-06
41,13,7560.34863,6946.65137,7014.46680,2.16920898E-06
41,14,7560.34863,7014.46680,7085.04346,2.16920898E-06
41,15,7560.34863,7085.04346,7158.29102,2.16920898E-06
41,16,7560.34863,7158.29102,7234.10449,2.16920898E-06
41,17,7560.34863,7234.10449,7312.36230,2.16920898E-06
41,18,7560.34863,7312.36230,7392.92676,2.16920898E-06
41,19,7560.34863,7392.92676,7475.64551,2.16920898E-06
41,20,7560.34863,7475.64551,7560.34863,2.16920898E-06
42,1,8561.11133,7560.34863,7607.71094,1.06847083E-05
42,2,8561.11133,7607.71094,7655.58057,1.06847083E-05
42,3,8561.11133,7655.58057,7703.92480,1.06847083E-05
42,4,8561.11133,7703.92480,7752.70898,1.06847083E-05
42,5,8561.11133,7752.70898,7801.89648,1.06847083E-05
42,6,8561.11133,7801.89648,7851.45068,1.06847083E-05
42,7,8561.11133,7851.45068,7901.33350,1.06847083E-05
42,8,8561.11133,7901.33350,7951.50537,1.06847083E-05
42,9,8561.11133,7951.50537,8001.92822,1.06847083E-05
42,10,8561.11133,8001.92822,8052.56006,1.06847083E-05
42,11,8561.11133,8052.56006,8103.36035,1.06847083E-05
42,12,8561.11133,8103.36035,8154.28711,1.06847083E-05
42,13,8561.11133,8154.28711,8205.29785,1.06847083E-05
42,14,8561.11133,8205.29785,8256.34961,1.06847083E-05
42,15,8561.11133,8256.34961,8307.40039,1.06847083E-05
42,16,8561.11133,8307.40039,8358.40527,1.06847083E-05
42,17,8561.11133,8358.40527,8409.32227,1.06847083E-05
42,18,8561.11133,8409.32227,8460.10742,1.06847083E-05
42,19,8561.11133,8460.10742,8510.71875,1.06847083E-05
42,20,8561.11133,8510.71875,8561.11133,1.06847083E-05
43,1,8619.28320,8561.11133,8855.09668,2.31964914E-05
43,2,8619.28320,8855.09668,9126.76855,2.31964914E-05
43,3,8619.28320,9126.76855,9369.41211,2.31964914E-05
43,4,8619.28320,9369.41211,9578.02246,2.31964914E-05
43,5,8619.28320,9578.02246,9749.30859,2.31964914E-05
43,6,8619.28320,9749.30859,9881.55957,2.31964914E-05
43,7,8619.28320,9881.55957,9974.41016,2.31964914E-05
43,8,8619.28320,9974.41016,10028.5879,2.31964914E-05
43,9,8619.28320,10028.5879,10045.6660,2.31964914E-05
43,10,8619.28320,10045.6660,10027.8643,2.31964914E-05
43,11,8619.28320,10027.8643,9977.87500,2.31964914E-05
43,12,8619.28320,9977.87500,9898.73535,2.31964914E-05
43,13,8619.28320,9898.73535,9793.72168,2.31964914E-05
43,14,8619.28320,9793.72168,9666.26270,2.31964914E-05
43,15,8619.28320,9666.26270,9519.83984,2.31964914E-05
43,16,8619.28320,9519.83984,9357.91895,2.31964914E-05
43,17,8619.28320,9357.91895,9183.86230,2.31964914E-05
43,18,8619.28320,9183.86230,9000.83984,2.31964914E-05
43,19,8619.28320,9000.83984,8811.77539,2.31964914E-05
43,20,8619.28320,8811.77539,8619.28320,2.31964914E-05
44,1,7832.51660,8619.28320,8579.58984,7.20805183E-05
44,2,7832.51660,8579.58984,8539.83203,7.20805183E-05
44,3,7832.51660,8539.83203,8500.03125,7.20805183E-05
44,4,7832.51660,8500.03125,8460.20410,7.20805183E-05
44,5,7832.51660,8460.20410,8420.36914,7.20805183E-05
44,6,7832.51660,8420.36914,8380.54590,7.20805183E-05
44,7,7832.51660,8380.54590,8340.74805,7.20805183E-05
44,8,7832.51660,8340.74805,8300.99219,7.20805183E-05
44,9,7832.51660,8300.99219,8261.29590,7.20805183E-05
44,10,7832.51660,8261.29590,8221.67383,7.20805183E-05
44,11,7832.51660,8221.67383,8182.13916,7.20805183E-05
44,12,7832.51660,8182.13916,8142.70752,7.20805183E-05
44,13,7832.51660,8142.70752,8103.39062,7.20805183E-05
44,14,7832.51660,8103.39062,8064.20410,7.20805183E-05
44,15,7832.51660,8064.20410,8025.16016,7.20805183E-05
44,16,7832.51660,8025.16016,7986.27148,7.20805183E-05
44,17,7832.51660,7986.27148,7947.55078,7.20805183E-05
44,18,7832.51660,7947.55078,7909.00977,7.20805183E-05
44,19,7832.51660,7909.00977,7870.66113,7.20805183E-05
44,20,7832.51660,7870.66113,7832.51660,7.20805183E-05
45,1,6404.23633,7832.51660,7738.52637,3.59338410E-05
45,2,6404.23633,7738.52637,7646.07471,3.59338410E-05
45,3,6404.23633,7646.07471,7555.33740,3.59338410E-05
45,4,6404.23633,7555.33740,7466.48877,3.59338410E-05
45,5,6404.23633,7466.48877,7379.69922,3.59338410E-05
45,6,6404.23633,7379.69922,7295.13525,3.59338410E-05
45,7,6404.23633,7295.13525,7212.95557,3.59338410E-05
45,8,6404.23633,7212.95557,7133.30762,3.59338410E-05
45,9,6404.23633,7133.30762,7056.32715,3.59338410E-05
45,10,6404.23633,7056.32715,6982.13330,3.59338410E-05
45,11,6404.23633,6982.13330,6910.82666,3.59338410E-05
45,12,6404.23633,6910.82666,6842.48779,3.59338410E-05
45,13,6404.23633,6842.48779,6777.17236,3.59338410E-05
45,14,6404.23633,6777.17236,6714.91016,3.59338410E-05
45,15,6404.23633,6714.91016,6655.70801,3.59338410E-05
45,16,6404.23633,6655.70801,6599.54639,3.59338410E-05
45,17,6404.23633,6599.54639,6546.38623,3.59338410E-05
45,18,6404.23633,6546.38623,6496.16748,3.59338410E-05
45,19,6404.23633,6496.16748,6448.81299,3.59338410E-05
45,20,6404.23633,6448.81299,6404.23633,3.59338410E-05
46,1,6218.26807,6404.23633,6392.81445,2.81901303E-04
46,2,6218.26807,6392.81445,6381.63281,2.81901303E-04
46,3,6218.26807,6381.63281,6370.68799,2.81901303E-04
46,4,6218.26807,6370.68799,6359.97656,2.81901303E-04
46,5,6218.26807,6359.97656,6349.49561,2.81901303E-04
46,6,6218.26807,6349.49561,6339.24023,2.81901303E-04
46,7,6218.26807,6339.24023,6329.20898,2.81901303E-04
46,8,6218.26807,6329.20898,6319.39746,2.81901303E-04
46,9,6218.26807,6319.39746,6309.80371,2.81901303E-04
46,10,6218.26807,6309.80371,6300.42529,2.81901303E-04
46,11,6218.26807,6300.42529,6291.25928,2.81901303E-04
46,12,6218.26807,6291.25928,6282.30469,2.81901303E-04
46,13,6218.26807,6282.30469,6273.56006,2.81901303E-04
46,14,6218.26807,6273.56006,6265.02588,2.81901303E-04
46,15,6218.26807,6265.02588,6256.70117,2.81901303E-04
46,16,6218.26807,6256.70117,6248.58691,2.81901303E-04
46,17,6218.26807,6248.58691,6240.68408,2.81901303E-04
46,18,6218.26807,6240.68408,6232.99512,2.81901303E-04
46,19,6218.26807,6232.99512,6225.52148,2.81901303E-04
46,20,6218.26807,6225.52148,6218.26807,2.81901303E-04
47,1,6260.90332,6249.57910,6249.93408,7.76742745E-05
47,2,6260.90332,6249.93408,6250.19434,7.76742745E-05
47,3,6260.90332,6250.19434,6250.86279,7.76742745E-05
47,4,6260.90332,6250.86279,6251.25977,7.76742745E-05
47,5,6260.90332,6251.25977,6251.66650,7.76742745E-05
47,6,6260.90332,6251.66650,6252.91748,7.76742745E-05
47,7,6260.90332,6252.91748,6254.00781,7.76742745E-05
47,8,6260.90332,6254.00781,6254.66748,7.76742745E-05
47,9,6260.90332,6254.66748,6254.57422,7.76742745E-05
47,10,6260.90332,6254.57422,6255.16016,7.76742745E-05
47,11,6260.90332,6255.16016,6255.60254,7.76742745E-05
47,12,6260.90332,6255.60254,6256.89355,7.76742745E-05
47,13,6260.90332,6256.89355,6257.25049,7.76742745E-05
47,14,6260.90332,6257.25049,6256.89160,7.76742745E-05
47,15,6260.90332,6256.89160,6255.58496,7.76742745E-05
47,16,6260.90332,6255.58496,6255.05713,7.76742745E-05
47,17,6260.90332,6255.05713,6256.70166,7.76742745E-05
47,18,6260.90332,6256.70166,6258.67822,7.76742745E-05
47,19,6260.90332,6258.67822,6260.30811,7.76742745E-05
47,20,6260.90332,6260.30811,6260.90332,7.76742745E-05
48,1,6294.50342,6260.90332,6261.47168,1.25952152E-04
48,2,6294.50342,6261.47168,6263.75049,1.25952152E-04
48,3,6294.50342,6263.75049,6265.28662,1.25952152E-04
48,4,6294.50342,6265.28662,6266.73779,1.25952152E-04
48,5,6294.50342,6266.73779,6269.52539,1.25952152E-04
48,6,6294.50342,6269.52539,6272.19824,1.25952152E-04
48,7,6294.50342,6272.19824,6273.88965,1.25952152E-04
48,8,6294.50342,6273.88965,6275.65625,1.25952152E-04
48,9,6294.50342,6275.65625,6279.02979,1.25952152E-04
48,10,6294.50342,6279.02979,6280.12402,1.25952152E-04
48,11,6294.50342,6280.12402,6281.29346,1.25952152E-04
48,12,6294.50342,6281.29346,6281.92822,1.25952152E-04
48,13,6294.50342,6281.92822,6282.28711,1.25952152E-04
48,14,6294.50342,6282.28711,6281.66943,1.25952152E-04
48,15,6294.50342,6281.66943,6283.51270,1.25952152E-04
48,16,6294.50342,6283.51270,6287.68848,1.25952152E-04
48,17,6294.50342,6287.68848,6290.99121,1.25952152E-04
48,18,6294.50342,6290.99121,6292.32275,1.25952152E-04
48,19,6294.50342,6292.32275,6292.46924,1.25952152E-04
48,20,6294.50342,6292.46924,6294.50342,1.25952152E-04
49,1,6294.21436,6294.50342,6295.14258,6.21158279E-06
49,2,6294.21436,6295.14258,6295.82275,6.21158279E-06
49,3,6294.21436,6295.82275,6296.12256,6.21158279E-06
49,4,6294.21436,6296.12256,6295.93750,6.21158279E-06
49,5,6294.21436,6295.93750,6297.20117,6.21158279E-06
49,6,6294.21436,6297.20117,6298.25195,6.21158279E-06
49,7,6294.21436,6298.25195,6299.05859,6.21158279E-06
49,8,6294.21436,6299.05859,6298.23828,6.21158279E-06
49,9,6294.21436,6298.23828,6297.52246,6.21158279E-06
49,10,6294.21436,6297.52246,6297.99365,6.21158279E-06
49,11,6294.21436,6297.99365,6297.44189,6.21158279E-06
49,12,6294.21436,6297.44189,6297.18018,6.21158279E-06
49,13,6294.21436,6297.18018,6297.49561,6.21158279E-06
49,14,6294.21436,6297.49561,6296.64111,6.21158279E-06
49,15,6294.21436,6296.64111,6295.05713,6.21158279E-06
49,16,6294.21436,6295.05713,6294.21045,6.21158279E-06
49,17,6294.21436,6294.21045,6295.55322,6.21158279E-06
49,18,6294.21436,6295.55322,6295.74756,6.21158279E-06
49,19,6294.21436,6295.74756,6295.01367,6.21158279E-06
49,20,6294.21436,6295.01367,6294.21436,6.21158279E-06
50,1,6432.33545,6418.90430,6422.28369,6.68808643E-05
50,2,6432.33545,6422.28369,6418.19775,6.68808643E-05
50,3,6432.33545,6418.19775,6415.94922,6.68808643E-05
50,4,6432.33545,6415.94922,6418.49121,6.68808643E-05
50,5,6432.33545,6418.49121,6424.02832,6.68808643E-05
50,6,6432.33545,6424.02832,6423.13330,6.68808643E-05
50,7,6432.33545,6423.13330,6420.15039,6.68808643E-05
50,8,6432.33545,6420.15039,6415.87354,6.68808643E-05
50,9,6432.33545,6415.87354,6418.31592,6.68808643E-05
50,10,6432.33545,6418.31592,6414.46973,6.68808643E-05
50,11,6432.33545,6414.46973,6419.51367,6.68808643E-05
50,12,6432.33545,6419.51367,6418.28174,6.68808643E-05
50,13,6432.33545,6418.28174,6425.29932,6.68808643E-05
50,14,6432.33545,6425.29932,6425.67383,6.68808643E-05
50,15,6432.33545,6425.67383,6425.16064,6.68808643E-05
50,16,6432.33545,6425.16064,6425.95654,6.68808643E-05
50,17,6432.33545,6425.95654,6427.48340,6.68808643E-05
50,18,6432.33545,6427.48340,6433.29590,6.68808643E-05
50,19,6432.33545,6433.29590,6438.18213,6.68808643E-05
50,20,6432.33545,6438.18213,6432.33545,6.68808643E-05
51,1,6446.20068,6432.33545,6428.16357,1.19045053E-05
51,2,6446.20068,6428.16357,6425.08057,1.19045053E-05
51,3,6446.20068,6425.08057,6422.91748,1.19045053E-05
51,4,6446.20068,6422.91748,6424.96924,1.19045053E-05
51,5,6446.20068,6424.96924,6423.74951,1.19045053E-05
51,6,6446.20068,6423.74951,6427.87793,1.19045053E-05
51,7,6446.20068,6427.87793,6427.47900,1.19045053E-05
51,8,6446.20068,6427.47900,6431.63867,1.19045053E-05
51,9,6446.20068,6431.63867,6436.43018,1.19045053E-05
51,10,6446.20068,6436.43018,6439.04590,1.19045053E-05
51,11,6446.20068,6439.04590,6443.74316,1.19045053E-05
51,12,6446.20068,6443.74316,6440.91357,1.19045053E-05
51,13,6446.20068,6440.91357,6440.79199,1.19045053E-05
51,14,6446.20068,6440.79199,6435.68799,1.19045053E-05
51,15,6446.20068,6435.68799,6431.70020,1.19045053E-05
51,16,6446.20068,6431.70020,6429.06201,1.19045053E-05
51,17,6446.20068,6429.06201,6431.83447,1.19045053E-05
51,18,6446.20068,6431.83447,6438.61816,1.19045053E-05
51,19,6446.20068,6438.61816,6446.31836,1.19045053E-05
51,20,6446.20068,6446.31836,6446.20068,1.19045053E-05
52,1,6537.52441,6525.71973,6519.77100,5.35317986E-06
52,2,6537.52441,6519.77100,6510.77246,5.35317986E-06
52,3,6537.52441,6510.77246,6502.04834,5.35317986E-06
52,4,6537.52441,6502.04834,6496.64258,5.35317986E-06
52,5,6537.52441,6496.64258,6493.62061,5.35317986E-06
52,6,6537.52441,6493.62061,6493.47998,5.35317986E-06
52,7,6537.52441,6493.47998,6496.17334,5.35317986E-06
52,8,6537.52441,6496.17334,6501.63770,5.35317986E-06
52,9,6537.52441,6501.63770,6502.60889,5.35317986E-06
52,10,6537.52441,6502.60889,6502.13770,5.35317986E-06
52,11,6537.52441,6502.13770,6506.01855,5.35317986E-06
52,12,6537.52441,6506.01855,6511.83398,5.35317986E-06
52,13,6537.52441,6511.83398,6516.08936,5.35317986E-06
52,14,6537.52441,6516.08936,6532.77832,5.35317986E-06
52,15,6537.52441,6532.77832,6526.39062,5.35317986E-06
52,16,6537.52441,6526.39062,6530.19531,5.35317986E-06
52,17,6537.52441,6530.19531,6529.40332,5.35317986E-06
52,18,6537.52441,6529.40332,6524.61621,5.35317986E-06
52,19,6537.52441,6524.61621,6528.60840,5.35317986E-06
52,20,6537.52441,6528.60840,6537.52441,5.35317986E-06
53,1,6543.31494,6537.52441,6536.14697,2.29861049E-04
53,2,6543.31494,6536.14697,6541.09766,2.29861049E-04
53,3,6543.31494,6541.09766,6535.79395,2.29861049E-04
53,4,6543.31494,6535.79395,6535.36035,2.29861049E-04
53,5,6543.31494,6535.36035,6536.01172,2.29861049E-04
53,6,6543.31494,6536.01172,6538.32520,2.29861049E-04
53,7,6543.31494,6538.32520,6540.46973,2.29861049E-04
53,8,6543.31494,6540.46973,6540.17383,2.29861049E-04
53,9,6543.31494,6540.17383,6537.81738,2.29861049E-04
53,10,6543.31494,6537.81738,6537.57227,2.29861049E-04
53,11,6543.31494,6537.57227,6535.33203,2.29861049E-04
53,12,6543.31494,6535.33203,6537.08301,2.29861049E-04
53,13,6543.31494,6537.08301,6540.13428,2.29861049E-04
53,14,6543.31494,6540.13428,6542.35059,2.29861049E-04
53,15,6543.31494,6542.35059,6543.81299,2.29861049E-04
53,16,6543.31494,6543.81299,6543.32129,2.29861049E-04
53,17,6543.31494,6543.32129,6540.86523,2.29861049E-04
53,18,6543.31494,6540.86523,6540.11963,2.29861049E-04
53,19,6543.31494,6540.11963,6541.53125,2.29861049E-04
53,20,6543.31494,6541.53125,6543.31494,2.29861049E-04
54,1,6497.17432,6543.31494,6541.88770,5.90075933E-06
54,2,6497.17432,6541.88770,6537.37207,5.90075933E-06
54,3,6497.17432,6537.37207,6529.50049,5.90075933E-06
54,4,6497.17432,6529.50049,6526.09814,5.90075933E-06
54,5,6497.17432,6526.09814,6521.81543,5.90075933E-06
54,6,6497.17432,6521.81543,6514.41797,5.90075933E-06
54,7,6497.17432,6514.41797,6513.23828,5.90075933E-06
54,8,6497.17432,6513.23828,6520.12158,5.90075933E-06
54,9,6497.17432,6520.12158,6523.19336,5.90075933E-06
54,10,6497.17432,6523.19336,6520.32422,5.90075933E-06
54,11,6497.17432,6520.32422,6512.30762,5.90075933E-06
54,12,6497.17432,6512.30762,6506.63672,5.90075933E-06
54,13,6497.17432,6506.63672,6500.24268,5.90075933E-06
54,14,6497.17432,6500.24268,6499.92090,5.90075933E-06
54,15,6497.17432,6499.92090,6499.72803,5.90075933E-06
54,16,6497.17432,6499.72803,6501.65967,5.90075933E-06
54,17,6497.17432,6501.65967,6500.75098,5.90075933E-06
54,18,6497.17432,6500.75098,6497.32227,5.90075933E-06
54,19,6497.17432,6497.32227,6492.78125,5.90075933E-06
54,20,6497.17432,6492.78125,6497.17432,5.90075933E-06
55,1,6508.96875,6497.17432,6497.25830,2.61269015E-05
55,2,6508.96875,6497.25830,6499.18213,2.61269015E-05
55,3,6508.96875,6499.18213,6501.28027,2.61269015E-05
55,4,6508.96875,6501.28027,6509.53467,2.61269015E-05
55,5,6508.96875,6509.53467,6509.95703,2.61269015E-05
55,6,6508.96875,6509.95703,6510.46191,2.61269015E-05
55,7,6508.96875,6510.46191,6506.37451,2.61269015E-05
55,8,6508.96875,6506.37451,6508.43115,2.61269015E-05
55,9,6508.96875,6508.43115,6509.66309,2.61269015E-05
55,10,6508.96875,6509.66309,6517.69043,2.61269015E-05
55,11,6508.96875,6517.69043,6521.21631,2.61269015E-05
55,12,6508.96875,6521.21631,6530.41504,2.61269015E-05
55,13,6508.96875,6530.41504,6534.58008,2.61269015E-05
55,14,6508.96875,6534.58008,6535.84424,2.61269015E-05
55,15,6508.96875,6535.84424,6532.70605,2.61269015E-05
55,16,6508.96875,6532.70605,6527.71484,2.61269015E-05
55,17,6508.96875,6527.71484,6523.80713,2.61269015E-05
55,18,6508.96875,6523.80713,6516.80225,2.61269015E-05
55,19,6508.96875,6516.80225,6509.79053,2.61269015E-05
55,20,6508.96875,6509.79053,6508.96875,2.61269015E-05
56,1,6525.59717,6508.96875,6508.92139,1.06441557E-05
56,2,6525.59717,6508.92139,6508.48828,1.06441557E-05
56,3,6525.59717,6508.48828,6508.03223,1.06441557E-05
56,4,6525.59717,6508.03223,6512.22168,1.06441557E-05
56,5,6525.59717,6512.22168,6517.52783,1.06441557E-05
56,6,6525.59717,6517.52783,6521.32080,1.06441557E-05
56,7,6525.59717,6521.32080,6524.31445,1.06441557E-05
56,8,6525.59717,6524.31445,6531.17090,1.06441557E-05
56,9,6525.59717,6531.17090,6542.93604,1.06441557E-05
56,10,6525.59717,6542.93604,6559.42480,1.06441557E-05
56,11,6525.59717,6559.42480,6563.33398,1.06441557E-05
56,12,6525.59717,6563.33398,6565.76025,1.06441557E-05
56,13,6525.59717,6565.76025,6567.68457,1.06441557E-05
56,14,6525.59717,6567.68457,6568.14258,1.06441557E-05
56,15,6525.59717,6568.14258,6555.70020,1.06441557E-05
56,16,6525.59717,6555.70020,6538.64697,1.06441557E-05
56,17,6525.59717,6538.64697,6530.05664,1.06441557E-05
56,18,6525.59717,6530.05664,6532.52051,1.06441557E-05
56,19,6525.59717,6532.52051,6529.58496,1.06441557E-05
56,20,6525.59717,6529.58496,6525.59717,1.06441557E-05
57,1,6543.76904,6545.67969,6552.95166,7.12554947E-06
57,2,6543.76904,6552.95166,6561.25928,7.12554947E-06
57,3,6543.76904,6561.25928,6555.72461,7.12554947E-06
57,4,6543.76904,6555.72461,6537.61377,7.12554947E-06
57,5,6543.76904,6537.61377,6534.21729,7.12554947E-06
57,6,6543.76904,6534.21729,6540.44971,7.12554947E-06
57,7,6543.76904,6540.44971,6537.29492,7.12554947E-06
57,8,6543.76904,6537.29492,6524.36475,7.12554947E-06
57,9,6543.76904,6524.36475,6512.97900,7.12554947E-06
57,10,6543.76904,6512.97900,6519.07617,7.12554947E-06
57,11,6543.76904,6519.07617,6530.72510,7.12554947E-06
57,12,6543.76904,6530.72510,6531.62354,7.12554947E-06
57,13,6543.76904,6531.62354,6529.80518,7.12554947E-06
57,14,6543.76904,6529.80518,6537.17529,7.12554947E-06
57,15,6543.76904,6537.17529,6545.76660,7.12554947E-06
57,16,6543.76904,6545.76660,6545.13574,7.12554947E-06
57,17,6543.76904,6545.13574,6545.52295,7.12554947E-06
57,18,6543.76904,6545.52295,6538.17822,7.12554947E-06
57,19,6543.76904,6538.17822,6539.36621,7.12554947E-06
57,20,6543.76904,6539.36621,6543.76904,7.12554947E-06
58,1,6554.65674,6543.76904,6556.99072,3.52921415E-05
58,2,6554.65674,6556.99072,6542.43750,3.52921415E-05
58,3,6554.65674,6542.43750,6518.77832,3.52921415E-05
58,4,6554.65674,6518.77832,6528.02197,3.52921415E-05
58,5,6554.65674,6528.02197,6555.96582,3.52921415E-05
58,6,6554.65674,6555.96582,6547.42871,3.52921415E-05
58,7,6554.65674,6547.42871,6537.89160,3.52921415E-05
58,8,6554.65674,6537.89160,6564.60693,3.52921415E-05
58,9,6554.65674,6564.60693,6561.89355,3.52921415E-05
58,10,6554.65674,6561.89355,6535.91406,3.52921415E-05
58,11,6554.65674,6535.91406,6540.52197,3.52921415E-05
58,12,6554.65674,6540.52197,6554.61133,3.52921415E-05
58,13,6554.65674,6554.61133,6589.18066,3.52921415E-05
58,14,6554.65674,6589.18066,6580.39648,3.52921415E-05
58,15,6554.65674,6580.39648,6534.02002,3.52921415E-05
58,16,6554.65674,6534.02002,6504.14111,3.52921415E-05
58,17,6554.65674,6504.14111,6542.64062,3.52921415E-05
58,18,6554.65674,6542.64062,6575.38916,3.52921415E-05
58,19,6554.65674,6575.38916,6549.50293,3.52921415E-05
58,20,6554.65674,6549.50293,6554.65674,3.52921415E-05
