i,k,old_q,old_q_ch_in,old_q_ch_out,qlat_ch_old
1,1,52.2532043,0.00000000,2.59206772,5.96500540E-05
1,2,52.2532043,2.59206772,5.16637135,5.96500540E-05
1,3,52.2532043,5.16637135,7.86201906,5.96500540E-05
1,4,52.2532043,7.86201906,10.0965176,5.96500540E-05
1,5,52.2532043,10.0965176,13.3578606,5.96500540E-05
1,6,52.2532043,13.3578606,15.3928432,5.96500540E-05
1,7,52.2532043,15.3928432,17.8070202,5.96500540E-05
1,8,52.2532043,17.8070202,20.9297810,5.96500540E-05
1,9,52.2532043,20.9297810,23.6817169,5.96500540E-05
1,10,52.2532043,23.6817169,25.8356152,5.96500540E-05
1,11,52.2532043,25.8356152,28.0916290,5.96500540E-05
1,12,52.2532043,28.0916290,30.8867912,5.96500540E-05
1,13,52.2532043,30.8867912,33.9329796,5.96500540E-05
1,14,52.2532043,33.9329796,36.7082710,5.96500540E-05
1,15,52.2532043,36.7082710,39.0418129,5.96500540E-05
1,16,52.2532043,39.0418129,41.2029839,5.96500540E-05
1,17,52.2532043,41.2029839,43.5789680,5.96500540E-05
1,18,52.2532043,43.5789680,46.3351707,5.96500540E-05
1,19,52.2532043,46.3351707,49.3264503,5.96500540E-05
1,20,52.2532043,49.3264503,52.2532043,5.96500540E-05
2,1,1335.03967,0.00000000,67.2915497,2.70050718E-03
2,2,1335.03967,67.2915497,133.700027,2.70050718E-03
2,3,1335.03967,133.700027,200.023773,2.70050718E-03
2,4,1335.03967,200.023773,268.130920,2.70050718E-03
2,5,1335.03967,268.130920,336.590942,2.70050718E-03
2,6,1335.03967,336.590942,403.692139,2.70050718E-03
2,7,1335.03967,403.692139,469.250000,2.70050718E-03
2,8,1335.03967,469.250000,534.353394,2.70050718E-03
2,9,1335.03967,534.353394,600.292847,2.70050718E-03
2,10,1335.03967,600.292847,667.727600,2.70050718E-03
2,11,1335.03967,667.727600,736.453125,2.70050718E-03
2,12,1335.03967,736.453125,805.662170,2.70050718E-03
2,13,1335.03967,805.662170,874.401245,2.70050718E-03
2,14,1335.03967,874.401245,941.976013,2.70050718E-03
2,15,1335.03967,941.976013,1008.17023,2.70050718E-03
2,16,1335.03967,1008.17023,1073.25159,2.70050718E-03
2,17,1335.03967,1073.25159,1137.82349,2.70050718E-03
2,18,1335.03967,1137.82349,1202.60608,2.70050718E-03
2,19,1335.03967,1202.60608,1268.22156,2.70050718E-03
2,20,1335.03967,1268.22156,1335.03967,2.70050718E-03
3,1,0.00000000,0.00000000,0.00000000,-3.58398065E-05
3,2,0.00000000,0.00000000,0.00000000,-3.58398065E-05
3,3,0.00000000,0.00000000,0.00000000,-3.58398065E-05
3,4,0.00000000,0.00000000,0.00000000,-3.58398065E-05
3,5,0.00000000,0.00000000,0.00000000,-3.58398065E-05
3,6,0.00000000,0.00000000,0.00000000,-3.58398065E-05
3,7,0.00000000,0.00000000,0.00000000,-3.58398065E-05
3,8,0.00000000,0.00000000,0.00000000,-3.58398065E-05
3,9,0.00000000,0.00000000,0.00000000,-3.58398065E-05
3,10,0.00000000,0.00000000,0.00000000,-3.58398065E-05
3,11,0.00000000,0.00000000,0.00000000,-3.58398065E-05
3,12,0.00000000,0.00000000,0.00000000,-3.58398065E-05
3,13,0.00000000,0.00000000,0.00000000,-3.58398065E-05
3,14,0.00000000,0.00000000,0.00000000,-3.58398065E-05
3,15,0.00000000,0.00000000,0.00000000,-3.58398065E-05
3,16,0.00000000,0.00000000,0.00000000,-3.58398065E-05
3,17,0.00000000,0.00000000,0.00000000,-3.58398065E-05
3,18,0.00000000,0.00000000,0.00000000,-3.58398065E-05
3,19,0.00000000,0.00000000,0.00000000,-3.58398065E-05
3,20,0.00000000,0.00000000,0.00000000,-3.58398065E-05
4,1,43.5675697,0.00000000,2.25019503,3.60526938E-05
4,2,43.5675697,2.25019503,4.17089939,3.60526938E-05
4,3,43.5675697,4.17089939,7.07606459,3.60526938E-05
4,4,43.5675697,7.07606459,8.79629898,3.60526938E-05
4,5,43.5675697,8.79629898,10.5917454,3.60526938E-05
4,6,43.5675697,10.5917454,13.0998764,3.60526938E-05
4,7,43.5675697,13.0998764,15.8125935,3.60526938E-05
4,8,43.5675697,15.8125935,18.1382713,3.60526938E-05
4,9,43.5675697,18.1382713,20.0103245,3.60526938E-05
4,10,43.5675697,20.0103245,21.7683449,3.60526938E-05
4,11,43.5675697,21.7683449,23.7722130,3.60526938E-05
4,12,43.5675697,23.7722130,26.1441822,3.60526938E-05
4,13,43.5675697,26.1441822,28.7506809,3.60526938E-05
4,14,43.5675697,28.7506809,31.3407841,3.60526938E-05
4,15,43.5675697,31.3407841,33.7082977,3.60526938E-05
4,16,43.5675697,33.7082977,35.7871437,3.60526938E-05
4,17,43.5675697,35.7871437,37.6557159,3.60526938E-05
4,18,43.5675697,37.6557159,39.4763222,3.60526938E-05
4,19,43.5675697,39.4763222,41.4131775,3.60526938E-05
4,20,43.5675697,41.4131775,43.5675697,3.60526938E-05
5,1,0.170761839,0.00000000,8.47206637E-03,1.44289572E-07
5,2,0.170761839,8.47206637E-03,1.69427171E-02,1.44289572E-07
5,3,0.170761839,1.69427171E-02,2.54293922E-02,1.44289572E-07
5,4,0.170761839,2.54293922E-02,3.38078290E-02,1.44289572E-07
5,5,0.170761839,3.38078290E-02,4.26674709E-02,1.44289572E-07
5,6,0.170761839,4.26674709E-02,5.00709414E-02,1.44289572E-07
5,7,0.170761839,5.00709414E-02,6.04375303E-02,1.44289572E-07
5,8,0.170761839,6.04375303E-02,6.70792162E-02,1.44289572E-07
5,9,0.170761839,6.70792162E-02,7.56809339E-02,1.44289572E-07
5,10,0.170761839,7.56809339E-02,8.57188627E-02,1.44289572E-07
5,11,0.170761839,8.57188627E-02,9.35519636E-02,1.44289572E-07
5,12,0.170761839,9.35519636E-02,0.100642852,1.44289572E-07
5,13,0.170761839,0.100642852,0.109564073,1.44289572E-07
5,14,0.170761839,0.109564073,0.119449601,1.44289572E-07
5,15,0.170761839,0.119449601,0.128087461,1.44289572E-07
5,16,0.170761839,0.128087461,0.135312587,1.44289572E-07
5,17,0.170761839,0.135312587,0.142816037,1.44289572E-07
5,18,0.170761839,0.142816037,0.151754022,1.44289572E-07
5,19,0.170761839,0.151754022,0.161541358,1.44289572E-07
5,20,0.170761839,0.161541358,0.170761839,1.44289572E-07
6,1,0.00000000,0.00000000,0.00000000,-1.22571899E-08
6,2,0.00000000,0.00000000,0.00000000,-1.22571899E-08
6,3,0.00000000,0.00000000,0.00000000,-1.22571899E-08
6,4,0.00000000,0.00000000,0.00000000,-1.22571899E-08
6,5,0.00000000,0.00000000,0.00000000,-1.22571899E-08
6,6,0.00000000,0.00000000,0.00000000,-1.22571899E-08
6,7,0.00000000,0.00000000,0.00000000,-1.22571899E-08
6,8,0.00000000,0.00000000,0.00000000,-1.22571899E-08
6,9,0.00000000,0.00000000,0.00000000,-1.22571899E-08
6,10,0.00000000,0.00000000,0.00000000,-1.22571899E-08
6,11,0.00000000,0.00000000,0.00000000,-1.22571899E-08
6,12,0.00000000,0.00000000,0.00000000,-1.22571899E-08
6,13,0.00000000,0.00000000,0.00000000,-1.22571899E-08
6,14,0.00000000,0.00000000,0.00000000,-1.22571899E-08
6,15,0.00000000,0.00000000,0.00000000,-1.22571899E-08
6,16,0.00000000,0.00000000,0.00000000,-1.22571899E-08
6,17,0.00000000,0.00000000,0.00000000,-1.22571899E-08
6,18,0.00000000,0.00000000,0.00000000,-1.22571899E-08
6,19,0.00000000,0.00000000,0.00000000,-1.22571899E-08
6,20,0.00000000,0.00000000,0.00000000,-1.22571899E-08
7,1,0.00000000,0.00000000,0.00000000,-1.92351357E-10
7,2,0.00000000,0.00000000,0.00000000,-1.92351357E-10
7,3,0.00000000,0.00000000,0.00000000,-1.92351357E-10
7,4,0.00000000,0.00000000,0.00000000,-1.92351357E-10
7,5,0.00000000,0.00000000,0.00000000,-1.92351357E-10
7,6,0.00000000,0.00000000,0.00000000,-1.92351357E-10
7,7,0.00000000,0.00000000,0.00000000,-1.92351357E-10
7,8,0.00000000,0.00000000,0.00000000,-1.92351357E-10
7,9,0.00000000,0.00000000,0.00000000,-1.92351357E-10
7,10,0.00000000,0.00000000,0.00000000,-1.92351357E-10
7,11,0.00000000,0.00000000,0.00000000,-1.92351357E-10
7,12,0.00000000,0.00000000,0.00000000,-1.92351357E-10
7,13,0.00000000,0.00000000,0.00000000,-1.92351357E-10
7,14,0.00000000,0.00000000,0.00000000,-1.92351357E-10
7,15,0.00000000,0.00000000,0.00000000,-1.92351357E-10
7,16,0.00000000,0.00000000,0.00000000,-1.92351357E-10
7,17,0.00000000,0.00000000,0.00000000,-1.92351357E-10
7,18,0.00000000,0.00000000,0.00000000,-1.92351357E-10
7,19,0.00000000,0.00000000,0.00000000,-1.92351357E-10
7,20,0.00000000,0.00000000,0.00000000,-1.92351357E-10
8,1,0.00000000,0.00000000,0.00000000,-2.10497039E-03
8,2,0.00000000,0.00000000,0.00000000,-2.10497039E-03
8,3,0.00000000,0.00000000,0.00000000,-2.10497039E-03
8,4,0.00000000,0.00000000,0.00000000,-2.10497039E-03
8,5,0.00000000,0.00000000,0.00000000,-2.10497039E-03
8,6,0.00000000,0.00000000,0.00000000,-2.10497039E-03
8,7,0.00000000,0.00000000,0.00000000,-2.10497039E-03
8,8,0.00000000,0.00000000,0.00000000,-2.10497039E-03
8,9,0.00000000,0.00000000,0.00000000,-2.10497039E-03
8,10,0.00000000,0.00000000,0.00000000,-2.10497039E-03
8,11,0.00000000,0.00000000,0.00000000,-2.10497039E-03
8,12,0.00000000,0.00000000,0.00000000,-2.10497039E-03
8,13,0.00000000,0.00000000,0.00000000,-2.10497039E-03
8,14,0.00000000,0.00000000,0.00000000,-2.10497039E-03
8,15,0.00000000,0.00000000,0.00000000,-2.10497039E-03
8,16,0.00000000,0.00000000,0.00000000,-2.10497039E-03
8,17,0.00000000,0.00000000,0.00000000,-2.10497039E-03
8,18,0.00000000,0.00000000,0.00000000,-2.10497039E-03
8,19,0.00000000,0.00000000,0.00000000,-2.10497039E-03
8,20,0.00000000,0.00000000,0.00000000,-2.10497039E-03
9,1,0.402013391,0.00000000,2.21820250E-02,3.16370733E-06
9,2,0.402013391,2.21820250E-02,3.71185169E-02,3.16370733E-06
9,3,0.402013391,3.71185169E-02,5.94353676E-02,3.16370733E-06
9,4,0.402013391,5.94353676E-02,8.41066763E-02,3.16370733E-06
9,5,0.402013391,8.41066763E-02,0.106245689,3.16370733E-06
9,6,0.402013391,0.106245689,0.124946348,3.16370733E-06
9,7,0.402013391,0.124946348,0.141899258,3.16370733E-06
9,8,0.402013391,0.141899258,0.159313500,3.16370733E-06
9,9,0.402013391,0.159313500,0.178619862,3.16370733E-06
9,10,0.402013391,0.178619862,0.200096399,3.16370733E-06
9,11,0.402013391,0.200096399,0.223102927,3.16370733E-06
9,12,0.402013391,0.223102927,0.246562243,3.16370733E-06
9,13,0.402013391,0.246562243,0.269425303,3.16370733E-06
9,14,0.402013391,0.269425303,0.290983289,3.16370733E-06
9,15,0.402013391,0.290983289,0.310995281,3.16370733E-06
9,16,0.402013391,0.310995281,0.329657882,3.16370733E-06
9,17,0.402013391,0.329657882,0.347474992,3.16370733E-06
9,18,0.402013391,0.347474992,0.365087599,3.16370733E-06
9,19,0.402013391,0.365087599,0.383111179,3.16370733E-06
9,20,0.402013391,0.383111179,0.402013391,3.16370733E-06
10,1,0.00000000,0.00000000,0.00000000,-9.19442464E-05
10,2,0.00000000,0.00000000,0.00000000,-9.19442464E-05
10,3,0.00000000,0.00000000,0.00000000,-9.19442464E-05
10,4,0.00000000,0.00000000,0.00000000,-9.19442464E-05
10,5,0.00000000,0.00000000,0.00000000,-9.19442464E-05
10,6,0.00000000,0.00000000,0.00000000,-9.19442464E-05
10,7,0.00000000,0.00000000,0.00000000,-9.19442464E-05
10,8,0.00000000,0.00000000,0.00000000,-9.19442464E-05
10,9,0.00000000,0.00000000,0.00000000,-9.19442464E-05
10,10,0.00000000,0.00000000,0.00000000,-9.19442464E-05
10,11,0.00000000,0.00000000,0.00000000,-9.19442464E-05
10,12,0.00000000,0.00000000,0.00000000,-9.19442464E-05
10,13,0.00000000,0.00000000,0.00000000,-9.19442464E-05
10,14,0.00000000,0.00000000,0.00000000,-9.19442464E-05
10,15,0.00000000,0.00000000,0.00000000,-9.19442464E-05
10,16,0.00000000,0.00000000,0.00000000,-9.19442464E-05
10,17,0.00000000,0.00000000,0.00000000,-9.19442464E-05
10,18,0.00000000,0.00000000,0.00000000,-9.19442464E-05
10,19,0.00000000,0.00000000,0.00000000,-9.19442464E-05
10,20,0.00000000,0.00000000,0.00000000,-9.19442464E-05
11,1,6.08966208,0.00000000,0.302736938,5.18986553E-06
11,2,6.08966208,0.302736938,0.623552442,5.18986553E-06
11,3,6.08966208,0.623552442,0.868640900,5.18986553E-06
11,4,6.08966208,0.868640900,1.26728797,5.18986553E-06
11,5,6.08966208,1.26728797,1.54000330,5.18986553E-06
11,6,6.08966208,1.54000330,1.77734089,5.18986553E-06
11,7,6.08966208,1.77734089,2.09047484,5.18986553E-06
11,8,6.08966208,2.09047484,2.47991538,5.18986553E-06
11,9,6.08966208,2.47991538,2.80866718,5.18986553E-06
11,10,6.08966208,2.80866718,3.02114916,5.18986553E-06
11,11,6.08966208,3.02114916,3.31624269,5.18986553E-06
11,12,6.08966208,3.31624269,3.64022684,5.18986553E-06
11,13,6.08966208,3.64022684,3.92933941,5.18986553E-06
11,14,6.08966208,3.92933941,4.24366760,5.18986553E-06
11,15,6.08966208,4.24366760,4.60538292,5.18986553E-06
11,16,6.08966208,4.60538292,4.94133472,5.18986553E-06
11,17,6.08966208,4.94133472,5.20400763,5.18986553E-06
11,18,6.08966208,5.20400763,5.44472504,5.18986553E-06
11,19,6.08966208,5.44472504,5.73959208,5.18986553E-06
11,20,6.08966208,5.73959208,6.08966208,5.18986553E-06
12,1,0.00000000,0.00000000,0.00000000,-2.22642155E-10
12,2,0.00000000,0.00000000,0.00000000,-2.22642155E-10
12,3,0.00000000,0.00000000,0.00000000,-2.22642155E-10
12,4,0.00000000,0.00000000,0.00000000,-2.22642155E-10
12,5,0.00000000,0.00000000,0.00000000,-2.22642155E-10
12,6,0.00000000,0.00000000,0.00000000,-2.22642155E-10
12,7,0.00000000,0.00000000,0.00000000,-2.22642155E-10
12,8,0.00000000,0.00000000,0.00000000,-2.22642155E-10
12,9,0.00000000,0.00000000,0.00000000,-2.22642155E-10
12,10,0.00000000,0.00000000,0.00000000,-2.22642155E-10
12,11,0.00000000,0.00000000,0.00000000,-2.22642155E-10
12,12,0.00000000,0.00000000,0.00000000,-2.22642155E-10
12,13,0.00000000,0.00000000,0.00000000,-2.22642155E-10
12,14,0.00000000,0.00000000,0.00000000,-2.22642155E-10
12,15,0.00000000,0.00000000,0.00000000,-2.22642155E-10
12,16,0.00000000,0.00000000,0.00000000,-2.22642155E-10
12,17,0.00000000,0.00000000,0.00000000,-2.22642155E-10
12,18,0.00000000,0.00000000,0.00000000,-2.22642155E-10
12,19,0.00000000,0.00000000,0.00000000,-2.22642155E-10
12,20,0.00000000,0.00000000,0.00000000,-2.22642155E-10
13,1,0.166562870,0.00000000,8.31297785E-03,1.01384927E-07
13,2,0.166562870,8.31297785E-03,1.65538229E-02,1.01384927E-07
13,3,0.166562870,1.65538229E-02,2.50564888E-02,1.01384927E-07
13,4,0.166562870,2.50564888E-02,3.31516750E-02,1.01384927E-07
13,5,0.166562870,3.31516750E-02,4.13496494E-02,1.01384927E-07
13,6,0.166562870,4.13496494E-02,4.99063097E-02,1.01384927E-07
13,7,0.166562870,4.99063097E-02,5.83903231E-02,1.01384927E-07
13,8,0.166562870,5.83903231E-02,6.65215999E-02,1.01384927E-07
13,9,0.166562870,6.65215999E-02,7.45181590E-02,1.01384927E-07
13,10,0.166562870,7.45181590E-02,8.27386901E-02,1.01384927E-07
13,11,0.166562870,8.27386901E-02,9.12780166E-02,1.01384927E-07
13,12,0.166562870,9.12780166E-02,9.99217927E-02,1.01384927E-07
13,13,0.166562870,9.99217927E-02,0.108380638,1.01384927E-07
13,14,0.166562870,0.108380638,0.116530299,1.01384927E-07
13,15,0.166562870,0.116530299,0.124479517,1.01384927E-07
13,16,0.166562870,0.124479517,0.132466093,1.01384927E-07
13,17,0.166562870,0.132466093,0.140691042,1.01384927E-07
13,18,0.166562870,0.140691042,0.149204463,1.01384927E-07
13,19,0.166562870,0.149204463,0.157894537,1.01384927E-07
13,20,0.166562870,0.157894537,0.166562870,1.01384927E-07
14,1,0.00000000,0.00000000,0.00000000,-3.60079692E-04
14,2,0.00000000,0.00000000,0.00000000,-3.60079692E-04
14,3,0.00000000,0.00000000,0.00000000,-3.60079692E-04
14,4,0.00000000,0.00000000,0.00000000,-3.60079692E-04
14,5,0.00000000,0.00000000,0.00000000,-3.60079692E-04
14,6,0.00000000,0.00000000,0.00000000,-3.60079692E-04
14,7,0.00000000,0.00000000,0.00000000,-3.60079692E-04
14,8,0.00000000,0.00000000,0.00000000,-3.60079692E-04
14,9,0.00000000,0.00000000,0.00000000,-3.60079692E-04
14,10,0.00000000,0.00000000,0.00000000,-3.60079692E-04
14,11,0.00000000,0.00000000,0.00000000,-3.60079692E-04
14,12,0.00000000,0.00000000,0.00000000,-3.60079692E-04
14,13,0.00000000,0.00000000,0.00000000,-3.60079692E-04
14,14,0.00000000,0.00000000,0.00000000,-3.60079692E-04
14,15,0.00000000,0.00000000,0.00000000,-3.60079692E-04
14,16,0.00000000,0.00000000,0.00000000,-3.60079692E-04
14,17,0.00000000,0.00000000,0.00000000,-3.60079692E-04
14,18,0.00000000,0.00000000,0.00000000,-3.60079692E-04
14,19,0.00000000,0.00000000,0.00000000,-3.60079692E-04
14,20,0.00000000,0.00000000,0.00000000,-3.60079692E-04
15,1,0.785158634,0.402013391,0.414644271,5.50256971E-07
15,2,0.785158634,0.414644271,0.398498893,5.50256971E-07
15,3,0.785158634,0.398498893,0.522779822,5.50256971E-07
15,4,0.785158634,0.522779822,0.352234215,5.50256971E-07
15,5,0.785158634,0.352234215,0.422347367,5.50256971E-07
15,6,0.785158634,0.422347367,0.589209974,5.50256971E-07
15,7,0.785158634,0.589209974,0.391471922,5.50256971E-07
15,8,0.785158634,0.391471922,0.555696309,5.50256971E-07
15,9,0.785158634,0.555696309,0.332764059,5.50256971E-07
15,10,0.785158634,0.332764059,0.496429980,5.50256971E-07
15,11,0.785158634,0.496429980,0.417150646,5.50256971E-07
15,12,0.785158634,0.417150646,0.721916139,5.50256971E-07
15,13,0.785158634,0.721916139,0.671556830,5.50256971E-07
15,14,0.785158634,0.671556830,0.562236249,5.50256971E-07
15,15,0.785158634,0.562236249,0.162286803,5.50256971E-07
15,16,0.785158634,0.162286803,0.432358116,5.50256971E-07
15,17,0.785158634,0.432358116,0.683903277,5.50256971E-07
15,18,0.785158634,0.683903277,0.598156214,5.50256971E-07
15,19,0.785158634,0.598156214,0.548153222,5.50256971E-07
15,20,0.785158634,0.548153222,0.785158634,5.50256971E-07
16,1,342.678345,0.00000000,17.0938129,2.06542946E-03
16,2,342.678345,17.0938129,34.1126404,2.06542946E-03
16,3,342.678345,34.1126404,51.3726501,2.06542946E-03
16,4,342.678345,51.3726501,68.3854523,2.06542946E-03
16,5,342.678345,68.3854523,85.1015625,2.06542946E-03
16,6,342.678345,85.1015625,102.526184,2.06542946E-03
16,7,342.678345,102.526184,120.012131,2.06542946E-03
16,8,342.678345,120.012131,136.952484,2.06542946E-03
16,9,342.678345,136.952484,153.377502,2.06542946E-03
16,10,342.678345,153.377502,170.293579,2.06542946E-03
16,11,342.678345,170.293579,187.700394,2.06542946E-03
16,12,342.678345,187.700394,205.461578,2.06542946E-03
16,13,342.678345,205.461578,222.927338,2.06542946E-03
16,14,342.678345,222.927338,239.720261,2.06542946E-03
16,15,342.678345,239.720261,256.029541,2.06542946E-03
16,16,342.678345,256.029541,272.474823,2.06542946E-03
16,17,342.678345,272.474823,289.561371,2.06542946E-03
16,18,342.678345,289.561371,307.097809,2.06542946E-03
16,19,342.678345,307.097809,324.856323,2.06542946E-03
16,20,342.678345,324.856323,342.678345,2.06542946E-03
17,1,0.00000000,0.00000000,0.00000000,-6.89338995E-05
17,2,0.00000000,0.00000000,0.00000000,-6.89338995E-05
17,3,0.00000000,0.00000000,0.00000000,-6.89338995E-05
17,4,0.00000000,0.00000000,0.00000000,-6.89338995E-05
17,5,0.00000000,0.00000000,0.00000000,-6.89338995E-05
17,6,0.00000000,0.00000000,0.00000000,-6.89338995E-05
17,7,0.00000000,0.00000000,0.00000000,-6.89338995E-05
17,8,0.00000000,0.00000000,0.00000000,-6.89338995E-05
17,9,0.00000000,0.00000000,0.00000000,-6.89338995E-05
17,10,0.00000000,0.00000000,0.00000000,-6.89338995E-05
17,11,0.00000000,0.00000000,0.00000000,-6.89338995E-05
17,12,0.00000000,0.00000000,0.00000000,-6.89338995E-05
17,13,0.00000000,0.00000000,0.00000000,-6.89338995E-05
17,14,0.00000000,0.00000000,0.00000000,-6.89338995E-05
17,15,0.00000000,0.00000000,0.00000000,-6.89338995E-05
17,16,0.00000000,0.00000000,0.00000000,-6.89338995E-05
17,17,0.00000000,0.00000000,0.00000000,-6.89338995E-05
17,18,0.00000000,0.00000000,0.00000000,-6.89338995E-05
17,19,0.00000000,0.00000000,0.00000000,-6.89338995E-05
17,20,0.00000000,0.00000000,0.00000000,-6.89338995E-05
18,1,8.43854809,6.08966208,6.01803350,1.42944555E-05
18,2,8.43854809,6.01803350,6.61611938,1.42944555E-05
18,3,8.43854809,6.61611938,6.80961418,1.42944555E-05
18,4,8.43854809,6.80961418,6.68587685,1.42944555E-05
18,5,8.43854809,6.68587685,6.54920197,1.42944555E-05
18,6,8.43854809,6.54920197,6.59050655,1.42944555E-05
18,7,8.43854809,6.59050655,6.83860922,1.42944555E-05
18,8,8.43854809,6.83860922,7.21513987,1.42944555E-05
18,9,8.43854809,7.21513987,7.60590744,1.42944555E-05
18,10,8.43854809,7.60590744,7.91404581,1.42944555E-05
18,11,8.43854809,7.91404581,8.08635235,1.42944555E-05
18,12,8.43854809,8.08635235,8.11782169,1.42944555E-05
18,13,8.43854809,8.11782169,8.04165936,1.42944555E-05
18,14,8.43854809,8.04165936,7.91271305,1.42944555E-05
18,15,8.43854809,7.91271305,7.79067564,1.42944555E-05
18,16,8.43854809,7.79067564,7.72671175,1.42944555E-05
18,17,8.43854809,7.72671175,7.75507116,1.42944555E-05
18,18,8.43854809,7.75507116,7.88954020,1.42944555E-05
18,19,8.43854809,7.88954020,8.12442684,1.42944555E-05
18,20,8.43854809,8.12442684,8.43854809,1.42944555E-05
19,1,343.259735,342.678345,342.205811,3.03712682E-08
19,2,343.259735,342.205811,340.443970,3.03712682E-08
19,3,343.259735,340.443970,341.256897,3.03712682E-08
19,4,343.259735,341.256897,343.458252,3.03712682E-08
19,5,343.259735,343.458252,342.016907,3.03712682E-08
19,6,343.259735,342.016907,339.997498,3.03712682E-08
19,7,343.259735,339.997498,340.559570,3.03712682E-08
19,8,343.259735,340.559570,344.056274,3.03712682E-08
19,9,343.259735,344.056274,343.035278,3.03712682E-08
19,10,343.259735,343.035278,340.437744,3.03712682E-08
19,11,343.259735,340.437744,339.924774,3.03712682E-08
19,12,343.259735,339.924774,339.827087,3.03712682E-08
19,13,343.259735,339.827087,344.582275,3.03712682E-08
19,14,343.259735,344.582275,346.559387,3.03712682E-08
19,15,343.259735,346.559387,340.360840,3.03712682E-08
19,16,343.259735,340.360840,335.519592,3.03712682E-08
19,17,343.259735,335.519592,338.893555,3.03712682E-08
19,18,343.259735,338.893555,345.652130,3.03712682E-08
19,19,343.259735,345.652130,347.129700,3.03712682E-08
19,20,343.259735,347.129700,343.259735,3.03712682E-08
20,1,0.328304708,0.785158634,0.493383706,-8.23058741E-08
20,2,0.328304708,0.493383706,1.04218376,-8.23058741E-08
20,3,0.328304708,1.04218376,0.622145355,-8.23058741E-08
20,4,0.328304708,0.622145355,0.322177708,-8.23058741E-08
20,5,0.328304708,0.322177708,0.705102324,-8.23058741E-08
20,6,0.328304708,0.705102324,0.414185822,-8.23058741E-08
20,7,0.328304708,0.414185822,0.833451152,-8.23058741E-08
20,8,0.328304708,0.833451152,1.10393095,-8.23058741E-08
20,9,0.328304708,1.10393095,0.903233469,-8.23058741E-08
20,10,0.328304708,0.903233469,0.460949659,-8.23058741E-08
20,11,0.328304708,0.460949659,0.00000000,-8.23058741E-08
20,12,0.328304708,0.00000000,1.02898347,-8.23058741E-08
20,13,0.328304708,1.02898347,0.344411492,-8.23058741E-08
20,14,0.328304708,0.344411492,9.87449810E-02,-8.23058741E-08
20,15,0.328304708,9.87449810E-02,0.542828500,-8.23058741E-08
20,16,0.328304708,0.542828500,0.832682788,-8.23058741E-08
20,17,0.328304708,0.832682788,1.02529681,-8.23058741E-08
20,18,0.328304708,1.02529681,0.847146988,-8.23058741E-08
20,19,0.328304708,0.847146988,0.586603820,-8.23058741E-08
20,20,0.328304708,0.586603820,0.328304708,-8.23058741E-08
21,1,0.400359035,0.00000000,4.99314815E-03,3.74971000E-06
21,2,0.400359035,4.99314815E-03,7.19985887E-02,3.74971000E-06
21,3,0.400359035,7.19985887E-02,8.51560682E-02,3.74971000E-06
21,4,0.400359035,8.51560682E-02,9.55438018E-02,3.74971000E-06
21,5,0.400359035,9.55438018E-02,4.21196483E-02,3.74971000E-06
21,6,0.400359035,4.21196483E-02,2.71332227E-02,3.74971000E-06
21,7,0.400359035,2.71332227E-02,3.93452905E-02,3.74971000E-06
21,8,0.400359035,3.93452905E-02,9.29889530E-02,3.74971000E-06
21,9,0.400359035,9.29889530E-02,0.147758126,3.74971000E-06
21,10,0.400359035,0.147758126,0.194524616,3.74971000E-06
21,11,0.400359035,0.194524616,0.234194800,3.74971000E-06
21,12,0.400359035,0.234194800,0.267641336,3.74971000E-06
21,13,0.400359035,0.267641336,0.295695841,3.74971000E-06
21,14,0.400359035,0.295695841,0.319143146,3.74971000E-06
21,15,0.400359035,0.319143146,0.338716984,3.74971000E-06
21,16,0.400359035,0.338716984,0.355097950,3.74971000E-06
21,17,0.400359035,0.355097950,0.368910909,3.74971000E-06
21,18,0.400359035,0.368910909,0.380725235,3.74971000E-06
21,19,0.400359035,0.380725235,0.391054720,3.74971000E-06
21,20,0.400359035,0.391054720,0.400359035,3.74971000E-06
22,1,1438.28259,8.43854809,97.9599228,3.09272832E-03
22,2,1438.28259,97.9599228,119.172989,3.09272832E-03
22,3,1438.28259,119.172989,222.281021,3.09272832E-03
22,4,1438.28259,222.281021,325.332581,3.09272832E-03
22,5,1438.28259,325.332581,402.808472,3.09272832E-03
22,6,1438.28259,402.808472,459.454285,3.09272832E-03
22,7,1438.28259,459.454285,509.852295,3.09272832E-03
22,8,1438.28259,509.852295,566.637268,3.09272832E-03
22,9,1438.28259,566.637268,635.938904,3.09272832E-03
22,10,1438.28259,635.938904,717.427490,3.09272832E-03
22,11,1438.28259,717.427490,806.542603,3.09272832E-03
22,12,1438.28259,806.542603,897.194946,3.09272832E-03
22,13,1438.28259,897.194946,983.966553,3.09272832E-03
22,14,1438.28259,983.966553,1063.41895,3.09272832E-03
22,15,1438.28259,1063.41895,1134.51685,3.09272832E-03
22,16,1438.28259,1134.51685,1198.36438,3.09272832E-03
22,17,1438.28259,1198.36438,1257.53748,3.09272832E-03
22,18,1438.28259,1257.53748,1315.27026,3.09272832E-03
22,19,1438.28259,1315.27026,1374.69739,3.09272832E-03
22,20,1438.28259,1374.69739,1438.28259,3.09272832E-03
23,1,253.846680,343.259735,338.528961,-6.61866739E-04
23,2,253.846680,338.528961,334.849823,-6.61866739E-04
23,3,253.846680,334.849823,327.329529,-6.61866739E-04
23,4,253.846680,327.329529,324.560730,-6.61866739E-04
23,5,253.846680,324.560730,322.574249,-6.61866739E-04
23,6,253.846680,322.574249,317.744873,-6.61866739E-04
23,7,253.846680,317.744873,312.393219,-6.61866739E-04
23,8,253.846680,312.393219,304.907410,-6.61866739E-04
23,9,253.846680,304.907410,298.673462,-6.61866739E-04
23,10,253.846680,298.673462,296.480072,-6.61866739E-04
23,11,253.846680,296.480072,296.104218,-6.61866739E-04
23,12,253.846680,296.104218,295.060852,-6.61866739E-04
23,13,253.846680,295.060852,292.079651,-6.61866739E-04
23,14,253.846680,292.079651,285.833038,-6.61866739E-04
23,15,253.846680,285.833038,281.829315,-6.61866739E-04
23,16,253.846680,281.829315,276.781006,-6.61866739E-04
23,17,253.846680,276.781006,269.595001,-6.61866739E-04
23,18,253.846680,269.595001,262.345398,-6.61866739E-04
23,19,253.846680,262.345398,256.877380,-6.61866739E-04
23,20,253.846680,256.877380,253.846680,-6.61866739E-04
24,1,0.231481388,0.400359035,0.388518035,2.87636283E-07
24,2,0.231481388,0.388518035,0.450070590,2.87636283E-07
24,3,0.231481388,0.450070590,0.00000000,2.87636283E-07
24,4,0.231481388,0.00000000,0.502173424,2.87636283E-07
24,5,0.231481388,0.502173424,0.757248819,2.87636283E-07
24,6,0.231481388,0.757248819,0.267724901,2.87636283E-07
24,7,0.231481388,0.267724901,0.185765162,2.87636283E-07
24,8,0.231481388,0.185765162,0.270863354,2.87636283E-07
24,9,0.231481388,0.270863354,0.392480999,2.87636283E-07
24,10,0.231481388,0.392480999,0.470072806,2.87636283E-07
24,11,0.231481388,0.470072806,0.508463740,2.87636283E-07
24,12,0.231481388,0.508463740,0.541039407,2.87636283E-07
24,13,0.231481388,0.541039407,0.571142018,2.87636283E-07
24,14,0.231481388,0.571142018,0.562990427,2.87636283E-07
24,15,0.231481388,0.562990427,0.541041553,2.87636283E-07
24,16,0.231481388,0.541041553,0.410820842,2.87636283E-07
24,17,0.231481388,0.410820842,0.282905638,2.87636283E-07
24,18,0.231481388,0.282905638,0.205875352,2.87636283E-07
24,19,0.231481388,0.205875352,0.191450015,2.87636283E-07
24,20,0.231481388,0.191450015,0.231481388,2.87636283E-07
25,1,1481.71216,1438.44910,1423.86316,-1.36079768E-06
25,2,1481.71216,1423.86316,1425.54407,-1.36079768E-06
25,3,1481.71216,1425.54407,1433.88708,-1.36079768E-06
25,4,1481.71216,1433.88708,1443.19470,-1.36079768E-06
25,5,1481.71216,1443.19470,1450.50806,-1.36079768E-06
25,6,1481.71216,1450.50806,1454.68372,-1.36079768E-06
25,7,1481.71216,1454.68372,1455.70959,-1.36079768E-06
25,8,1481.71216,1455.70959,1454.21436,-1.36079768E-06
25,9,1481.71216,1454.21436,1451.11951,-1.36079768E-06
25,10,1481.71216,1451.11951,1447.40906,-1.36079768E-06
25,11,1481.71216,1447.40906,1443.98279,-1.36079768E-06
25,12,1481.71216,1443.98279,1441.56934,-1.36079768E-06
25,13,1481.71216,1441.56934,1440.68982,-1.36079768E-06
25,14,1481.71216,1440.68982,1441.65039,-1.36079768E-06
25,15,1481.71216,1441.65039,1444.55664,-1.36079768E-06
25,16,1481.71216,1444.55664,1449.33960,-1.36079768E-06
25,17,1481.71216,1449.33960,1455.79016,-1.36079768E-06
25,18,1481.71216,1455.79016,1463.59595,-1.36079768E-06
25,19,1481.71216,1463.59595,1472.37610,-1.36079768E-06
25,20,1481.71216,1472.37610,1481.71216,-1.36079768E-06
26,1,0.00000000,253.846680,228.953995,-6.25743705E-04
26,2,0.00000000,228.953995,179.556610,-6.25743705E-04
26,3,0.00000000,179.556610,138.149582,-6.25743705E-04
26,4,0.00000000,138.149582,116.956528,-6.25743705E-04
26,5,0.00000000,116.956528,72.5870972,-6.25743705E-04
26,6,0.00000000,72.5870972,8.35147095,-6.25743705E-04
26,7,0.00000000,8.35147095,0.00000000,-6.25743705E-04
26,8,0.00000000,0.00000000,0.00000000,-6.25743705E-04
26,9,0.00000000,0.00000000,0.00000000,-6.25743705E-04
26,10,0.00000000,0.00000000,0.00000000,-6.25743705E-04
26,11,0.00000000,0.00000000,0.00000000,-6.25743705E-04
26,12,0.00000000,0.00000000,0.00000000,-6.25743705E-04
26,13,0.00000000,0.00000000,0.00000000,-6.25743705E-04
26,14,0.00000000,0.00000000,0.00000000,-6.25743705E-04
26,15,0.00000000,0.00000000,0.00000000,-6.25743705E-04
26,16,0.00000000,0.00000000,0.00000000,-6.25743705E-04
26,17,0.00000000,0.00000000,0.00000000,-6.25743705E-04
26,18,0.00000000,0.00000000,0.00000000,-6.25743705E-04
26,19,0.00000000,0.00000000,0.00000000,-6.25743705E-04
26,20,0.00000000,0.00000000,0.00000000,-6.25743705E-04
27,1,0.00000000,0.231481388,0.00000000,-5.84843894E-03
27,2,0.00000000,0.00000000,0.00000000,-5.84843894E-03
27,3,0.00000000,0.00000000,0.00000000,-5.84843894E-03
27,4,0.00000000,0.00000000,0.00000000,-5.84843894E-03
27,5,0.00000000,0.00000000,0.00000000,-5.84843894E-03
27,6,0.00000000,0.00000000,0.00000000,-5.84843894E-03
27,7,0.00000000,0.00000000,0.00000000,-5.84843894E-03
27,8,0.00000000,0.00000000,0.00000000,-5.84843894E-03
27,9,0.00000000,0.00000000,0.00000000,-5.84843894E-03
27,10,0.00000000,0.00000000,0.00000000,-5.84843894E-03
27,11,0.00000000,0.00000000,0.00000000,-5.84843894E-03
27,12,0.00000000,0.00000000,0.00000000,-5.84843894E-03
27,13,0.00000000,0.00000000,0.00000000,-5.84843894E-03
27,14,0.00000000,0.00000000,0.00000000,-5.84843894E-03
27,15,0.00000000,0.00000000,0.00000000,-5.84843894E-03
27,16,0.00000000,0.00000000,0.00000000,-5.84843894E-03
27,17,0.00000000,0.00000000,0.00000000,-5.84843894E-03
27,18,0.00000000,0.00000000,0.00000000,-5.84843894E-03
27,19,0.00000000,0.00000000,0.00000000,-5.84843894E-03
27,20,0.00000000,0.00000000,0.00000000,-5.84843894E-03
28,1,448.486084,1481.71216,1478.56396,-7.45199446E-04
28,2,448.486084,1478.56396,1392.86072,-7.45199446E-04
28,3,448.486084,1392.86072,1260.30542,-7.45199446E-04
28,4,448.486084,1260.30542,1205.88062,-7.45199446E-04
28,5,448.486084,1205.88062,1181.31409,-7.45199446E-04
28,6,448.486084,1181.31409,1153.94568,-7.45199446E-04
28,7,448.486084,1153.94568,1123.40906,-7.45199446E-04
28,8,448.486084,1123.40906,1046.55908,-7.45199446E-04
28,9,448.486084,1046.55908,983.565552,-7.45199446E-04
28,10,448.486084,983.565552,941.217163,-7.45199446E-04
28,11,448.486084,941.217163,884.308167,-7.45199446E-04
28,12,448.486084,884.308167,792.942200,-7.45199446E-04
28,13,448.486084,792.942200,740.587708,-7.45199446E-04
28,14,448.486084,740.587708,685.801270,-7.45199446E-04
28,15,448.486084,685.801270,624.244690,-7.45199446E-04
28,16,448.486084,624.244690,580.353455,-7.45199446E-04
28,17,448.486084,580.353455,581.273438,-7.45199446E-04
28,18,448.486084,581.273438,526.427368,-7.45199446E-04
28,19,448.486084,526.427368,474.812622,-7.45199446E-04
28,20,448.486084,474.812622,448.486084,-7.45199446E-04
29,1,23.3869839,0.00000000,0.778074026,7.13691552E-05
29,2,23.3869839,0.778074026,2.36242056,7.13691552E-05
29,3,23.3869839,2.36242056,0.949782133,7.13691552E-05
29,4,23.3869839,0.949782133,6.19929600,7.13691552E-05
29,5,23.3869839,6.19929600,2.19868159,7.13691552E-05
29,6,23.3869839,2.19868159,3.41314864,7.13691552E-05
29,7,23.3869839,3.41314864,10.2038651,7.13691552E-05
29,8,23.3869839,10.2038651,7.98627281,7.13691552E-05
29,9,23.3869839,7.98627281,7.76945782,7.13691552E-05
29,10,23.3869839,7.76945782,2.66162372,7.13691552E-05
29,11,23.3869839,2.66162372,7.88171673,7.13691552E-05
29,12,23.3869839,7.88171673,12.4303303,7.13691552E-05
29,13,23.3869839,12.4303303,15.8639908,7.13691552E-05
29,14,23.3869839,15.8639908,19.4479294,7.13691552E-05
29,15,23.3869839,19.4479294,12.6041327,7.13691552E-05
29,16,23.3869839,12.6041327,9.12074566,7.13691552E-05
29,17,23.3869839,9.12074566,8.94159508,7.13691552E-05
29,18,23.3869839,8.94159508,7.64801598,7.13691552E-05
29,19,23.3869839,7.64801598,13.4800816,7.13691552E-05
29,20,23.3869839,13.4800816,23.3869839,7.13691552E-05
30,1,4.85315418,0.00000000,0.353894562,1.10521296E-05
30,2,4.85315418,0.353894562,0.764696419,1.10521296E-05
30,3,4.85315418,0.764696419,1.00950360,1.10521296E-05
30,4,4.85315418,1.00950360,1.44535303,1.10521296E-05
30,5,4.85315418,1.44535303,1.93589103,1.10521296E-05
30,6,4.85315418,1.93589103,1.84585464,1.10521296E-05
30,7,4.85315418,1.84585464,3.13385201,1.10521296E-05
30,8,4.85315418,3.13385201,3.00589275,1.10521296E-05
30,9,4.85315418,3.00589275,1.61709535,1.10521296E-05
30,10,4.85315418,1.61709535,4.24775505,1.10521296E-05
30,11,4.85315418,4.24775505,4.60425091,1.10521296E-05
30,12,4.85315418,4.60425091,5.97889376,1.10521296E-05
30,13,4.85315418,5.97889376,4.65406656,1.10521296E-05
30,14,4.85315418,4.65406656,1.06138647,1.10521296E-05
30,15,4.85315418,1.06138647,5.14396572,1.10521296E-05
30,16,4.85315418,5.14396572,7.37405300,1.10521296E-05
30,17,4.85315418,7.37405300,8.84722996,1.10521296E-05
30,18,4.85315418,8.84722996,9.34412766,1.10521296E-05
30,19,4.85315418,9.34412766,2.25028515,1.10521296E-05
30,20,4.85315418,2.25028515,4.85315418,1.10521296E-05
31,1,187.396744,66.9545517,71.5037766,2.17400768E-04
31,2,187.396744,71.5037766,86.9540939,2.17400768E-04
31,3,187.396744,86.9540939,64.4351807,2.17400768E-04
31,4,187.396744,64.4351807,88.2124863,2.17400768E-04
31,5,187.396744,88.2124863,108.718155,2.17400768E-04
31,6,187.396744,108.718155,98.5063095,2.17400768E-04
31,7,187.396744,98.5063095,76.1951370,2.17400768E-04
31,8,187.396744,76.1951370,66.4747696,2.17400768E-04
31,9,187.396744,66.4747696,75.1451797,2.17400768E-04
31,10,187.396744,75.1451797,92.0083008,2.17400768E-04
31,11,187.396744,92.0083008,104.885872,2.17400768E-04
31,12,187.396744,104.885872,109.386314,2.17400768E-04
31,13,187.396744,109.386314,109.718956,2.17400768E-04
31,14,187.396744,109.718956,113.558281,2.17400768E-04
31,15,187.396744,113.558281,126.119659,2.17400768E-04
31,16,187.396744,126.119659,146.977600,2.17400768E-04
31,17,187.396744,146.977600,170.509171,2.17400768E-04
31,18,187.396744,170.509171,188.834152,2.17400768E-04
31,19,187.396744,188.834152,195.367538,2.17400768E-04
31,20,187.396744,195.367538,187.396744,2.17400768E-04
32,1,3127.19580,4.85315418,150.274673,2.11851958E-08
32,2,3127.19580,150.274673,727.852966,2.11851958E-08
32,3,3127.19580,727.852966,1786.70361,2.11851958E-08
32,4,3127.19580,1786.70361,2927.03882,2.11851958E-08
32,5,3127.19580,2927.03882,3701.43872,2.11851958E-08
32,6,3127.19580,3701.43872,4010.50244,2.11851958E-08
32,7,3127.19580,4010.50244,4038.36621,2.11851958E-08
32,8,3127.19580,4038.36621,3985.74463,2.11851958E-08
32,9,3127.19580,3985.74463,3941.91968,2.11851958E-08
32,10,3127.19580,3941.91968,3911.48877,2.11851958E-08
32,11,3127.19580,3911.48877,3874.94141,2.11851958E-08
32,12,3127.19580,3874.94141,3820.68018,2.11851958E-08
32,13,3127.19580,3820.68018,3749.23828,2.11851958E-08
32,14,3127.19580,3749.23828,3666.71216,2.11851958E-08
32,15,3127.19580,3666.71216,3578.85620,2.11851958E-08
32,16,3127.19580,3578.85620,3489.03516,2.11851958E-08
32,17,3127.19580,3489.03516,3398.66455,2.11851958E-08
32,18,3127.19580,3398.66455,3308.18433,2.11851958E-08
32,19,3127.19580,3308.18433,3217.69019,2.11851958E-08
32,20,3127.19580,3217.69019,3127.19580,2.11851958E-08
33,1,189.146637,187.567505,132.487854,-2.42234659E-04
33,2,189.146637,132.487854,221.417648,-2.42234659E-04
33,3,189.146637,221.417648,59.0104713,-2.42234659E-04
33,4,189.146637,59.0104713,0.00000000,-2.42234659E-04
33,5,189.146637,0.00000000,60.1408882,-2.42234659E-04
33,6,189.146637,60.1408882,140.346619,-2.42234659E-04
33,7,189.146637,140.346619,173.585358,-2.42234659E-04
33,8,189.146637,173.585358,154.550049,-2.42234659E-04
33,9,189.146637,154.550049,114.873711,-2.42234659E-04
33,10,189.146637,114.873711,75.5635910,-2.42234659E-04
33,11,189.146637,75.5635910,36.9665718,-2.42234659E-04
33,12,189.146637,36.9665718,33.5428658,-2.42234659E-04
33,13,189.146637,33.5428658,60.8115425,-2.42234659E-04
33,14,189.146637,60.8115425,32.4710274,-2.42234659E-04
33,15,189.146637,32.4710274,66.7498245,-2.42234659E-04
33,16,189.146637,66.7498245,105.762428,-2.42234659E-04
33,17,189.146637,105.762428,160.679413,-2.42234659E-04
33,18,189.146637,160.679413,225.232071,-2.42234659E-04
33,19,189.146637,225.232071,221.181549,-2.42234659E-04
33,20,189.146637,221.181549,189.146637,-2.42234659E-04
34,1,2759.73438,3127.19580,3108.64258,-3.27194059E-08
34,2,2759.73438,3108.64258,3090.08936,-3.27194059E-08
34,3,2759.73438,3090.08936,3071.53662,-3.27194059E-08
34,4,2759.73438,3071.53662,3052.98389,-3.27194059E-08
34,5,2759.73438,3052.98389,3034.43115,-3.27194059E-08
34,6,2759.73438,3034.43115,3015.87915,-3.27194059E-08
34,7,2759.73438,3015.87915,2997.32861,-3.27194059E-08
34,8,2759.73438,2997.32861,2978.78125,-3.27194059E-08
34,9,2759.73438,2978.78125,2960.23926,-3.27194059E-08
34,10,2759.73438,2960.23926,2941.70605,-3.27194059E-08
34,11,2759.73438,2941.70605,2923.18799,-3.27194059E-08
34,12,2759.73438,2923.18799,2904.69287,-3.27194059E-08
34,13,2759.73438,2904.69287,2886.23193,-3.27194059E-08
34,14,2759.73438,2886.23193,2867.81982,-3.27194059E-08
34,15,2759.73438,2867.81982,2849.47534,-3.27194059E-08
34,16,2759.73438,2849.47534,2831.22168,-3.27194059E-08
34,17,2759.73438,2831.22168,2813.08643,-3.27194059E-08
34,18,2759.73438,2813.08643,2795.10181,-3.27194059E-08
34,19,2759.73438,2795.10181,2777.30420,-3.27194059E-08
34,20,2759.73438,2777.30420,2759.73438,-3.27194059E-08
35,1,2748.88843,2759.73438,2755.53149,-2.48518336E-04
35,2,2748.88843,2755.53149,2756.36816,-2.48518336E-04
35,3,2748.88843,2756.36816,2758.59595,-2.48518336E-04
35,4,2748.88843,2758.59595,2760.33154,-2.48518336E-04
35,5,2748.88843,2760.33154,2760.80420,-2.48518336E-04
35,6,2748.88843,2760.80420,2759.92603,-2.48518336E-04
35,7,2748.88843,2759.92603,2757.95898,-2.48518336E-04
35,8,2748.88843,2757.95898,2755.32080,-2.48518336E-04
35,9,2748.88843,2755.32080,2752.44336,-2.48518336E-04
35,10,2748.88843,2752.44336,2749.70142,-2.48518336E-04
35,11,2748.88843,2749.70142,2747.37354,-2.48518336E-04
35,12,2748.88843,2747.37354,2745.63696,-2.48518336E-04
35,13,2748.88843,2745.63696,2744.56543,-2.48518336E-04
35,14,2748.88843,2744.56543,2744.14722,-2.48518336E-04
35,15,2748.88843,2744.14722,2744.30444,-2.48518336E-04
35,16,2748.88843,2744.30444,2744.91479,-2.48518336E-04
35,17,2748.88843,2744.91479,2745.83472,-2.48518336E-04
35,18,2748.88843,2745.83472,2746.90039,-2.48518336E-04
35,19,2748.88843,2746.90039,2747.96265,-2.48518336E-04
35,20,2748.88843,2747.96265,2748.88843,-2.48518336E-04
36,1,4191.29980,3197.37451,3120.18604,-3.62360879E-06
36,2,4191.29980,3120.18604,3065.38574,-3.62360879E-06
36,3,4191.29980,3065.38574,3030.70557,-3.62360879E-06
36,4,4191.29980,3030.70557,3021.44824,-3.62360879E-06
36,5,4191.29980,3021.44824,3044.70215,-3.62360879E-06
36,6,4191.29980,3044.70215,3105.57666,-3.62360879E-06
36,7,4191.29980,3105.57666,3205.13330,-3.62360879E-06
36,8,4191.29980,3205.13330,3339.74609,-3.62360879E-06
36,9,4191.29980,3339.74609,3501.55591,-3.62360879E-06
36,10,4191.29980,3501.55591,3679.63037,-3.62360879E-06
36,11,4191.29980,3679.63037,3861.44043,-3.62360879E-06
36,12,4191.29980,3861.44043,4034.32690,-3.62360879E-06
36,13,4191.29980,4034.32690,4186.74854,-3.62360879E-06
36,14,4191.29980,4186.74854,4309.16260,-3.62360879E-06
36,15,4191.29980,4309.16260,4394.52588,-3.62360879E-06
36,16,4191.29980,4394.52588,4438.43604,-3.62360879E-06
36,17,4191.29980,4438.43604,4438.99365,-3.62360879E-06
36,18,4191.29980,4438.99365,4396.46143,-3.62360879E-06
36,19,4191.29980,4396.46143,4312.82324,-3.62360879E-06
36,20,4191.29980,4312.82324,4191.29980,-3.62360879E-06
37,1,49.5886650,4191.29980,3963.96533,-9.76984011E-05
37,2,49.5886650,3963.96533,3675.46289,-9.76984011E-05
37,3,49.5886650,3675.46289,3340.97241,-9.76984011E-05
37,4,49.5886650,3340.97241,2976.45801,-9.76984011E-05
37,5,49.5886650,2976.45801,2597.84619,-9.76984011E-05
37,6,49.5886650,2597.84619,2220.32886,-9.76984011E-05
37,7,49.5886650,2220.32886,1857.59668,-9.76984011E-05
37,8,49.5886650,1857.59668,1521.03906,-9.76984011E-05
37,9,49.5886650,1521.03906,1219.07507,-9.76984011E-05
37,10,49.5886650,1219.07507,956.796082,-9.76984011E-05
37,11,49.5886650,956.796082,736.015015,-9.76984011E-05
37,12,49.5886650,736.015015,555.692322,-9.76984011E-05
37,13,49.5886650,555.692322,412.619232,-9.76984011E-05
37,14,49.5886650,412.619232,302.203339,-9.76984011E-05
37,15,49.5886650,302.203339,219.213486,-9.76984011E-05
37,16,49.5886650,219.213486,158.387512,-9.76984011E-05
37,17,49.5886650,158.387512,114.860252,-9.76984011E-05
37,18,49.5886650,114.860252,84.4121780,-9.76984011E-05
37,19,49.5886650,84.4121780,63.5682182,-9.76984011E-05
37,20,49.5886650,63.5682182,49.5886650,-9.76984011E-05
38,1,3403.71704,49.5886650,46.8741913,6.70263307E-06
38,2,3403.71704,46.8741913,87.0764313,6.70263307E-06
38,3,3403.71704,87.0764313,221.333771,6.70263307E-06
38,4,3403.71704,221.333771,511.255035,6.70263307E-06
38,5,3403.71704,511.255035,981.646545,6.70263307E-06
38,6,3403.71704,981.646545,1582.40881,6.70263307E-06
38,7,3403.71704,1582.40881,2199.74585,6.70263307E-06
38,8,3403.71704,2199.74585,2716.09424,6.70263307E-06
38,9,3403.71704,2716.09424,3069.61401,6.70263307E-06
38,10,3403.71704,3069.61401,3267.88062,6.70263307E-06
38,11,3403.71704,3267.88062,3358.51562,6.70263307E-06
38,12,3403.71704,3358.51562,3391.84326,6.70263307E-06
38,13,3403.71704,3391.84326,3401.42822,6.70263307E-06
38,14,3403.71704,3401.42822,3403.45630,6.70263307E-06
38,15,3403.71704,3403.45630,3403.72095,6.70263307E-06
38,16,3403.71704,3403.72095,3403.72412,6.70263307E-06
38,17,3403.71704,3403.72412,3403.71802,6.70263307E-06
38,18,3403.71704,3403.71802,3403.71704,6.70263307E-06
38,19,3403.71704,3403.71704,3403.71704,6.70263307E-06
38,20,3403.71704,3403.71704,3403.71704,6.70263307E-06
39,1,2884.31934,3403.71704,3401.15894,-5.85427244E-08
39,2,2884.31934,3401.15894,3389.60596,-5.85427244E-08
39,3,2884.31934,3389.60596,3361.45898,-5.85427244E-08
39,4,2884.31934,3361.45898,3313.97925,-5.85427244E-08
39,5,2884.31934,3313.97925,3251.75464,-5.85427244E-08
39,6,2884.31934,3251.75464,3184.11084,-5.85427244E-08
39,7,2884.31934,3184.11084,3120.46313,-5.85427244E-08
39,8,2884.31934,3120.46313,3066.97705,-5.85427244E-08
39,9,2884.31934,3066.97705,3025.72778,-5.85427244E-08
39,10,2884.31934,3025.72778,2995.67896,-5.85427244E-08
39,11,2884.31934,2995.67896,2974.25879,-5.85427244E-08
39,12,2884.31934,2974.25879,2958.66699,-5.85427244E-08
39,13,2884.31934,2958.66699,2946.59546,-5.85427244E-08
39,14,2884.31934,2946.59546,2936.44629,-5.85427244E-08
39,15,2884.31934,2936.44629,2927.24976,-5.85427244E-08
39,16,2884.31934,2927.24976,2918.48071,-5.85427244E-08
39,17,2884.31934,2918.48071,2909.88477,-5.85427244E-08
39,18,2884.31934,2909.88477,2901.34985,-5.85427244E-08
39,19,2884.31934,2901.34985,2892.83301,-5.85427244E-08
39,20,2884.31934,2892.83301,2884.31934,-5.85427244E-08
40,1,0.00000000,2884.31934,2155.06519,-9.66837481E-02
40,2,0.00000000,2155.06519,1428.61157,-9.66837481E-02
40,3,0.00000000,1428.61157,707.977783,-9.66837481E-02
40,4,0.00000000,707.977783,0.00000000,-9.66837481E-02
40,5,0.00000000,0.00000000,0.00000000,-9.66837481E-02
40,6,0.00000000,0.00000000,0.00000000,-9.66837481E-02
40,7,0.00000000,0.00000000,0.00000000,-9.66837481E-02
40,8,0.00000000,0.00000000,0.00000000,-9.66837481E-02
40,9,0.00000000,0.00000000,0.00000000,-9.66837481E-02
40,10,0.00000000,0.00000000,0.00000000,-9.66837481E-02
40,11,0.00000000,0.00000000,0.00000000,-9.66837481E-02
40,12,0.00000000,0.00000000,0.00000000,-9.66837481E-02
40,13,0.00000000,0.00000000,0.00000000,-9.66837481E-02
40,14,0.00000000,0.00000000,0.00000000,-9.66837481E-02
40,15,0.00000000,0.00000000,0.00000000,-9.66837481E-02
40,16,0.00000000,0.00000000,0.00000000,-9.66837481E-02
40,17,0.00000000,0.00000000,0.00000000,-9.66837481E-02
40,18,0.00000000,0.00000000,0.00000000,-9.66837481E-02
40,19,0.00000000,0.00000000,0.00000000,-9.66837481E-02
40,20,0.00000000,0.00000000,0.00000000,-9.66837481E-02
41,1,2224.21948,0.00000000,4.51982450,-1.73804182E-07
41,2,2224.21948,4.51982450,17.7428761,-1.73804182E-07
41,3,2224.21948,17.7428761,43.9583588,-1.73804182E-07
41,4,2224.21948,43.9583588,86.7674484,-1.73804182E-07
41,5,2224.21948,86.7674484,148.629730,-1.73804182E-07
41,6,2224.21948,148.629730,230.641190,-1.73804182E-07
41,7,2224.21948,230.641190,332.520416,-1.73804182E-07
41,8,2224.21948,332.520416,452.755402,-1.73804182E-07
41,9,2224.21948,452.755402,588.854309,-1.73804182E-07
41,10,2224.21948,588.854309,737.645447,-1.73804182E-07
41,11,2224.21948,737.645447,895.582947,-1.73804182E-07
41,12,2224.21948,895.582947,1059.02319,-1.73804182E-07
41,13,2224.21948,1059.02319,1224.45398,-1.73804182E-07
41,14,2224.21948,1224.45398,1388.66382,-1.73804182E-07
41,15,2224.21948,1388.66382,1548.85339,-1.73804182E-07
41,16,2224.21948,1548.85339,1702.69336,-1.73804182E-07
41,17,2224.21948,1702.69336,1848.33618,-1.73804182E-07
41,18,2224.21948,1848.33618,1984.39429,-1.73804182E-07
41,19,2224.21948,1984.39429,2109.89478,-1.73804182E-07
41,20,2224.21948,2109.89478,2224.21948,-1.73804182E-07
42,1,2772.23853,2224.21948,2283.15527,2.91867764E-04
42,2,2772.23853,2283.15527,2338.58691,2.91867764E-04
42,3,2772.23853,2338.58691,2390.51074,2.91867764E-04
42,4,2772.23853,2390.51074,2438.93750,2.91867764E-04
42,5,2772.23853,2438.93750,2483.88818,2.91867764E-04
42,6,2772.23853,2483.88818,2525.39355,2.91867764E-04
42,7,2772.23853,2525.39355,2563.49048,2.91867764E-04
42,8,2772.23853,2563.49048,2598.22217,2.91867764E-04
42,9,2772.23853,2598.22217,2629.63574,2.91867764E-04
42,10,2772.23853,2629.63574,2657.78223,2.91867764E-04
42,11,2772.23853,2657.78223,2682.71484,2.91867764E-04
42,12,2772.23853,2682.71484,2704.48877,2.91867764E-04
42,13,2772.23853,2704.48877,2723.16089,2.91867764E-04
42,14,2772.23853,2723.16089,2738.79102,2.91867764E-04
42,15,2772.23853,2738.79102,2751.43994,2.91867764E-04
42,16,2772.23853,2751.43994,2761.16992,2.91867764E-04
42,17,2772.23853,2761.16992,2768.04590,2.91867764E-04
42,18,2772.23853,2768.04590,2772.13550,2.91867764E-04
42,19,2772.23853,2772.13550,2773.50879,2.91867764E-04
42,20,2772.23853,2773.50879,2772.23853,2.91867764E-04
43,1,1876.39673,2772.23853,2691.36475,3.44302498E-09
43,2,1876.39673,2691.36475,2556.67822,3.44302498E-09
43,3,1876.39673,2556.67822,2402.61938,3.44302498E-09
43,4,1876.39673,2402.61938,2264.23022,3.44302498E-09
43,5,1876.39673,2264.23022,2169.79175,3.44302498E-09
43,6,1876.39673,2169.79175,2134.89917,3.44302498E-09
43,7,1876.39673,2134.89917,2160.30981,3.44302498E-09
43,8,1876.39673,2160.30981,2233.93433,3.44302498E-09
43,9,1876.39673,2233.93433,2335.65381,3.44302498E-09
43,10,1876.39673,2335.65381,2442.96753,3.44302498E-09
43,11,1876.39673,2442.96753,2535.73584,3.44302498E-09
43,12,1876.39673,2535.73584,2599.10718,3.44302498E-09
43,13,1876.39673,2599.10718,2624.50659,3.44302498E-09
43,14,1876.39673,2624.50659,2609.13623,3.44302498E-09
43,15,1876.39673,2609.13623,2554.62036,3.44302498E-09
43,16,1876.39673,2554.62036,2465.39185,3.44302498E-09
43,17,1876.39673,2465.39185,2347.22705,3.44302498E-09
43,18,1876.39673,2347.22705,2206.13135,3.44302498E-09
43,19,1876.39673,2206.13135,2047.62866,3.44302498E-09
43,20,1876.39673,2047.62866,1876.39673,3.44302498E-09
44,1,1378.68311,1876.39673,1855.94629,2.47315201E-03
44,2,1378.68311,1855.94629,1835.05530,2.47315201E-03
44,3,1378.68311,1835.05530,1813.72913,2.47315201E-03
44,4,1378.68311,1813.72913,1791.96680,2.47315201E-03
44,5,1378.68311,1791.96680,1769.76160,2.47315201E-03
44,6,1378.68311,1769.76160,1747.10339,2.47315201E-03
44,7,1378.68311,1747.10339,1723.97937,2.47315201E-03
44,8,1378.68311,1723.97937,1700.37561,2.47315201E-03
44,9,1378.68311,1700.37561,1676.27869,2.47315201E-03
44,10,1378.68311,1676.27869,1651.67688,2.47315201E-03
44,11,1378.68311,1651.67688,1626.56213,2.47315201E-03
44,12,1378.68311,1626.56213,1600.93005,2.47315201E-03
44,13,1378.68311,1600.93005,1574.78162,2.47315201E-03
44,14,1378.68311,1574.78162,1548.12341,2.47315201E-03
44,15,1378.68311,1548.12341,1520.96899,2.47315201E-03
44,16,1378.68311,1520.96899,1493.33826,2.47315201E-03
44,17,1378.68311,1493.33826,1465.25769,2.47315201E-03
44,18,1378.68311,1465.25769,1436.76086,2.47315201E-03
44,19,1378.68311,1436.76086,1407.88745,2.47315201E-03
44,20,1378.68311,1407.88745,1378.68311,2.47315201E-03
45,1,765.262390,1378.68311,1266.16760,-4.17230513E-06
45,2,765.262390,1266.16760,1153.75867,-4.17230513E-06
45,3,765.262390,1153.75867,1043.23096,-4.17230513E-06
45,4,765.262390,1043.23096,936.633423,-4.17230513E-06
45,5,765.262390,936.633423,836.178223,-4.17230513E-06
45,6,765.262390,836.178223,744.112366,-4.17230513E-06
45,7,765.262390,744.112366,662.579712,-4.17230513E-06
45,8,765.262390,662.579712,593.477478,-4.17230513E-06
45,9,765.262390,593.477478,538.320801,-4.17230513E-06
45,10,765.262390,538.320801,498.128662,-4.17230513E-06
45,11,765.262390,498.128662,473.346069,-4.17230513E-06
45,12,765.262390,473.346069,463.811462,-4.17230513E-06
45,13,765.262390,463.811462,468.774597,-4.17230513E-06
45,14,765.262390,468.774597,486.960541,-4.17230513E-06
45,15,765.262390,486.960541,516.671021,-4.17230513E-06
45,16,765.262390,516.671021,555.910400,-4.17230513E-06
45,17,765.262390,555.910400,602.521667,-4.17230513E-06
45,18,765.262390,602.521667,654.318848,-4.17230513E-06
45,19,765.262390,654.318848,709.203979,-4.17230513E-06
45,20,765.262390,709.203979,765.262390,-4.17230513E-06
46,1,687.664429,765.262390,779.438232,1.03326833E-07
46,2,687.664429,779.438232,792.590027,1.03326833E-07
46,3,687.664429,792.590027,804.147217,1.03326833E-07
46,4,687.664429,804.147217,813.853699,1.03326833E-07
46,5,687.664429,813.853699,821.554016,1.03326833E-07
46,6,687.664429,821.554016,827.127808,1.03326833E-07
46,7,687.664429,827.127808,830.490356,1.03326833E-07
46,8,687.664429,830.490356,831.591675,1.03326833E-07
46,9,687.664429,831.591675,830.414917,1.03326833E-07
46,10,687.664429,830.414917,826.974243,1.03326833E-07
46,11,687.664429,826.974243,821.312744,1.03326833E-07
46,12,687.664429,821.312744,813.498779,1.03326833E-07
46,13,687.664429,813.498779,803.623413,1.03326833E-07
46,14,687.664429,803.623413,791.796753,1.03326833E-07
46,15,687.664429,791.796753,778.145142,1.03326833E-07
46,16,687.664429,778.145142,762.807739,1.03326833E-07
46,17,687.664429,762.807739,745.933472,1.03326833E-07
46,18,687.664429,745.933472,727.677917,1.03326833E-07
46,19,687.664429,727.677917,708.201050,1.03326833E-07
46,20,687.664429,708.201050,687.664429,1.03326833E-07
47,1,673.033508,687.992737,686.317383,-9.61006663E-06
47,2,673.033508,686.317383,692.831787,-9.61006663E-06
47,3,673.033508,692.831787,673.943115,-9.61006663E-06
47,4,673.033508,673.943115,688.500854,-9.61006663E-06
47,5,673.033508,688.500854,691.310181,-9.61006663E-06
47,6,673.033508,691.310181,686.112610,-9.61006663E-06
47,7,673.033508,686.112610,679.384583,-9.61006663E-06
47,8,673.033508,679.384583,680.422546,-9.61006663E-06
47,9,673.033508,680.422546,684.266785,-9.61006663E-06
47,10,673.033508,684.266785,683.635559,-9.61006663E-06
47,11,673.033508,683.635559,682.057129,-9.61006663E-06
47,12,673.033508,682.057129,680.135437,-9.61006663E-06
47,13,673.033508,680.135437,679.198303,-9.61006663E-06
47,14,673.033508,679.198303,678.948303,-9.61006663E-06
47,15,673.033508,678.948303,677.759155,-9.61006663E-06
47,16,673.033508,677.759155,675.911743,-9.61006663E-06
47,17,673.033508,675.911743,674.134155,-9.61006663E-06
47,18,673.033508,674.134155,672.977844,-9.61006663E-06
47,19,673.033508,672.977844,672.645569,-9.61006663E-06
47,20,673.033508,672.645569,673.033508,-9.61006663E-06
48,1,1079.46753,673.033508,695.494385,1.18467573E-03
48,2,1079.46753,695.494385,716.005005,1.18467573E-03
48,3,1079.46753,716.005005,736.787476,1.18467573E-03
48,4,1079.46753,736.787476,757.920715,1.18467573E-03
48,5,1079.46753,757.920715,778.796753,1.18467573E-03
48,6,1079.46753,778.796753,798.866943,1.18467573E-03
48,7,1079.46753,798.866943,817.921082,1.18467573E-03
48,8,1079.46753,817.921082,836.103271,1.18467573E-03
48,9,1079.46753,836.103271,853.799072,1.18467573E-03
48,10,1079.46753,853.799072,871.487854,1.18467573E-03
48,11,1079.46753,871.487854,889.614868,1.18467573E-03
48,12,1079.46753,889.614868,908.500366,1.18467573E-03
48,13,1079.46753,908.500366,928.299561,1.18467573E-03
48,14,1079.46753,928.299561,948.999207,1.18467573E-03
48,15,1079.46753,948.999207,970.445679,1.18467573E-03
48,16,1079.46753,970.445679,992.389099,1.18467573E-03
48,17,1079.46753,992.389099,1014.53461,1.18467573E-03
48,18,1079.46753,1014.53461,1036.58777,1.18467573E-03
48,19,1079.46753,1036.58777,1058.29431,1.18467573E-03
48,20,1079.46753,1058.29431,1079.46753,1.18467573E-03
49,1,1062.81592,1079.46753,1078.81628,1.62429910E-08
49,2,1062.81592,1078.81628,1078.81946,1.62429910E-08
49,3,1062.81592,1078.81946,1079.04407,1.62429910E-08
49,4,1062.81592,1079.04407,1079.14563,1.62429910E-08
49,5,1062.81592,1079.14563,1078.96765,1.62429910E-08
49,6,1062.81592,1078.96765,1078.45227,1.62429910E-08
49,7,1062.81592,1078.45227,1077.64197,1.62429910E-08
49,8,1062.81592,1077.64197,1076.45374,1.62429910E-08
49,9,1062.81592,1076.45374,1075.05237,1.62429910E-08
49,10,1062.81592,1075.05237,1073.69861,1.62429910E-08
49,11,1062.81592,1073.69861,1072.20251,1.62429910E-08
49,12,1062.81592,1072.20251,1070.67444,1.62429910E-08
49,13,1062.81592,1070.67444,1069.19702,1.62429910E-08
49,14,1062.81592,1069.19702,1067.82703,1.62429910E-08
49,15,1062.81592,1067.82703,1066.60168,1.62429910E-08
49,16,1062.81592,1066.60168,1065.54004,1.62429910E-08
49,17,1062.81592,1065.54004,1064.64661,1.62429910E-08
49,18,1062.81592,1064.64661,1063.98706,1.62429910E-08
49,19,1062.81592,1063.98706,1063.27771,1.62429910E-08
49,20,1062.81592,1063.27771,1062.81592,1.62429910E-08
50,1,1038.32288,1251.96252,1174.45581,-2.27336132E-04
50,2,1038.32288,1174.45581,1218.48499,-2.27336132E-04
50,3,1038.32288,1218.48499,1175.15540,-2.27336132E-04
50,4,1038.32288,1175.15540,1084.02087,-2.27336132E-04
50,5,1038.32288,1084.02087,1011.94635,-2.27336132E-04
50,6,1038.32288,1011.94635,997.004822,-2.27336132E-04
50,7,1038.32288,997.004822,1038.54016,-2.27336132E-04
50,8,1038.32288,1038.54016,1097.78601,-2.27336132E-04
50,9,1038.32288,1097.78601,1158.30164,-2.27336132E-04
50,10,1038.32288,1158.30164,1201.07874,-2.27336132E-04
50,11,1038.32288,1201.07874,1217.99561,-2.27336132E-04
50,12,1038.32288,1217.99561,1213.04651,-2.27336132E-04
50,13,1038.32288,1213.04651,1194.14368,-2.27336132E-04
50,14,1038.32288,1194.14368,1168.80066,-2.27336132E-04
50,15,1038.32288,1168.80066,1142.40637,-2.27336132E-04
50,16,1038.32288,1142.40637,1117.99353,-2.27336132E-04
50,17,1038.32288,1117.99353,1096.72400,-2.27336132E-04
50,18,1038.32288,1096.72400,1078.60400,-2.27336132E-04
50,19,1038.32288,1078.60400,1057.51294,-2.27336132E-04
50,20,1038.32288,1057.51294,1038.32288,-2.27336132E-04
51,1,1166.84668,1038.32288,1017.72076,7.47876111E-05
51,2,1166.84668,1017.72076,1276.30420,7.47876111E-05
51,3,1166.84668,1276.30420,919.991516,7.47876111E-05
51,4,1166.84668,919.991516,874.528137,7.47876111E-05
51,5,1166.84668,874.528137,952.412048,7.47876111E-05
51,6,1166.84668,952.412048,1055.76477,7.47876111E-05
51,7,1166.84668,1055.76477,1140.59814,7.47876111E-05
51,8,1166.84668,1140.59814,1193.30176,7.47876111E-05
51,9,1166.84668,1193.30176,1215.69312,7.47876111E-05
51,10,1166.84668,1215.69312,1215.95166,7.47876111E-05
51,11,1166.84668,1215.95166,1203.48584,7.47876111E-05
51,12,1166.84668,1203.48584,1186.35144,7.47876111E-05
51,13,1166.84668,1186.35144,1170.24536,7.47876111E-05
51,14,1166.84668,1170.24536,1158.41125,7.47876111E-05
51,15,1166.84668,1158.41125,1152.01489,7.47876111E-05
51,16,1166.84668,1152.01489,1150.70923,7.47876111E-05
51,17,1166.84668,1150.70923,1153.21704,7.47876111E-05
51,18,1166.84668,1153.21704,1157.84534,7.47876111E-05
51,19,1166.84668,1157.84534,1162.87708,7.47876111E-05
51,20,1166.84668,1162.87708,1166.84668,7.47876111E-05
52,1,4263.16113,1219.09985,1379.56592,4.79043182E-03
52,2,4263.16113,1379.56592,1515.80566,4.79043182E-03
52,3,4263.16113,1515.80566,1651.01001,4.79043182E-03
52,4,4263.16113,1651.01001,1791.71484,4.79043182E-03
52,5,4263.16113,1791.71484,1937.12512,4.79043182E-03
52,6,4263.16113,1937.12512,2084.32349,4.79043182E-03
52,7,4263.16113,2084.32349,2230.82422,4.79043182E-03
52,8,4263.16113,2230.82422,2375.49902,4.79043182E-03
52,9,4263.16113,2375.49902,2518.60254,4.79043182E-03
52,10,4263.16113,2518.60254,2661.36865,4.79043182E-03
52,11,4263.16113,2661.36865,2805.47900,4.79043182E-03
52,12,4263.16113,2805.47900,2952.58423,4.79043182E-03
52,13,4263.16113,2952.58423,3103.93677,4.79043182E-03
52,14,4263.16113,3103.93677,3260.18311,4.79043182E-03
52,15,4263.16113,3260.18311,3421.29395,4.79043182E-03
52,16,4263.16113,3421.29395,3586.61499,4.79043182E-03
52,17,4263.16113,3586.61499,3754.99268,4.79043182E-03
52,18,4263.16113,3754.99268,3924.94824,4.79043182E-03
52,19,4263.16113,3924.94824,4094.86426,4.79043182E-03
52,20,4263.16113,4094.86426,4263.16113,4.79043182E-03
53,1,2541.79712,4263.16113,4182.84326,-2.61540264E-02
53,2,2541.79712,4182.84326,4102.55713,-2.61540264E-02
53,3,2541.79712,4102.55713,4022.34619,-2.61540264E-02
53,4,2541.79712,4022.34619,3942.24805,-2.61540264E-02
53,5,2541.79712,3942.24805,3862.29004,-2.61540264E-02
53,6,2541.79712,3862.29004,3782.49316,-2.61540264E-02
53,7,2541.79712,3782.49316,3702.87476,-2.61540264E-02
53,8,2541.79712,3702.87476,3623.44751,-2.61540264E-02
53,9,2541.79712,3623.44751,3544.21460,-2.61540264E-02
53,10,2541.79712,3544.21460,3465.18262,-2.61540264E-02
53,11,2541.79712,3465.18262,3386.35010,-2.61540264E-02
53,12,2541.79712,3386.35010,3307.71387,-2.61540264E-02
53,13,2541.79712,3307.71387,3229.26611,-2.61540264E-02
53,14,2541.79712,3229.26611,3150.99780,-2.61540264E-02
53,15,2541.79712,3150.99780,3072.90015,-2.61540264E-02
53,16,2541.79712,3072.90015,2994.95801,-2.61540264E-02
53,17,2541.79712,2994.95801,2917.15942,-2.61540264E-02
53,18,2541.79712,2917.15942,2808.34839,-2.61540264E-02
53,19,2541.79712,2808.34839,2666.88721,-2.61540264E-02
53,20,2541.79712,2666.88721,2541.79712,-2.61540264E-02
54,1,1506.12207,2541.79712,2583.70605,-5.07322606E-03
54,2,1506.12207,2583.70605,2607.95508,-5.07322606E-03
54,3,1506.12207,2607.95508,2613.16406,-5.07322606E-03
54,4,1506.12207,2613.16406,2599.57324,-5.07322606E-03
54,5,1506.12207,2599.57324,2568.54004,-5.07322606E-03
54,6,1506.12207,2568.54004,2522.14893,-5.07322606E-03
54,7,1506.12207,2522.14893,2462.89844,-5.07322606E-03
54,8,1506.12207,2462.89844,2393.46973,-5.07322606E-03
54,9,1506.12207,2393.46973,2316.53906,-5.07322606E-03
54,10,1506.12207,2316.53906,2234.65234,-5.07322606E-03
54,11,1506.12207,2234.65234,2150.13721,-5.07322606E-03
54,12,1506.12207,2150.13721,2065.03857,-5.07322606E-03
54,13,1506.12207,2065.03857,1981.08875,-5.07322606E-03
54,14,1506.12207,1981.08875,1899.69995,-5.07322606E-03
54,15,1506.12207,1899.69995,1821.95923,-5.07322606E-03
54,16,1506.12207,1821.95923,1783.54968,-5.07322606E-03
54,17,1506.12207,1783.54968,1752.24707,-5.07322606E-03
54,18,1506.12207,1752.24707,1683.84827,-5.07322606E-03
54,19,1506.12207,1683.84827,1597.34729,-5.07322606E-03
54,20,1506.12207,1597.34729,1506.12207,-5.07322606E-03
55,1,1740.74524,1506.12207,1443.74133,-4.41404991E-04
55,2,1740.74524,1443.74133,1405.61792,-4.41404991E-04
55,3,1740.74524,1405.61792,1387.70825,-4.41404991E-04
55,4,1740.74524,1387.70825,1386.27502,-4.41404991E-04
55,5,1740.74524,1386.27502,1397.89941,-4.41404991E-04
55,6,1740.74524,1397.89941,1419.48804,-4.41404991E-04
55,7,1740.74524,1419.48804,1448.27075,-4.41404991E-04
55,8,1740.74524,1448.27075,1481.80151,-4.41404991E-04
55,9,1740.74524,1481.80151,1517.94324,-4.41404991E-04
55,10,1740.74524,1517.94324,1554.85742,-4.41404991E-04
55,11,1740.74524,1554.85742,1590.98926,-4.41404991E-04
55,12,1740.74524,1590.98926,1625.04980,-4.41404991E-04
55,13,1740.74524,1625.04980,1655.99585,-4.41404991E-04
55,14,1740.74524,1655.99585,1683.01465,-4.41404991E-04
55,15,1740.74524,1683.01465,1705.49963,-4.41404991E-04
55,16,1740.74524,1705.49963,1723.03210,-4.41404991E-04
55,17,1740.74524,1723.03210,1735.36194,-4.41404991E-04
55,18,1740.74524,1735.36194,1742.38721,-4.41404991E-04
55,19,1740.74524,1742.38721,1744.13586,-4.41404991E-04
55,20,1740.74524,1744.13586,1740.74524,-4.41404991E-04
56,1,1246.04199,1740.74524,1730.56799,-6.86332442E-06
56,2,1246.04199,1730.56799,1715.38538,-6.86332442E-06
56,3,1246.04199,1715.38538,1701.40332,-6.86332442E-06
56,4,1246.04199,1701.40332,1679.53662,-6.86332442E-06
56,5,1246.04199,1679.53662,1646.19470,-6.86332442E-06
56,6,1246.04199,1646.19470,1603.80518,-6.86332442E-06
56,7,1246.04199,1603.80518,1555.99890,-6.86332442E-06
56,8,1246.04199,1555.99890,1509.71558,-6.86332442E-06
56,9,1246.04199,1509.71558,1466.24500,-6.86332442E-06
56,10,1246.04199,1466.24500,1427.71887,-6.86332442E-06
56,11,1246.04199,1427.71887,1395.00464,-6.86332442E-06
56,12,1246.04199,1395.00464,1375.13879,-6.86332442E-06
56,13,1246.04199,1375.13879,1357.93628,-6.86332442E-06
56,14,1246.04199,1357.93628,1336.98950,-6.86332442E-06
56,15,1246.04199,1336.98950,1314.94995,-6.86332442E-06
56,16,1246.04199,1314.94995,1293.91443,-6.86332442E-06
56,17,1246.04199,1293.91443,1275.49377,-6.86332442E-06
56,18,1246.04199,1275.49377,1260.87671,-6.86332442E-06
56,19,1246.04199,1260.87671,1250.88708,-6.86332442E-06
56,20,1246.04199,1250.88708,1246.04199,-6.86332442E-06
57,1,3242.04810,2581.08154,2551.95117,-6.32554020E-07
57,2,3242.04810,2551.95117,2608.34473,-6.32554020E-07
57,3,3242.04810,2608.34473,2674.03613,-6.32554020E-07
57,4,3242.04810,2674.03613,2671.29443,-6.32554020E-07
57,5,3242.04810,2671.29443,2612.68018,-6.32554020E-07
57,6,3242.04810,2612.68018,2649.78516,-6.32554020E-07
57,7,3242.04810,2649.78516,2675.67090,-6.32554020E-07
57,8,3242.04810,2675.67090,2699.18457,-6.32554020E-07
57,9,3242.04810,2699.18457,2725.55249,-6.32554020E-07
57,10,3242.04810,2725.55249,2757.35571,-6.32554020E-07
57,11,3242.04810,2757.35571,2795.31836,-6.32554020E-07
57,12,3242.04810,2795.31836,2838.92114,-6.32554020E-07
57,13,3242.04810,2838.92114,2886.86328,-6.32554020E-07
57,14,3242.04810,2886.86328,2931.93506,-6.32554020E-07
57,15,3242.04810,2931.93506,2953.96948,-6.32554020E-07
57,16,3242.04810,2953.96948,3005.97485,-6.32554020E-07
57,17,3242.04810,3005.97485,3070.70337,-6.32554020E-07
57,18,3242.04810,3070.70337,3136.26709,-6.32554020E-07
57,19,3242.04810,3136.26709,3194.91626,-6.32554020E-07
57,20,3242.04810,3194.91626,3242.04810,-6.32554020E-07
58,1,3207.74927,3242.04810,3301.06348,8.43725320E-06
58,2,3207.74927,3301.06348,3196.50415,8.43725320E-06
58,3,3207.74927,3196.50415,3036.63867,8.43725320E-06
58,4,3207.74927,3036.63867,2914.67285,8.43725320E-06
58,5,3207.74927,2914.67285,2789.57788,8.43725320E-06
58,6,3207.74927,2789.57788,2777.99902,8.43725320E-06
58,7,3207.74927,2777.99902,2784.54663,8.43725320E-06
58,8,3207.74927,2784.54663,2761.45435,8.43725320E-06
58,9,3207.74927,2761.45435,2720.26562,8.43725320E-06
58,10,3207.74927,2720.26562,2684.02783,8.43725320E-06
58,11,3207.74927,2684.02783,2665.08203,8.43725320E-06
58,12,3207.74927,2665.08203,2667.72729,8.43725320E-06
58,13,3207.74927,2667.72729,2675.45605,8.43725320E-06
58,14,3207.74927,2675.45605,2722.11597,8.43725320E-06
58,15,3207.74927,2722.11597,2784.19043,8.43725320E-06
58,16,3207.74927,2784.19043,2873.48096,8.43725320E-06
58,17,3207.74927,2873.48096,2875.46021,8.43725320E-06
58,18,3207.74927,2875.46021,2972.52930,8.43725320E-06
58,19,3207.74927,2972.52930,3117.48096,8.43725320E-06
58,20,3207.74927,3117.48096,3207.74927,8.43725320E-06
