i,k,old_q,old_q_ch_in,old_q_ch_out,qlat_ch_old
1,1,458.128784,0.00000000,23.4099979,5.39285713E-04
1,2,458.128784,23.4099979,47.0350761,5.39285713E-04
1,3,458.128784,47.0350761,69.2647095,5.39285713E-04
1,4,458.128784,69.2647095,96.4749222,5.39285713E-04
1,5,458.128784,96.4749222,113.499191,5.39285713E-04
1,6,458.128784,113.499191,141.032150,5.39285713E-04
1,7,458.128784,141.032150,166.768372,5.39285713E-04
1,8,458.128784,166.768372,192.139160,5.39285713E-04
1,9,458.128784,192.139160,188.910736,5.39285713E-04
1,10,458.128784,188.910736,263.042358,5.39285713E-04
1,11,458.128784,263.042358,246.159393,5.39285713E-04
1,12,458.128784,246.159393,265.583466,5.39285713E-04
1,13,458.128784,265.583466,314.708954,5.39285713E-04
1,14,458.128784,314.708954,360.980621,5.39285713E-04
1,15,458.128784,360.980621,316.779877,5.39285713E-04
1,16,458.128784,316.779877,358.202789,5.39285713E-04
1,17,458.128784,358.202789,415.157837,5.39285713E-04
1,18,458.128784,415.157837,435.522339,5.39285713E-04
1,19,458.128784,435.522339,438.141876,5.39285713E-04
1,20,458.128784,438.141876,458.128784,5.39285713E-04
2,1,1594.81372,0.00000000,80.3863220,3.22599453E-03
2,2,1594.81372,80.3863220,159.715393,3.22599453E-03
2,3,1594.81372,159.715393,238.945862,3.22599453E-03
2,4,1594.81372,238.945862,320.303528,3.22599453E-03
2,5,1594.81372,320.303528,402.091248,3.22599453E-03
2,6,1594.81372,402.091248,482.252075,3.22599453E-03
2,7,1594.81372,482.252075,560.560974,3.22599453E-03
2,8,1594.81372,560.560974,638.325500,3.22599453E-03
2,9,1594.81372,638.325500,717.094849,3.22599453E-03
2,10,1594.81372,717.094849,797.656189,3.22599453E-03
2,11,1594.81372,797.656189,879.760681,3.22599453E-03
2,12,1594.81372,879.760681,962.440002,3.22599453E-03
2,13,1594.81372,962.440002,1044.55469,3.22599453E-03
2,14,1594.81372,1044.55469,1125.27722,3.22599453E-03
2,15,1594.81372,1125.27722,1204.35083,3.22599453E-03
2,16,1594.81372,1204.35083,1282.09521,3.22599453E-03
2,17,1594.81372,1282.09521,1359.23120,3.22599453E-03
2,18,1594.81372,1359.23120,1436.61743,3.22599453E-03
2,19,1594.81372,1436.61743,1514.99707,3.22599453E-03
2,20,1594.81372,1514.99707,1594.81372,3.22599453E-03
3,1,0.00000000,0.00000000,0.00000000,-1.02905597E-05
3,2,0.00000000,0.00000000,0.00000000,-1.02905597E-05
3,3,0.00000000,0.00000000,0.00000000,-1.02905597E-05
3,4,0.00000000,0.00000000,0.00000000,-1.02905597E-05
3,5,0.00000000,0.00000000,0.00000000,-1.02905597E-05
3,6,0.00000000,0.00000000,0.00000000,-1.02905597E-05
3,7,0.00000000,0.00000000,0.00000000,-1.02905597E-05
3,8,0.00000000,0.00000000,0.00000000,-1.02905597E-05
3,9,0.00000000,0.00000000,0.00000000,-1.02905597E-05
3,10,0.00000000,0.00000000,0.00000000,-1.02905597E-05
3,11,0.00000000,0.00000000,0.00000000,-1.02905597E-05
3,12,0.00000000,0.00000000,0.00000000,-1.02905597E-05
3,13,0.00000000,0.00000000,0.00000000,-1.02905597E-05
3,14,0.00000000,0.00000000,0.00000000,-1.02905597E-05
3,15,0.00000000,0.00000000,0.00000000,-1.02905597E-05
3,16,0.00000000,0.00000000,0.00000000,-1.02905597E-05
3,17,0.00000000,0.00000000,0.00000000,-1.02905597E-05
3,18,0.00000000,0.00000000,0.00000000,-1.02905597E-05
3,19,0.00000000,0.00000000,0.00000000,-1.02905597E-05
3,20,0.00000000,0.00000000,0.00000000,-1.02905597E-05
4,1,74.8341217,0.00000000,3.86506367,6.19261627E-05
4,2,74.8341217,3.86506367,7.16417503,6.19261627E-05
4,3,74.8341217,7.16417503,12.1542511,6.19261627E-05
4,4,74.8341217,12.1542511,15.1090269,6.19261627E-05
4,5,74.8341217,15.1090269,18.1929932,6.19261627E-05
4,6,74.8341217,18.1929932,22.5010872,6.19261627E-05
4,7,74.8341217,22.5010872,27.1606178,6.19261627E-05
4,8,74.8341217,27.1606178,31.1553421,6.19261627E-05
4,9,74.8341217,31.1553421,34.3708839,6.19261627E-05
4,10,74.8341217,34.3708839,37.3905563,6.19261627E-05
4,11,74.8341217,37.3905563,40.8325310,6.19261627E-05
4,12,74.8341217,40.8325310,44.9067535,6.19261627E-05
4,13,74.8341217,44.9067535,49.3838081,6.19261627E-05
4,14,74.8341217,49.3838081,53.8327026,6.19261627E-05
4,15,74.8341217,53.8327026,57.8993187,6.19261627E-05
4,16,74.8341217,57.8993187,61.4700394,6.19261627E-05
4,17,74.8341217,61.4700394,64.6796265,6.19261627E-05
4,18,74.8341217,64.6796265,67.8067856,6.19261627E-05
4,19,74.8341217,67.8067856,71.1336212,6.19261627E-05
4,20,74.8341217,71.1336212,74.8341217,6.19261627E-05
5,1,2.04812551,0.00000000,0.101719439,1.73240664E-06
5,2,2.04812551,0.101719439,0.203424051,1.73240664E-06
5,3,2.04812551,0.203424051,0.305295974,1.73240664E-06
5,4,2.04812551,0.305295974,0.406041265,1.73240664E-06
5,5,2.04812551,0.406041265,0.511776268,1.73240664E-06
5,6,2.04812551,0.511776268,0.602486253,1.73240664E-06
5,7,2.04812551,0.602486253,0.723559022,1.73240664E-06
5,8,2.04812551,0.723559022,0.806909442,1.73240664E-06
5,9,2.04812551,0.806909442,0.909373045,1.73240664E-06
5,10,2.04812551,0.909373045,1.02723861,1.73240664E-06
5,11,2.04812551,1.02723861,1.12303650,1.73240664E-06
5,12,2.04812551,1.12303650,1.21033752,1.73240664E-06
5,13,2.04812551,1.21033752,1.31597316,1.73240664E-06
5,14,2.04812551,1.31597316,1.43232584,1.73240664E-06
5,15,2.04812551,1.43232584,1.53652954,1.73240664E-06
5,16,2.04812551,1.53652954,1.62570667,1.73240664E-06
5,17,2.04812551,1.62570667,1.71682262,1.73240664E-06
5,18,2.04812551,1.71682262,1.82258081,1.73240664E-06
5,19,2.04812551,1.82258081,1.93788075,1.73240664E-06
5,20,2.04812551,1.93788075,2.04812551,1.73240664E-06
6,1,0.00000000,0.00000000,0.00000000,-8.95918078E-08
6,2,0.00000000,0.00000000,0.00000000,-8.95918078E-08
6,3,0.00000000,0.00000000,0.00000000,-8.95918078E-08
6,4,0.00000000,0.00000000,0.00000000,-8.95918078E-08
6,5,0.00000000,0.00000000,0.00000000,-8.95918078E-08
6,6,0.00000000,0.00000000,0.00000000,-8.95918078E-08
6,7,0.00000000,0.00000000,0.00000000,-8.95918078E-08
6,8,0.00000000,0.00000000,0.00000000,-8.95918078E-08
6,9,0.00000000,0.00000000,0.00000000,-8.95918078E-08
6,10,0.00000000,0.00000000,0.00000000,-8.95918078E-08
6,11,0.00000000,0.00000000,0.00000000,-8.95918078E-08
6,12,0.00000000,0.00000000,0.00000000,-8.95918078E-08
6,13,0.00000000,0.00000000,0.00000000,-8.95918078E-08
6,14,0.00000000,0.00000000,0.00000000,-8.95918078E-08
6,15,0.00000000,0.00000000,0.00000000,-8.95918078E-08
6,16,0.00000000,0.00000000,0.00000000,-8.95918078E-08
6,17,0.00000000,0.00000000,0.00000000,-8.95918078E-08
6,18,0.00000000,0.00000000,0.00000000,-8.95918078E-08
6,19,0.00000000,0.00000000,0.00000000,-8.95918078E-08
6,20,0.00000000,0.00000000,0.00000000,-8.95918078E-08
7,1,0.00000000,0.00000000,0.00000000,-8.16263793E-11
7,2,0.00000000,0.00000000,0.00000000,-8.16263793E-11
7,3,0.00000000,0.00000000,0.00000000,-8.16263793E-11
7,4,0.00000000,0.00000000,0.00000000,-8.16263793E-11
7,5,0.00000000,0.00000000,0.00000000,-8.16263793E-11
7,6,0.00000000,0.00000000,0.00000000,-8.16263793E-11
7,7,0.00000000,0.00000000,0.00000000,-8.16263793E-11
7,8,0.00000000,0.00000000,0.00000000,-8.16263793E-11
7,9,0.00000000,0.00000000,0.00000000,-8.16263793E-11
7,10,0.00000000,0.00000000,0.00000000,-8.16263793E-11
7,11,0.00000000,0.00000000,0.00000000,-8.16263793E-11
7,12,0.00000000,0.00000000,0.00000000,-8.16263793E-11
7,13,0.00000000,0.00000000,0.00000000,-8.16263793E-11
7,14,0.00000000,0.00000000,0.00000000,-8.16263793E-11
7,15,0.00000000,0.00000000,0.00000000,-8.16263793E-11
7,16,0.00000000,0.00000000,0.00000000,-8.16263793E-11
7,17,0.00000000,0.00000000,0.00000000,-8.16263793E-11
7,18,0.00000000,0.00000000,0.00000000,-8.16263793E-11
7,19,0.00000000,0.00000000,0.00000000,-8.16263793E-11
7,20,0.00000000,0.00000000,0.00000000,-8.16263793E-11
8,1,0.00000000,0.00000000,0.00000000,-6.40225539E-04
8,2,0.00000000,0.00000000,0.00000000,-6.40225539E-04
8,3,0.00000000,0.00000000,0.00000000,-6.40225539E-04
8,4,0.00000000,0.00000000,0.00000000,-6.40225539E-04
8,5,0.00000000,0.00000000,0.00000000,-6.40225539E-04
8,6,0.00000000,0.00000000,0.00000000,-6.40225539E-04
8,7,0.00000000,0.00000000,0.00000000,-6.40225539E-04
8,8,0.00000000,0.00000000,0.00000000,-6.40225539E-04
8,9,0.00000000,0.00000000,0.00000000,-6.40225539E-04
8,10,0.00000000,0.00000000,0.00000000,-6.40225539E-04
8,11,0.00000000,0.00000000,0.00000000,-6.40225539E-04
8,12,0.00000000,0.00000000,0.00000000,-6.40225539E-04
8,13,0.00000000,0.00000000,0.00000000,-6.40225539E-04
8,14,0.00000000,0.00000000,0.00000000,-6.40225539E-04
8,15,0.00000000,0.00000000,0.00000000,-6.40225539E-04
8,16,0.00000000,0.00000000,0.00000000,-6.40225539E-04
8,17,0.00000000,0.00000000,0.00000000,-6.40225539E-04
8,18,0.00000000,0.00000000,0.00000000,-6.40225539E-04
8,19,0.00000000,0.00000000,0.00000000,-6.40225539E-04
8,20,0.00000000,0.00000000,0.00000000,-6.40225539E-04
9,1,0.452377975,0.00000000,2.59803236E-02,3.58316674E-06
9,2,0.452377975,2.59803236E-02,4.01770175E-02,3.58316674E-06
9,3,0.452377975,4.01770175E-02,6.66086599E-02,3.58316674E-06
9,4,0.452377975,6.66086599E-02,9.66891348E-02,3.58316674E-06
9,5,0.452377975,9.66891348E-02,0.122420423,3.58316674E-06
9,6,0.452377975,0.122420423,0.142528266,3.58316674E-06
9,7,0.452377975,0.142528266,0.159954339,3.58316674E-06
9,8,0.452377975,0.159954339,0.178346917,3.58316674E-06
9,9,0.452377975,0.178346917,0.199955776,3.58316674E-06
9,10,0.452377975,0.199955776,0.225094020,3.58316674E-06
9,11,0.452377975,0.225094020,0.252595305,3.58316674E-06
9,12,0.452377975,0.252595305,0.280644923,3.58316674E-06
9,13,0.452377975,0.280644923,0.307547897,3.58316674E-06
9,14,0.452377975,0.307547897,0.332221091,3.58316674E-06
9,15,0.452377975,0.332221091,0.354370624,3.58316674E-06
9,16,0.452377975,0.354370624,0.374410361,3.58316674E-06
9,17,0.452377975,0.374410361,0.393225670,3.58316674E-06
9,18,0.452377975,0.393225670,0.411882639,3.58316674E-06
9,19,0.452377975,0.411882639,0.431363940,3.58316674E-06
9,20,0.452377975,0.431363940,0.452377975,3.58316674E-06
10,1,0.00000000,0.00000000,0.00000000,-8.54080499E-05
10,2,0.00000000,0.00000000,0.00000000,-8.54080499E-05
10,3,0.00000000,0.00000000,0.00000000,-8.54080499E-05
10,4,0.00000000,0.00000000,0.00000000,-8.54080499E-05
10,5,0.00000000,0.00000000,0.00000000,-8.54080499E-05
10,6,0.00000000,0.00000000,0.00000000,-8.54080499E-05
10,7,0.00000000,0.00000000,0.00000000,-8.54080499E-05
10,8,0.00000000,0.00000000,0.00000000,-8.54080499E-05
10,9,0.00000000,0.00000000,0.00000000,-8.54080499E-05
10,10,0.00000000,0.00000000,0.00000000,-8.54080499E-05
10,11,0.00000000,0.00000000,0.00000000,-8.54080499E-05
10,12,0.00000000,0.00000000,0.00000000,-8.54080499E-05
10,13,0.00000000,0.00000000,0.00000000,-8.54080499E-05
10,14,0.00000000,0.00000000,0.00000000,-8.54080499E-05
10,15,0.00000000,0.00000000,0.00000000,-8.54080499E-05
10,16,0.00000000,0.00000000,0.00000000,-8.54080499E-05
10,17,0.00000000,0.00000000,0.00000000,-8.54080499E-05
10,18,0.00000000,0.00000000,0.00000000,-8.54080499E-05
10,19,0.00000000,0.00000000,0.00000000,-8.54080499E-05
10,20,0.00000000,0.00000000,0.00000000,-8.54080499E-05
11,1,7.88312960,0.00000000,0.392703503,6.66387723E-06
11,2,7.88312960,0.392703503,0.766220152,6.66387723E-06
11,3,7.88312960,0.766220152,1.22465587,6.66387723E-06
11,4,7.88312960,1.22465587,1.49710798,6.66387723E-06
11,5,7.88312960,1.49710798,1.94753170,6.66387723E-06
11,6,7.88312960,1.94753170,2.41395998,6.66387723E-06
11,7,7.88312960,2.41395998,2.76005983,6.66387723E-06
11,8,7.88312960,2.76005983,3.07022500,6.66387723E-06
11,9,7.88312960,3.07022500,3.45499945,6.66387723E-06
11,10,7.88312960,3.45499945,3.91361976,6.66387723E-06
11,11,7.88312960,3.91361976,4.36861563,6.66387723E-06
11,12,7.88312960,4.36861563,4.76001358,6.66387723E-06
11,13,7.88312960,4.76001358,5.09240913,6.66387723E-06
11,14,7.88312960,5.09240913,5.41617346,6.66387723E-06
11,15,7.88312960,5.41617346,5.78076267,6.66387723E-06
11,16,7.88312960,5.78076267,6.20146847,6.66387723E-06
11,17,7.88312960,6.20146847,6.65633011,6.66387723E-06
11,18,7.88312960,6.65633011,7.10583735,6.66387723E-06
11,19,7.88312960,7.10583735,7.51784134,6.66387723E-06
11,20,7.88312960,7.51784134,7.88312960,6.66387723E-06
12,1,0.00000000,0.00000000,0.00000000,-1.04284525E-09
12,2,0.00000000,0.00000000,0.00000000,-1.04284525E-09
12,3,0.00000000,0.00000000,0.00000000,-1.04284525E-09
12,4,0.00000000,0.00000000,0.00000000,-1.04284525E-09
12,5,0.00000000,0.00000000,0.00000000,-1.04284525E-09
12,6,0.00000000,0.00000000,0.00000000,-1.04284525E-09
12,7,0.00000000,0.00000000,0.00000000,-1.04284525E-09
12,8,0.00000000,0.00000000,0.00000000,-1.04284525E-09
12,9,0.00000000,0.00000000,0.00000000,-1.04284525E-09
12,10,0.00000000,0.00000000,0.00000000,-1.04284525E-09
12,11,0.00000000,0.00000000,0.00000000,-1.04284525E-09
12,12,0.00000000,0.00000000,0.00000000,-1.04284525E-09
12,13,0.00000000,0.00000000,0.00000000,-1.04284525E-09
12,14,0.00000000,0.00000000,0.00000000,-1.04284525E-09
12,15,0.00000000,0.00000000,0.00000000,-1.04284525E-09
12,16,0.00000000,0.00000000,0.00000000,-1.04284525E-09
12,17,0.00000000,0.00000000,0.00000000,-1.04284525E-09
12,18,0.00000000,0.00000000,0.00000000,-1.04284525E-09
12,19,0.00000000,0.00000000,0.00000000,-1.04284525E-09
12,20,0.00000000,0.00000000,0.00000000,-1.04284525E-09
13,1,0.00000000,0.00000000,0.00000000,-1.52524376E-06
13,2,0.00000000,0.00000000,0.00000000,-1.52524376E-06
13,3,0.00000000,0.00000000,0.00000000,-1.52524376E-06
13,4,0.00000000,0.00000000,0.00000000,-1.52524376E-06
13,5,0.00000000,0.00000000,0.00000000,-1.52524376E-06
13,6,0.00000000,0.00000000,0.00000000,-1.52524376E-06
13,7,0.00000000,0.00000000,0.00000000,-1.52524376E-06
13,8,0.00000000,0.00000000,0.00000000,-1.52524376E-06
13,9,0.00000000,0.00000000,0.00000000,-1.52524376E-06
13,10,0.00000000,0.00000000,0.00000000,-1.52524376E-06
13,11,0.00000000,0.00000000,0.00000000,-1.52524376E-06
13,12,0.00000000,0.00000000,0.00000000,-1.52524376E-06
13,13,0.00000000,0.00000000,0.00000000,-1.52524376E-06
13,14,0.00000000,0.00000000,0.00000000,-1.52524376E-06
13,15,0.00000000,0.00000000,0.00000000,-1.52524376E-06
13,16,0.00000000,0.00000000,0.00000000,-1.52524376E-06
13,17,0.00000000,0.00000000,0.00000000,-1.52524376E-06
13,18,0.00000000,0.00000000,0.00000000,-1.52524376E-06
13,19,0.00000000,0.00000000,0.00000000,-1.52524376E-06
13,20,0.00000000,0.00000000,0.00000000,-1.52524376E-06
14,1,134.408447,0.00000000,17.7923145,1.31418894E-03
14,2,134.408447,17.7923145,35.3135033,1.31418894E-03
14,3,134.408447,35.3135033,52.1950684,1.31418894E-03
14,4,134.408447,52.1950684,67.9707184,1.31418894E-03
14,5,134.408447,67.9707184,82.1871338,1.31418894E-03
14,6,134.408447,82.1871338,94.5075836,1.31418894E-03
14,7,134.408447,94.5075836,104.770874,1.31418894E-03
14,8,134.408447,104.770874,112.996933,1.31418894E-03
14,9,134.408447,112.996933,119.351944,1.31418894E-03
14,10,134.408447,119.351944,124.094360,1.31418894E-03
14,11,134.408447,124.094360,127.520729,1.31418894E-03
14,12,134.408447,127.520729,129.922882,1.31418894E-03
14,13,134.408447,129.922882,131.560516,1.31418894E-03
14,14,134.408447,131.560516,132.648361,1.31418894E-03
14,15,134.408447,132.648361,133.353775,1.31418894E-03
14,16,134.408447,133.353775,133.801056,1.31418894E-03
14,17,134.408447,133.801056,134.078781,1.31418894E-03
14,18,134.408447,134.078781,134.247894,1.31418894E-03
14,19,134.408447,134.247894,134.349014,1.31418894E-03
14,20,134.408447,134.349014,134.408447,1.31418894E-03
15,1,1.38875151,0.452377975,0.500774980,3.01426485E-06
15,2,1.38875151,0.500774980,0.559069991,3.01426485E-06
15,3,1.38875151,0.559069991,0.603004694,3.01426485E-06
15,4,1.38875151,0.603004694,0.666445911,3.01426485E-06
15,5,1.38875151,0.666445911,0.696964920,3.01426485E-06
15,6,1.38875151,0.696964920,0.722508848,3.01426485E-06
15,7,1.38875151,0.722508848,0.769784749,3.01426485E-06
15,8,1.38875151,0.769784749,0.830447972,3.01426485E-06
15,9,1.38875151,0.830447972,0.886567473,3.01426485E-06
15,10,1.38875151,0.886567473,0.932616949,3.01426485E-06
15,11,1.38875151,0.932616949,0.974507332,3.01426485E-06
15,12,1.38875151,0.974507332,1.01878548,3.01426485E-06
15,13,1.38875151,1.01878548,1.06624854,3.01426485E-06
15,14,1.38875151,1.06624854,1.11326718,3.01426485E-06
15,15,1.38875151,1.11326718,1.15654814,3.01426485E-06
15,16,1.38875151,1.15654814,1.19637454,3.01426485E-06
15,17,1.38875151,1.19637454,1.23638082,3.01426485E-06
15,18,1.38875151,1.23638082,1.28089976,3.01426485E-06
15,19,1.38875151,1.28089976,1.33211732,3.01426485E-06
15,20,1.38875151,1.33211732,1.38875151,3.01426485E-06
16,1,113.848999,0.00000000,5.69072151,6.87613734E-04
16,2,113.848999,5.69072151,11.3571453,6.87613734E-04
16,3,113.848999,11.3571453,17.1015511,6.87613734E-04
16,4,113.848999,17.1015511,22.7685032,6.87613734E-04
16,5,113.848999,22.7685032,28.3234024,6.87613734E-04
16,6,113.848999,28.3234024,34.1613121,6.87613734E-04
16,7,113.848999,34.1613121,39.8986969,6.87613734E-04
16,8,113.848999,39.8986969,45.6831779,6.87613734E-04
16,9,113.848999,45.6831779,50.8893166,6.87613734E-04
16,10,113.848999,50.8893166,56.9344521,6.87613734E-04
16,11,113.848999,56.9344521,62.3796310,6.87613734E-04
16,12,113.848999,62.3796310,68.2575226,6.87613734E-04
16,13,113.848999,68.2575226,74.3595276,6.87613734E-04
16,14,113.848999,74.3595276,79.8901215,6.87613734E-04
16,15,113.848999,79.8901215,85.2516479,6.87613734E-04
16,16,113.848999,85.2516479,90.2903137,6.87613734E-04
16,17,113.848999,90.2903137,96.6486969,6.87613734E-04
16,18,113.848999,96.6486969,102.582581,6.87613734E-04
16,19,113.848999,102.582581,107.973938,6.87613734E-04
16,20,113.848999,107.973938,113.848999,6.87613734E-04
17,1,0.00000000,0.00000000,0.00000000,-3.78994409E-05
17,2,0.00000000,0.00000000,0.00000000,-3.78994409E-05
17,3,0.00000000,0.00000000,0.00000000,-3.78994409E-05
17,4,0.00000000,0.00000000,0.00000000,-3.78994409E-05
17,5,0.00000000,0.00000000,0.00000000,-3.78994409E-05
17,6,0.00000000,0.00000000,0.00000000,-3.78994409E-05
17,7,0.00000000,0.00000000,0.00000000,-3.78994409E-05
17,8,0.00000000,0.00000000,0.00000000,-3.78994409E-05
17,9,0.00000000,0.00000000,0.00000000,-3.78994409E-05
17,10,0.00000000,0.00000000,0.00000000,-3.78994409E-05
17,11,0.00000000,0.00000000,0.00000000,-3.78994409E-05
17,12,0.00000000,0.00000000,0.00000000,-3.78994409E-05
17,13,0.00000000,0.00000000,0.00000000,-3.78994409E-05
17,14,0.00000000,0.00000000,0.00000000,-3.78994409E-05
17,15,0.00000000,0.00000000,0.00000000,-3.78994409E-05
17,16,0.00000000,0.00000000,0.00000000,-3.78994409E-05
17,17,0.00000000,0.00000000,0.00000000,-3.78994409E-05
17,18,0.00000000,0.00000000,0.00000000,-3.78994409E-05
17,19,0.00000000,0.00000000,0.00000000,-3.78994409E-05
17,20,0.00000000,0.00000000,0.00000000,-3.78994409E-05
18,1,16.9431839,7.88312960,8.10996914,4.90021448E-05
18,2,16.9431839,8.10996914,9.02095413,4.90021448E-05
18,3,16.9431839,9.02095413,9.54747963,4.90021448E-05
18,4,16.9431839,9.54747963,9.77280807,4.90021448E-05
18,5,16.9431839,9.77280807,9.99010944,4.90021448E-05
18,6,16.9431839,9.99010944,10.3783751,4.90021448E-05
18,7,16.9431839,10.3783751,10.9585466,4.90021448E-05
18,8,16.9431839,10.9585466,11.6501122,4.90021448E-05
18,9,16.9431839,11.6501122,12.3420944,4.90021448E-05
18,10,16.9431839,12.3420944,12.9442310,4.90021448E-05
18,11,16.9431839,12.9442310,13.4115038,4.90021448E-05
18,12,16.9431839,13.4115038,13.7464266,4.90021448E-05
18,13,16.9431839,13.7464266,13.9875383,4.90021448E-05
18,14,16.9431839,13.9875383,14.1923981,4.90021448E-05
18,15,16.9431839,14.1923981,14.4207020,4.90021448E-05
18,16,16.9431839,14.4207020,14.7212286,4.90021448E-05
18,17,16.9431839,14.7212286,15.1241312,4.90021448E-05
18,18,16.9431839,15.1241312,15.6383066,4.90021448E-05
18,19,16.9431839,15.6383066,16.2531395,4.90021448E-05
18,20,16.9431839,16.2531395,16.9431839,4.90021448E-05
19,1,114.473045,113.848999,114.084007,5.70786662E-09
19,2,114.473045,114.084007,113.347794,5.70786662E-09
19,3,114.473045,113.347794,113.466232,5.70786662E-09
19,4,114.473045,113.466232,114.546761,5.70786662E-09
19,5,114.473045,114.546761,113.634041,5.70786662E-09
19,6,114.473045,113.634041,113.393791,5.70786662E-09
19,7,114.473045,113.393791,113.291107,5.70786662E-09
19,8,114.473045,113.291107,114.424835,5.70786662E-09
19,9,114.473045,114.424835,114.556801,5.70786662E-09
19,10,114.473045,114.556801,112.793701,5.70786662E-09
19,11,114.473045,112.793701,113.578354,5.70786662E-09
19,12,114.473045,113.578354,113.229897,5.70786662E-09
19,13,114.473045,113.229897,114.250870,5.70786662E-09
19,14,114.473045,114.250870,115.690102,5.70786662E-09
19,15,114.473045,115.690102,113.176208,5.70786662E-09
19,16,114.473045,113.176208,111.965965,5.70786662E-09
19,17,114.473045,111.965965,112.387489,5.70786662E-09
19,18,114.473045,112.387489,115.539543,5.70786662E-09
19,19,114.473045,115.539543,115.200462,5.70786662E-09
19,20,114.473045,115.200462,114.473045,5.70786662E-09
20,1,1.32119739,1.38875151,1.38701284,9.05674042E-08
20,2,1.32119739,1.38701284,1.39641798,9.05674042E-08
20,3,1.32119739,1.39641798,1.42066050,9.05674042E-08
20,4,1.32119739,1.42066050,1.36694205,9.05674042E-08
20,5,1.32119739,1.36694205,1.37910044,9.05674042E-08
20,6,1.32119739,1.37910044,1.37205136,9.05674042E-08
20,7,1.32119739,1.37205136,1.47923160,9.05674042E-08
20,8,1.32119739,1.47923160,1.44976795,9.05674042E-08
20,9,1.32119739,1.44976795,1.39943254,9.05674042E-08
20,10,1.32119739,1.39943254,1.36993515,9.05674042E-08
20,11,1.32119739,1.36993515,1.36705339,9.05674042E-08
20,12,1.32119739,1.36705339,1.38234937,9.05674042E-08
20,13,1.32119739,1.38234937,1.40452540,9.05674042E-08
20,14,1.32119739,1.40452540,1.42453682,9.05674042E-08
20,15,1.32119739,1.42453682,1.43717599,9.05674042E-08
20,16,1.32119739,1.43717599,1.44083774,9.05674042E-08
20,17,1.32119739,1.44083774,1.43653572,9.05674042E-08
20,18,1.32119739,1.43653572,1.42676210,9.05674042E-08
20,19,1.32119739,1.42676210,1.44300842,9.05674042E-08
20,20,1.32119739,1.44300842,1.32119739,9.05674042E-08
21,1,28.7224216,0.00000000,1.19484317,2.91303935E-04
21,2,28.7224216,1.19484317,2.74278831,2.91303935E-04
21,3,28.7224216,2.74278831,4.38480949,2.91303935E-04
21,4,28.7224216,4.38480949,5.98729610,2.91303935E-04
21,5,28.7224216,5.98729610,7.49656296,2.91303935E-04
21,6,28.7224216,7.49656296,8.90660286,2.91303935E-04
21,7,28.7224216,8.90660286,10.2368240,2.91303935E-04
21,8,28.7224216,10.2368240,11.5172224,2.91303935E-04
21,9,28.7224216,11.5172224,12.7791376,2.91303935E-04
21,10,28.7224216,12.7791376,14.0498276,2.91303935E-04
21,11,28.7224216,14.0498276,15.3498144,2.91303935E-04
21,12,28.7224216,15.3498144,16.6921329,2.91303935E-04
21,13,28.7224216,16.6921329,18.0826588,2.91303935E-04
21,14,28.7224216,18.0826588,19.5211487,2.91303935E-04
21,15,28.7224216,19.5211487,21.0026398,2.91303935E-04
21,16,28.7224216,21.0026398,22.5188866,2.91303935E-04
21,17,28.7224216,22.5188866,24.0596695,2.91303935E-04
21,18,28.7224216,24.0596695,25.6140938,2.91303935E-04
21,19,28.7224216,25.6140938,27.1715355,2.91303935E-04
21,20,28.7224216,27.1715355,28.7224216,2.91303935E-04
22,1,1045.53186,16.9431839,65.3541183,2.13822792E-03
22,2,1045.53186,65.3541183,118.282593,2.13822792E-03
22,3,1045.53186,118.282593,175.860931,2.13822792E-03
22,4,1045.53186,175.860931,238.305328,2.13822792E-03
22,5,1045.53186,238.305328,260.186920,2.13822792E-03
22,6,1045.53186,260.186920,293.155701,2.13822792E-03
22,7,1045.53186,293.155701,349.893036,2.13822792E-03
22,8,1045.53186,349.893036,419.803375,2.13822792E-03
22,9,1045.53186,419.803375,489.209717,2.13822792E-03
22,10,1045.53186,489.209717,549.391541,2.13822792E-03
22,11,1045.53186,549.391541,598.006348,2.13822792E-03
22,12,1045.53186,598.006348,637.515564,2.13822792E-03
22,13,1045.53186,637.515564,672.757751,2.13822792E-03
22,14,1045.53186,672.757751,710.843506,2.13822792E-03
22,15,1045.53186,710.843506,749.016541,2.13822792E-03
22,16,1045.53186,749.016541,791.564026,2.13822792E-03
22,17,1045.53186,791.564026,846.551147,2.13822792E-03
22,18,1045.53186,846.551147,912.187988,2.13822792E-03
22,19,1045.53186,912.187988,980.893250,2.13822792E-03
22,20,1045.53186,980.893250,1045.53186,2.13822792E-03
23,1,92.9364014,114.473045,113.169731,-1.75613677E-04
23,2,92.9364014,113.169731,112.232437,-1.75613677E-04
23,3,92.9364014,112.232437,109.768051,-1.75613677E-04
23,4,92.9364014,109.768051,109.884369,-1.75613677E-04
23,5,92.9364014,109.884369,107.630638,-1.75613677E-04
23,6,92.9364014,107.630638,106.680573,-1.75613677E-04
23,7,92.9364014,106.680573,104.576241,-1.75613677E-04
23,8,92.9364014,104.576241,103.677147,-1.75613677E-04
23,9,92.9364014,103.677147,103.499283,-1.75613677E-04
23,10,92.9364014,103.499283,102.580231,-1.75613677E-04
23,11,92.9364014,102.580231,101.484047,-1.75613677E-04
23,12,92.9364014,101.484047,99.3661575,-1.75613677E-04
23,13,92.9364014,99.3661575,97.9770126,-1.75613677E-04
23,14,92.9364014,97.9770126,97.6327515,-1.75613677E-04
23,15,92.9364014,97.6327515,97.6765137,-1.75613677E-04
23,16,92.9364014,97.6765137,97.4893875,-1.75613677E-04
23,17,92.9364014,97.4893875,96.7775269,-1.75613677E-04
23,18,92.9364014,96.7775269,95.1848297,-1.75613677E-04
23,19,92.9364014,95.1848297,94.2585068,-1.75613677E-04
23,20,92.9364014,94.2585068,92.9364014,-1.75613677E-04
24,1,28.7934074,28.7224216,29.1063099,1.52002315E-07
24,2,28.7934074,29.1063099,28.4967823,1.52002315E-07
24,3,28.7934074,28.4967823,28.9490757,1.52002315E-07
24,4,28.7934074,28.9490757,28.8288326,1.52002315E-07
24,5,28.7934074,28.8288326,28.1981926,1.52002315E-07
24,6,28.7934074,28.1981926,27.8091717,1.52002315E-07
24,7,28.7934074,27.8091717,28.0165424,1.52002315E-07
24,8,28.7934074,28.0165424,28.6460609,1.52002315E-07
24,9,28.7934074,28.6460609,29.2641087,1.52002315E-07
24,10,28.7934074,29.2641087,28.2239990,1.52002315E-07
24,11,28.7934074,28.2239990,30.2938843,1.52002315E-07
24,12,28.7934074,30.2938843,29.4977779,1.52002315E-07
24,13,28.7934074,29.4977779,26.6951828,1.52002315E-07
24,14,28.7934074,26.6951828,25.9714451,1.52002315E-07
24,15,28.7934074,25.9714451,27.4631672,1.52002315E-07
24,16,28.7934074,27.4631672,29.4472809,1.52002315E-07
24,17,28.7934074,29.4472809,30.5619240,1.52002315E-07
24,18,28.7934074,30.5619240,30.4988289,1.52002315E-07
24,19,28.7934074,30.4988289,29.6988411,1.52002315E-07
24,20,28.7934074,29.6988411,28.7934074,1.52002315E-07
25,1,785.240601,1045.53186,915.078613,-2.99740634E-07
25,2,785.240601,915.078613,1126.30042,-2.99740634E-07
25,3,785.240601,1126.30042,1243.48083,-2.99740634E-07
25,4,785.240601,1243.48083,1199.53113,-2.99740634E-07
25,5,785.240601,1199.53113,1062.19861,-2.99740634E-07
25,6,785.240601,1062.19861,918.962158,-2.99740634E-07
25,7,785.240601,918.962158,830.385986,-2.99740634E-07
25,8,785.240601,830.385986,819.876709,-2.99740634E-07
25,9,785.240601,819.876709,880.295166,-2.99740634E-07
25,10,785.240601,880.295166,986.254761,-2.99740634E-07
25,11,785.240601,986.254761,1106.06360,-2.99740634E-07
25,12,785.240601,1106.06360,1210.73206,-2.99740634E-07
25,13,785.240601,1210.73206,1279.40479,-2.99740634E-07
25,14,785.240601,1279.40479,1301.54724,-2.99740634E-07
25,15,785.240601,1301.54724,1276.57581,-2.99740634E-07
25,16,785.240601,1276.57581,1211.93054,-2.99740634E-07
25,17,785.240601,1211.93054,1120.39050,-2.99740634E-07
25,18,785.240601,1120.39050,964.958130,-2.99740634E-07
25,19,785.240601,964.958130,826.794434,-2.99740634E-07
25,20,785.240601,826.794434,785.240601,-2.99740634E-07
26,1,0.00000000,92.9364014,68.1518326,-3.52192728E-04
26,2,0.00000000,68.1518326,48.8048630,-3.52192728E-04
26,3,0.00000000,48.8048630,25.3986588,-3.52192728E-04
26,4,0.00000000,25.3986588,4.51555634,-3.52192728E-04
26,5,0.00000000,4.51555634,0.00000000,-3.52192728E-04
26,6,0.00000000,0.00000000,0.00000000,-3.52192728E-04
26,7,0.00000000,0.00000000,0.00000000,-3.52192728E-04
26,8,0.00000000,0.00000000,0.00000000,-3.52192728E-04
26,9,0.00000000,0.00000000,0.00000000,-3.52192728E-04
26,10,0.00000000,0.00000000,0.00000000,-3.52192728E-04
26,11,0.00000000,0.00000000,0.00000000,-3.52192728E-04
26,12,0.00000000,0.00000000,0.00000000,-3.52192728E-04
26,13,0.00000000,0.00000000,0.00000000,-3.52192728E-04
26,14,0.00000000,0.00000000,0.00000000,-3.52192728E-04
26,15,0.00000000,0.00000000,0.00000000,-3.52192728E-04
26,16,0.00000000,0.00000000,0.00000000,-3.52192728E-04
26,17,0.00000000,0.00000000,0.00000000,-3.52192728E-04
26,18,0.00000000,0.00000000,0.00000000,-3.52192728E-04
26,19,0.00000000,0.00000000,0.00000000,-3.52192728E-04
26,20,0.00000000,0.00000000,0.00000000,-3.52192728E-04
27,1,0.00000000,28.7934074,4.36719894,-1.17235014E-03
27,2,0.00000000,4.36719894,0.00000000,-1.17235014E-03
27,3,0.00000000,0.00000000,0.00000000,-1.17235014E-03
27,4,0.00000000,0.00000000,0.00000000,-1.17235014E-03
27,5,0.00000000,0.00000000,0.00000000,-1.17235014E-03
27,6,0.00000000,0.00000000,0.00000000,-1.17235014E-03
27,7,0.00000000,0.00000000,0.00000000,-1.17235014E-03
27,8,0.00000000,0.00000000,0.00000000,-1.17235014E-03
27,9,0.00000000,0.00000000,0.00000000,-1.17235014E-03
27,10,0.00000000,0.00000000,0.00000000,-1.17235014E-03
27,11,0.00000000,0.00000000,0.00000000,-1.17235014E-03
27,12,0.00000000,0.00000000,0.00000000,-1.17235014E-03
27,13,0.00000000,0.00000000,0.00000000,-1.17235014E-03
27,14,0.00000000,0.00000000,0.00000000,-1.17235014E-03
27,15,0.00000000,0.00000000,0.00000000,-1.17235014E-03
27,16,0.00000000,0.00000000,0.00000000,-1.17235014E-03
27,17,0.00000000,0.00000000,0.00000000,-1.17235014E-03
27,18,0.00000000,0.00000000,0.00000000,-1.17235014E-03
27,19,0.00000000,0.00000000,0.00000000,-1.17235014E-03
27,20,0.00000000,0.00000000,0.00000000,-1.17235014E-03
28,1,200.684341,785.240601,1036.79333,-4.10699751E-04
28,2,200.684341,1036.79333,1051.59363,-4.10699751E-04
28,3,200.684341,1051.59363,851.872498,-4.10699751E-04
28,4,200.684341,851.872498,823.723145,-4.10699751E-04
28,5,200.684341,823.723145,1132.75183,-4.10699751E-04
28,6,200.684341,1132.75183,607.552673,-4.10699751E-04
28,7,200.684341,607.552673,1028.05164,-4.10699751E-04
28,8,200.684341,1028.05164,468.568359,-4.10699751E-04
28,9,200.684341,468.568359,1082.11902,-4.10699751E-04
28,10,200.684341,1082.11902,895.652588,-4.10699751E-04
28,11,200.684341,895.652588,445.113586,-4.10699751E-04
28,12,200.684341,445.113586,311.363770,-4.10699751E-04
28,13,200.684341,311.363770,549.520142,-4.10699751E-04
28,14,200.684341,549.520142,1101.89783,-4.10699751E-04
28,15,200.684341,1101.89783,763.903931,-4.10699751E-04
28,16,200.684341,763.903931,396.692017,-4.10699751E-04
28,17,200.684341,396.692017,411.375031,-4.10699751E-04
28,18,200.684341,411.375031,677.927917,-4.10699751E-04
28,19,200.684341,677.927917,489.951599,-4.10699751E-04
28,20,200.684341,489.951599,200.684341,-4.10699751E-04
29,1,3.75858593,0.00000000,0.108957611,9.99418262E-06
29,2,3.75858593,0.108957611,0.330821633,9.99418262E-06
29,3,3.75858593,0.330821633,0.133002788,9.99418262E-06
29,4,3.75858593,0.133002788,0.868118644,9.99418262E-06
29,5,3.75858593,0.868118644,0.307892531,9.99418262E-06
29,6,3.75858593,0.307892531,0.477960795,9.99418262E-06
29,7,3.75858593,0.477960795,1.42889845,9.99418262E-06
29,8,3.75858593,1.42889845,1.11835742,9.99418262E-06
29,9,3.75858593,1.11835742,1.08799601,9.99418262E-06
29,10,3.75858593,1.08799601,0.336414367,9.99418262E-06
29,11,3.75858593,0.336414367,1.17726934,9.99418262E-06
29,12,3.75858593,1.17726934,1.59045649,9.99418262E-06
29,13,3.75858593,1.59045649,2.87949300,9.99418262E-06
29,14,3.75858593,2.87949300,2.08956409,9.99418262E-06
29,15,3.75858593,2.08956409,1.74685609,9.99418262E-06
29,16,3.75858593,1.74685609,0.573356509,9.99418262E-06
29,17,3.75858593,0.573356509,0.890092015,9.99418262E-06
29,18,3.75858593,0.890092015,2.34246039,9.99418262E-06
29,19,3.75858593,2.34246039,3.03118515,9.99418262E-06
29,20,3.75858593,3.03118515,3.75858593,9.99418262E-06
30,1,19.3181438,0.00000000,0.902102947,2.79876240E-05
30,2,19.3181438,0.902102947,1.91141236,2.79876240E-05
30,3,19.3181438,1.91141236,2.56580997,2.79876240E-05
30,4,19.3181438,2.56580997,3.72662616,2.79876240E-05
30,5,19.3181438,3.72662616,4.83801651,2.79876240E-05
30,6,19.3181438,4.83801651,4.78730965,2.79876240E-05
30,7,19.3181438,4.78730965,7.77533627,2.79876240E-05
30,8,19.3181438,7.77533627,6.91246700,2.79876240E-05
30,9,19.3181438,6.91246700,5.04826927,2.79876240E-05
30,10,19.3181438,5.04826927,10.9885597,2.79876240E-05
30,11,19.3181438,10.9885597,14.3050680,2.79876240E-05
30,12,19.3181438,14.3050680,10.6427126,2.79876240E-05
30,13,19.3181438,10.6427126,8.58819485,2.79876240E-05
30,14,19.3181438,8.58819485,3.81057000,2.79876240E-05
30,15,19.3181438,3.81057000,23.3768730,2.79876240E-05
30,16,19.3181438,23.3768730,20.6543312,2.79876240E-05
30,17,19.3181438,20.6543312,10.4239473,2.79876240E-05
30,18,19.3181438,10.4239473,12.2550220,2.79876240E-05
30,19,19.3181438,12.2550220,19.7717991,2.79876240E-05
30,20,19.3181438,19.7717991,19.3181438,2.79876240E-05
31,1,162.369110,78.5927048,80.0770340,1.17586016E-04
31,2,162.369110,80.0770340,93.1581955,1.17586016E-04
31,3,162.369110,93.1581955,60.3598366,1.17586016E-04
31,4,162.369110,60.3598366,87.4752502,1.17586016E-04
31,5,162.369110,87.4752502,114.329002,1.17586016E-04
31,6,162.369110,114.329002,106.160500,1.17586016E-04
31,7,162.369110,106.160500,83.8838425,1.17586016E-04
31,8,162.369110,83.8838425,75.8266449,1.17586016E-04
31,9,162.369110,75.8266449,87.5906830,1.17586016E-04
31,10,162.369110,87.5906830,105.829048,1.17586016E-04
31,11,162.369110,105.829048,115.504074,1.17586016E-04
31,12,162.369110,115.504074,111.817413,1.17586016E-04
31,13,162.369110,111.817413,101.052063,1.17586016E-04
31,14,162.369110,101.052063,94.0538406,1.17586016E-04
31,15,162.369110,94.0538406,98.6905975,1.17586016E-04
31,16,162.369110,98.6905975,115.701492,1.17586016E-04
31,17,162.369110,115.701492,139.045761,1.17586016E-04
31,18,162.369110,139.045761,159.397659,1.17586016E-04
31,19,162.369110,159.397659,168.495056,1.17586016E-04
31,20,162.369110,168.495056,162.369110,1.17586016E-04
32,1,3127.18457,153.726593,119.739311,1.78836128E-08
32,2,3127.18457,119.739311,111.143967,1.78836128E-08
32,3,3127.18457,111.143967,166.949066,1.78836128E-08
32,4,3127.18457,166.949066,350.329437,1.78836128E-08
32,5,3127.18457,350.329437,723.193420,1.78836128E-08
32,6,3127.18457,723.193420,1296.74365,1.78836128E-08
32,7,3127.18457,1296.74365,1995.98962,1.78836128E-08
32,8,3127.18457,1995.98962,2684.00049,1.78836128E-08
32,9,3127.18457,2684.00049,3232.80176,1.78836128E-08
32,10,3127.18457,3232.80176,3581.98193,1.78836128E-08
32,11,3127.18457,3581.98193,3745.56885,1.78836128E-08
32,12,3127.18457,3745.56885,3778.44727,1.78836128E-08
32,13,3127.18457,3778.44727,3738.06836,1.78836128E-08
32,14,3127.18457,3738.06836,3664.42480,1.78836128E-08
32,15,3127.18457,3664.42480,3578.52344,1.78836128E-08
32,16,3127.18457,3578.52344,3489.00342,1.78836128E-08
32,17,3127.18457,3489.00342,3398.65552,1.78836128E-08
32,18,3127.18457,3398.65552,3308.17285,1.78836128E-08
32,19,3127.18457,3308.17285,3217.67822,1.78836128E-08
32,20,3127.18457,3217.67822,3127.18457,1.78836128E-08
33,1,220.349548,164.417236,128.668213,-5.38973036E-05
33,2,220.349548,128.668213,189.083694,-5.38973036E-05
33,3,220.349548,189.083694,68.4548721,-5.38973036E-05
33,4,220.349548,68.4548721,19.9432735,-5.38973036E-05
33,5,220.349548,19.9432735,54.2025948,-5.38973036E-05
33,6,220.349548,54.2025948,111.082153,-5.38973036E-05
33,7,220.349548,111.082153,134.031281,-5.38973036E-05
33,8,220.349548,134.031281,117.942581,-5.38973036E-05
33,9,220.349548,117.942581,91.9944382,-5.38973036E-05
33,10,220.349548,91.9944382,64.1949997,-5.38973036E-05
33,11,220.349548,64.1949997,78.8590469,-5.38973036E-05
33,12,220.349548,78.8590469,48.8105659,-5.38973036E-05
33,13,220.349548,48.8105659,25.5028896,-5.38973036E-05
33,14,220.349548,25.5028896,60.4719734,-5.38973036E-05
33,15,220.349548,60.4719734,101.458321,-5.38973036E-05
33,16,220.349548,101.458321,146.393417,-5.38973036E-05
33,17,220.349548,146.393417,186.872147,-5.38973036E-05
33,18,220.349548,186.872147,215.780838,-5.38973036E-05
33,19,220.349548,215.780838,227.559982,-5.38973036E-05
33,20,220.349548,227.559982,220.349548,-5.38973036E-05
34,1,2759.72778,3127.18457,3108.63184,-1.69755783E-08
34,2,2759.72778,3108.63184,3090.07886,-1.69755783E-08
34,3,2759.72778,3090.07886,3071.52563,-1.69755783E-08
34,4,2759.72778,3071.52563,3052.97266,-1.69755783E-08
34,5,2759.72778,3052.97266,3034.41992,-1.69755783E-08
34,6,2759.72778,3034.41992,3015.86792,-1.69755783E-08
34,7,2759.72778,3015.86792,2997.31763,-1.69755783E-08
34,8,2759.72778,2997.31763,2978.77026,-1.69755783E-08
34,9,2759.72778,2978.77026,2960.22827,-1.69755783E-08
34,10,2759.72778,2960.22827,2941.69556,-1.69755783E-08
34,11,2759.72778,2941.69556,2923.17749,-1.69755783E-08
34,12,2759.72778,2923.17749,2904.68262,-1.69755783E-08
34,13,2759.72778,2904.68262,2886.22217,-1.69755783E-08
34,14,2759.72778,2886.22217,2867.81055,-1.69755783E-08
34,15,2759.72778,2867.81055,2849.46631,-1.69755783E-08
34,16,2759.72778,2849.46631,2831.21338,-1.69755783E-08
34,17,2759.72778,2831.21338,2813.07861,-1.69755783E-08
34,18,2759.72778,2813.07861,2795.09473,-1.69755783E-08
34,19,2759.72778,2795.09473,2777.29736,-1.69755783E-08
34,20,2759.72778,2777.29736,2759.72778,-1.69755783E-08
35,1,2672.12231,2759.72778,2751.76611,-1.79760833E-03
35,2,2672.12231,2751.76611,2748.65601,-1.79760833E-03
35,3,2672.12231,2748.65601,2746.89038,-1.79760833E-03
35,4,2672.12231,2746.89038,2744.65601,-1.79760833E-03
35,5,2672.12231,2744.65601,2741.22192,-1.79760833E-03
35,6,2672.12231,2741.22192,2736.50391,-1.79760833E-03
35,7,2672.12231,2736.50391,2730.75610,-1.79760833E-03
35,8,2672.12231,2730.75610,2724.37549,-1.79760833E-03
35,9,2672.12231,2724.37549,2717.77832,-1.79760833E-03
35,10,2672.12231,2717.77832,2711.32300,-1.79760833E-03
35,11,2672.12231,2711.32300,2705.27417,-1.79760833E-03
35,12,2672.12231,2705.27417,2699.79346,-1.79760833E-03
35,13,2672.12231,2699.79346,2694.95410,-1.79760833E-03
35,14,2672.12231,2694.95410,2690.73828,-1.79760833E-03
35,15,2672.12231,2690.73828,2687.06421,-1.79760833E-03
35,16,2672.12231,2687.06421,2683.81592,-1.79760833E-03
35,17,2672.12231,2683.81592,2680.84448,-1.79760833E-03
35,18,2672.12231,2680.84448,2678.00293,-1.79760833E-03
35,19,2672.12231,2678.00293,2675.13794,-1.79760833E-03
35,20,2672.12231,2675.13794,2672.12231,-1.79760833E-03
36,1,5750.06689,2872.80664,3139.64771,-1.18177923E-06
36,2,5750.06689,3139.64771,3566.46460,-1.18177923E-06
36,3,5750.06689,3566.46460,4175.38525,-1.18177923E-06
36,4,5750.06689,4175.38525,4928.83740,-1.18177923E-06
36,5,5750.06689,4928.83740,5757.73584,-1.18177923E-06
36,6,5750.06689,5757.73584,6584.22607,-1.18177923E-06
36,7,5750.06689,6584.22607,7337.60254,-1.18177923E-06
36,8,5750.06689,7337.60254,7963.52588,-1.18177923E-06
36,9,5750.06689,7963.52588,8427.68359,-1.18177923E-06
36,10,5750.06689,8427.68359,8715.43457,-1.18177923E-06
36,11,5750.06689,8715.43457,8828.95312,-1.18177923E-06
36,12,5750.06689,8828.95312,8783.16309,-1.18177923E-06
36,13,5750.06689,8783.16309,8601.40918,-1.18177923E-06
36,14,5750.06689,8601.40918,8311.45605,-1.18177923E-06
36,15,5750.06689,8311.45605,7942.20312,-1.18177923E-06
36,16,5750.06689,7942.20312,7521.20654,-1.18177923E-06
36,17,5750.06689,7521.20654,7073.02100,-1.18177923E-06
36,18,5750.06689,7073.02100,6618.26221,-1.18177923E-06
36,19,5750.06689,6618.26221,6173.24854,-1.18177923E-06
36,20,5750.06689,6173.24854,5750.06689,-1.18177923E-06
37,1,2674.47485,5750.06689,5149.85400,-9.04236978E-04
37,2,2674.47485,5149.85400,4624.24023,-9.04236978E-04
37,3,2674.47485,4624.24023,4181.42334,-9.04236978E-04
37,4,2674.47485,4181.42334,3820.14771,-9.04236978E-04
37,5,2674.47485,3820.14771,3533.13013,-9.04236978E-04
37,6,2674.47485,3533.13013,3310.01440,-9.04236978E-04
37,7,2674.47485,3310.01440,3139.60010,-9.04236978E-04
37,8,2674.47485,3139.60010,3011.27539,-9.04236978E-04
37,9,2674.47485,3011.27539,2915.76831,-9.04236978E-04
37,10,2674.47485,2915.76831,2845.40308,-9.04236978E-04
37,11,2674.47485,2845.40308,2794.04980,-9.04236978E-04
37,12,2674.47485,2794.04980,2756.92676,-9.04236978E-04
37,13,2674.47485,2756.92676,2730.36230,-9.04236978E-04
37,14,2674.47485,2730.36230,2711.56104,-9.04236978E-04
37,15,2674.47485,2711.56104,2698.41357,-9.04236978E-04
37,16,2674.47485,2698.41357,2689.33740,-9.04236978E-04
37,17,2674.47485,2689.33740,2683.15747,-9.04236978E-04
37,18,2674.47485,2683.15747,2679.00830,-9.04236978E-04
37,19,2674.47485,2679.00830,2676.26367,-9.04236978E-04
37,20,2674.47485,2676.26367,2674.47485,-9.04236978E-04
38,1,3746.61133,2674.47485,2732.90503,-1.36500648E-05
38,2,3746.61133,2732.90503,2816.92822,-1.36500648E-05
38,3,3746.61133,2816.92822,2946.00122,-1.36500648E-05
38,4,3746.61133,2946.00122,3118.51318,-1.36500648E-05
38,5,3746.61133,3118.51318,3306.35913,-1.36500648E-05
38,6,3746.61133,3306.35913,3473.77100,-1.36500648E-05
38,7,3746.61133,3473.77100,3598.16797,-1.36500648E-05
38,8,3746.61133,3598.16797,3676.30396,-1.36500648E-05
38,9,3746.61133,3676.30396,3717.97729,-1.36500648E-05
38,10,3746.61133,3717.97729,3736.76245,-1.36500648E-05
38,11,3746.61133,3736.76245,3743.82764,-1.36500648E-05
38,12,3746.61133,3743.82764,3745.99438,-1.36500648E-05
38,13,3746.61133,3745.99438,3746.51416,-1.36500648E-05
38,14,3746.61133,3746.51416,3746.60376,-1.36500648E-05
38,15,3746.61133,3746.60376,3746.61230,-1.36500648E-05
38,16,3746.61133,3746.61230,3746.61182,-1.36500648E-05
38,17,3746.61133,3746.61182,3746.61133,-1.36500648E-05
38,18,3746.61133,3746.61133,3746.61133,-1.36500648E-05
38,19,3746.61133,3746.61133,3746.61133,-1.36500648E-05
38,20,3746.61133,3746.61133,3746.61133,-1.36500648E-05
39,1,2276.24609,3746.61133,3743.32568,-7.48018607E-08
39,2,2276.24609,3743.32568,3727.38623,-7.48018607E-08
39,3,2276.24609,3727.38623,3691.80005,-7.48018607E-08
39,4,2276.24609,3691.80005,3641.22607,-7.48018607E-08
39,5,2276.24609,3641.22607,3591.88965,-7.48018607E-08
39,6,2276.24609,3591.88965,3560.87183,-7.48018607E-08
39,7,2276.24609,3560.87183,3554.50098,-7.48018607E-08
39,8,2276.24609,3554.50098,3564.72607,-7.48018607E-08
39,9,2276.24609,3564.72607,3574.28613,-7.48018607E-08
39,10,2276.24609,3574.28613,3565.44043,-7.48018607E-08
39,11,2276.24609,3565.44043,3526.57983,-7.48018607E-08
39,12,2276.24609,3526.57983,3454.29443,-7.48018607E-08
39,13,2276.24609,3454.29443,3351.72900,-7.48018607E-08
39,14,2276.24609,3351.72900,3225.43188,-7.48018607E-08
39,15,2276.24609,3225.43188,3082.53735,-7.48018607E-08
39,16,2276.24609,3082.53735,2929.08887,-7.48018607E-08
39,17,2276.24609,2929.08887,2769.46167,-7.48018607E-08
39,18,2276.24609,2769.46167,2606.47241,-7.48018607E-08
39,19,2276.24609,2606.47241,2441.76978,-7.48018607E-08
39,20,2276.24609,2441.76978,2276.24609,-7.48018607E-08
40,1,16176.2705,2276.24609,3311.41357,0.143641710
40,2,16176.2705,3311.41357,4342.49658,0.143641710
40,3,16176.2705,4342.49658,5365.11914,0.143641710
40,4,16176.2705,5365.11914,6373.39795,0.143641710
40,5,16176.2705,6373.39795,7360.29199,0.143641710
40,6,16176.2705,7360.29199,8318.09863,0.143641710
40,7,16176.2705,8318.09863,9239.01270,0.143641710
40,8,16176.2705,9239.01270,10115.6621,0.143641710
40,9,16176.2705,10115.6621,10941.5674,0.143641710
40,10,16176.2705,10941.5674,11711.4854,0.143641710
40,11,16176.2705,11711.4854,12421.6299,0.143641710
40,12,16176.2705,12421.6299,13069.7549,0.143641710
40,13,16176.2705,13069.7549,13655.1240,0.143641710
40,14,16176.2705,13655.1240,14178.3994,0.143641710
40,15,16176.2705,14178.3994,14641.4580,0.143641710
40,16,16176.2705,14641.4580,15047.1777,0.143641710
40,17,16176.2705,15047.1777,15399.2021,0.143641710
40,18,16176.2705,15399.2021,15701.7061,0.143641710
40,19,16176.2705,15701.7061,15959.1865,0.143641710
40,20,16176.2705,15959.1865,16176.2705,0.143641710
41,1,2850.72144,16176.2705,15328.8281,-1.70990504E-07
41,2,2850.72144,15328.8281,14457.5137,-1.70990504E-07
41,3,2850.72144,14457.5137,13569.5938,-1.70990504E-07
41,4,2850.72144,13569.5938,12673.2773,-1.70990504E-07
41,5,2850.72144,12673.2773,11777.4199,-1.70990504E-07
41,6,2850.72144,11777.4199,10891.1699,-1.70990504E-07
41,7,2850.72144,10891.1699,10023.5645,-1.70990504E-07
41,8,2850.72144,10023.5645,9183.16211,-1.70990504E-07
41,9,2850.72144,9183.16211,8377.71387,-1.70990504E-07
41,10,2850.72144,8377.71387,7613.91357,-1.70990504E-07
41,11,2850.72144,7613.91357,6897.22754,-1.70990504E-07
41,12,2850.72144,6897.22754,6231.80518,-1.70990504E-07
41,13,2850.72144,6231.80518,5620.46533,-1.70990504E-07
41,14,2850.72144,5620.46533,5064.73975,-1.70990504E-07
41,15,2850.72144,5064.73975,4564.96533,-1.70990504E-07
41,16,2850.72144,4564.96533,4120.41357,-1.70990504E-07
41,17,2850.72144,4120.41357,3729.43091,-1.70990504E-07
41,18,2850.72144,3729.43091,3389.59302,-1.70990504E-07
41,19,2850.72144,3389.59302,3097.85962,-1.70990504E-07
41,20,2850.72144,3097.85962,2850.72144,-1.70990504E-07
42,1,1956.17505,2850.72144,2733.86230,1.01387290E-04
42,2,1956.17505,2733.86230,2628.55005,1.01387290E-04
42,3,1956.17505,2628.55005,2534.10083,1.01387290E-04
42,4,1956.17505,2534.10083,2449.82446,1.01387290E-04
42,5,1956.17505,2449.82446,2375.02832,1.01387290E-04
42,6,1956.17505,2375.02832,2309.02319,1.01387290E-04
42,7,1956.17505,2309.02319,2251.12622,1.01387290E-04
42,8,1956.17505,2251.12622,2200.66382,1.01387290E-04
42,9,1956.17505,2200.66382,2156.97729,1.01387290E-04
42,10,1956.17505,2156.97729,2119.42407,1.01387290E-04
42,11,1956.17505,2119.42407,2087.38062,1.01387290E-04
42,12,1956.17505,2087.38062,2060.24487,1.01387290E-04
42,13,1956.17505,2060.24487,2037.43896,1.01387290E-04
42,14,1956.17505,2037.43896,2018.41016,1.01387290E-04
42,15,1956.17505,2018.41016,2002.63330,1.01387290E-04
42,16,1956.17505,2002.63330,1989.61108,1.01387290E-04
42,17,1956.17505,1989.61108,1978.87598,1.01387290E-04
42,18,1956.17505,1978.87598,1969.99084,1.01387290E-04
42,19,1956.17505,1969.99084,1962.54895,1.01387290E-04
42,20,1956.17505,1962.54895,1956.17505,1.01387290E-04
43,1,769.824463,1956.17505,1911.57935,1.50770063E-09
43,2,769.824463,1911.57935,1841.62769,1.50770063E-09
43,3,769.824463,1841.62769,1739.43799,1.50770063E-09
43,4,769.824463,1739.43799,1612.27954,1.50770063E-09
43,5,769.824463,1612.27954,1473.19702,1.50770063E-09
43,6,769.824463,1473.19702,1335.29333,1.50770063E-09
43,7,769.824463,1335.29333,1208.66431,1.50770063E-09
43,8,769.824463,1208.66431,1099.39795,1.50770063E-09
43,9,769.824463,1099.39795,1009.88251,1.50770063E-09
43,10,769.824463,1009.88251,939.731506,1.50770063E-09
43,11,769.824463,939.731506,886.842163,1.50770063E-09
43,12,769.824463,886.842163,848.309692,1.50770063E-09
43,13,769.824463,848.309692,821.085388,1.50770063E-09
43,14,769.824463,821.085388,802.377747,1.50770063E-09
43,15,769.824463,802.377747,789.844482,1.50770063E-09
43,16,769.824463,789.844482,781.641479,1.50770063E-09
43,17,769.824463,781.641479,776.387085,1.50770063E-09
43,18,769.824463,776.387085,773.088074,1.50770063E-09
43,19,769.824463,773.088074,771.055298,1.50770063E-09
43,20,769.824463,771.055298,769.824463,1.50770063E-09
44,1,1072.57898,769.824463,785.782349,2.53435248E-03
44,2,1072.57898,785.782349,801.715454,2.53435248E-03
44,3,1072.57898,801.715454,817.593933,2.53435248E-03
44,4,1072.57898,817.593933,833.385559,2.53435248E-03
44,5,1072.57898,833.385559,849.058533,2.53435248E-03
44,6,1072.57898,849.058533,864.583557,2.53435248E-03
44,7,1072.57898,864.583557,879.936951,2.53435248E-03
44,8,1072.57898,879.936951,895.102783,2.53435248E-03
44,9,1072.57898,895.102783,910.075500,2.53435248E-03
44,10,1072.57898,910.075500,924.861084,2.53435248E-03
44,11,1072.57898,924.861084,939.478699,2.53435248E-03
44,12,1072.57898,939.478699,953.961060,2.53435248E-03
44,13,1072.57898,953.961060,968.353943,2.53435248E-03
44,14,1072.57898,968.353943,982.715576,2.53435248E-03
44,15,1072.57898,982.715576,997.115417,2.53435248E-03
44,16,1072.57898,997.115417,1011.63135,2.53435248E-03
44,17,1072.57898,1011.63135,1026.34802,2.53435248E-03
44,18,1072.57898,1026.34802,1041.35339,2.53435248E-03
44,19,1072.57898,1041.35339,1056.73523,2.53435248E-03
44,20,1072.57898,1056.73523,1072.57898,2.53435248E-03
45,1,1382.30859,1072.57898,1075.05432,9.18008845E-06
45,2,1382.30859,1075.05432,1082.46826,9.18008845E-06
45,3,1382.30859,1082.46826,1095.65552,9.18008845E-06
45,4,1382.30859,1095.65552,1114.86621,9.18008845E-06
45,5,1382.30859,1114.86621,1139.69751,9.18008845E-06
45,6,1382.30859,1139.69751,1169.14160,9.18008845E-06
45,7,1382.30859,1169.14160,1201.72717,9.18008845E-06
45,8,1382.30859,1201.72717,1235.71826,9.18008845E-06
45,9,1382.30859,1235.71826,1269.32654,9.18008845E-06
45,10,1382.30859,1269.32654,1300.90332,9.18008845E-06
45,11,1382.30859,1300.90332,1329.08594,9.18008845E-06
45,12,1382.30859,1329.08594,1352.88660,9.18008845E-06
45,13,1382.30859,1352.88660,1371.72656,9.18008845E-06
45,14,1382.30859,1371.72656,1385.41931,9.18008845E-06
45,15,1382.30859,1385.41931,1394.11890,9.18008845E-06
45,16,1382.30859,1394.11890,1398.24658,9.18008845E-06
45,17,1382.30859,1398.24658,1398.40796,9.18008845E-06
45,18,1382.30859,1398.40796,1395.31323,9.18008845E-06
45,19,1382.30859,1395.31323,1389.70642,9.18008845E-06
45,20,1382.30859,1389.70642,1382.30859,9.18008845E-06
46,1,967.999207,1382.30859,1378.42957,-1.57937819E-07
46,2,967.999207,1378.42957,1372.86157,-1.57937819E-07
46,3,967.999207,1372.86157,1365.76831,-1.57937819E-07
46,4,967.999207,1365.76831,1356.98694,-1.57937819E-07
46,5,967.999207,1356.98694,1346.41223,-1.57937819E-07
46,6,967.999207,1346.41223,1333.89966,-1.57937819E-07
46,7,967.999207,1333.89966,1319.37708,-1.57937819E-07
46,8,967.999207,1319.37708,1302.80664,-1.57937819E-07
46,9,967.999207,1302.80664,1284.18384,-1.57937819E-07
46,10,967.999207,1284.18384,1263.53455,-1.57937819E-07
46,11,967.999207,1263.53455,1240.91370,-1.57937819E-07
46,12,967.999207,1240.91370,1216.40234,-1.57937819E-07
46,13,967.999207,1216.40234,1190.10437,-1.57937819E-07
46,14,967.999207,1190.10437,1162.14331,-1.57937819E-07
46,15,967.999207,1162.14331,1132.65894,-1.57937819E-07
46,16,967.999207,1132.65894,1101.80347,-1.57937819E-07
46,17,967.999207,1101.80347,1069.73938,-1.57937819E-07
46,18,967.999207,1069.73938,1036.63550,-1.57937819E-07
46,19,967.999207,1036.63550,1002.66431,-1.57937819E-07
46,20,967.999207,1002.66431,967.999207,-1.57937819E-07
47,1,937.177917,969.320374,965.931763,2.12640862E-05
47,2,937.177917,965.931763,980.899719,2.12640862E-05
47,3,937.177917,980.899719,950.808167,2.12640862E-05
47,4,937.177917,950.808167,948.720764,2.12640862E-05
47,5,937.177917,948.720764,993.854065,2.12640862E-05
47,6,937.177917,993.854065,980.322937,2.12640862E-05
47,7,937.177917,980.322937,958.575989,2.12640862E-05
47,8,937.177917,958.575989,946.181335,2.12640862E-05
47,9,937.177917,946.181335,954.109070,2.12640862E-05
47,10,937.177917,954.109070,942.270935,2.12640862E-05
47,11,937.177917,942.270935,941.499573,2.12640862E-05
47,12,937.177917,941.499573,954.592041,2.12640862E-05
47,13,937.177917,954.592041,1007.51208,2.12640862E-05
47,14,937.177917,1007.51208,998.828674,2.12640862E-05
47,15,937.177917,998.828674,970.120300,2.12640862E-05
47,16,937.177917,970.120300,944.702515,2.12640862E-05
47,17,937.177917,944.702515,930.084045,2.12640862E-05
47,18,937.177917,930.084045,926.126526,2.12640862E-05
47,19,937.177917,926.126526,929.706482,2.12640862E-05
47,20,937.177917,929.706482,937.177917,2.12640862E-05
48,1,1190.07288,937.177917,976.304810,7.37319526E-04
48,2,1190.07288,976.304810,918.849121,7.37319526E-04
48,3,1190.07288,918.849121,1058.88147,7.37319526E-04
48,4,1190.07288,1058.88147,1016.91418,7.37319526E-04
48,5,1190.07288,1016.91418,986.177979,7.37319526E-04
48,6,1190.07288,986.177979,1016.20728,7.37319526E-04
48,7,1190.07288,1016.20728,1031.73767,7.37319526E-04
48,8,1190.07288,1031.73767,1070.00269,7.37319526E-04
48,9,1190.07288,1070.00269,1113.83716,7.37319526E-04
48,10,1190.07288,1113.83716,1112.01807,7.37319526E-04
48,11,1190.07288,1112.01807,1067.93286,7.37319526E-04
48,12,1190.07288,1067.93286,1014.03241,7.37319526E-04
48,13,1190.07288,1014.03241,990.511780,7.37319526E-04
48,14,1190.07288,990.511780,1010.57880,7.37319526E-04
48,15,1190.07288,1010.57880,1082.55762,7.37319526E-04
48,16,1190.07288,1082.55762,1219.59790,7.37319526E-04
48,17,1190.07288,1219.59790,1297.39124,7.37319526E-04
48,18,1190.07288,1297.39124,1298.06616,7.37319526E-04
48,19,1190.07288,1298.06616,1245.20471,7.37319526E-04
48,20,1190.07288,1245.20471,1190.07288,7.37319526E-04
49,1,1282.41199,1190.07288,1163.49902,1.17190178E-08
49,2,1282.41199,1163.49902,1134.62390,1.17190178E-08
49,3,1282.41199,1134.62390,1110.98755,1.17190178E-08
49,4,1282.41199,1110.98755,1093.06714,1.17190178E-08
49,5,1282.41199,1093.06714,1079.57556,1.17190178E-08
49,6,1282.41199,1079.57556,1069.59216,1.17190178E-08
49,7,1282.41199,1069.59216,1063.02173,1.17190178E-08
49,8,1282.41199,1063.02173,1060.39575,1.17190178E-08
49,9,1282.41199,1060.39575,1062.43005,1.17190178E-08
49,10,1282.41199,1062.43005,1069.68726,1.17190178E-08
49,11,1282.41199,1069.68726,1082.32043,1.17190178E-08
49,12,1282.41199,1082.32043,1100.00537,1.17190178E-08
49,13,1282.41199,1100.00537,1121.93713,1.17190178E-08
49,14,1282.41199,1121.93713,1146.93933,1.17190178E-08
49,15,1282.41199,1146.93933,1173.60034,1.17190178E-08
49,16,1282.41199,1173.60034,1200.41589,1.17190178E-08
49,17,1282.41199,1200.41589,1225.90869,1.17190178E-08
49,18,1282.41199,1225.90869,1248.76013,1.17190178E-08
49,19,1282.41199,1248.76013,1267.87268,1.17190178E-08
49,20,1282.41199,1267.87268,1282.41199,1.17190178E-08
50,1,0.00000000,1502.76147,1355.63416,-6.39175065E-03
50,2,0.00000000,1355.63416,1329.94519,-6.39175065E-03
50,3,0.00000000,1329.94519,1176.49402,-6.39175065E-03
50,4,0.00000000,1176.49402,904.104614,-6.39175065E-03
50,5,0.00000000,904.104614,692.124023,-6.39175065E-03
50,6,0.00000000,692.124023,645.331177,-6.39175065E-03
50,7,0.00000000,645.331177,611.764404,-6.39175065E-03
50,8,0.00000000,611.764404,507.220184,-6.39175065E-03
50,9,0.00000000,507.220184,350.338837,-6.39175065E-03
50,10,0.00000000,350.338837,188.859314,-6.39175065E-03
50,11,0.00000000,188.859314,47.3560028,-6.39175065E-03
50,12,0.00000000,47.3560028,16.5497131,-6.39175065E-03
50,13,0.00000000,16.5497131,0.00000000,-6.39175065E-03
50,14,0.00000000,0.00000000,0.00000000,-6.39175065E-03
50,15,0.00000000,0.00000000,0.00000000,-6.39175065E-03
50,16,0.00000000,0.00000000,0.00000000,-6.39175065E-03
50,17,0.00000000,0.00000000,0.00000000,-6.39175065E-03
50,18,0.00000000,0.00000000,0.00000000,-6.39175065E-03
50,19,0.00000000,0.00000000,0.00000000,-6.39175065E-03
50,20,0.00000000,0.00000000,0.00000000,-6.39175065E-03
51,1,45.4816589,0.00000000,2.97212958,6.35901379E-05
51,2,45.4816589,2.97212958,0.919839382,6.35901379E-05
51,3,45.4816589,0.919839382,8.51790810,6.35901379E-05
51,4,45.4816589,8.51790810,13.8546658,6.35901379E-05
51,5,45.4816589,13.8546658,6.65379667,6.35901379E-05
51,6,45.4816589,6.65379667,7.84519815,6.35901379E-05
51,7,45.4816589,7.84519815,12.3456459,6.35901379E-05
51,8,45.4816589,12.3456459,17.3717804,6.35901379E-05
51,9,45.4816589,17.3717804,16.7347679,6.35901379E-05
51,10,45.4816589,16.7347679,26.9784679,6.35901379E-05
51,11,45.4816589,26.9784679,34.8678017,6.35901379E-05
51,12,45.4816589,34.8678017,32.8002014,6.35901379E-05
51,13,45.4816589,32.8002014,27.8559132,6.35901379E-05
51,14,45.4816589,27.8559132,23.7589436,6.35901379E-05
51,15,45.4816589,23.7589436,22.0897160,6.35901379E-05
51,16,45.4816589,22.0897160,26.1305141,6.35901379E-05
51,17,45.4816589,26.1305141,27.0004635,6.35901379E-05
51,18,45.4816589,27.0004635,25.1438198,6.35901379E-05
51,19,45.4816589,25.1438198,30.6870937,6.35901379E-05
51,20,45.4816589,30.6870937,45.4816589,6.35901379E-05
52,1,2256.94580,503.610443,507.713501,2.95800995E-03
52,2,2256.94580,507.713501,1020.98547,2.95800995E-03
52,3,2256.94580,1020.98547,783.952637,2.95800995E-03
52,4,2256.94580,783.952637,666.577637,2.95800995E-03
52,5,2256.94580,666.577637,926.100769,2.95800995E-03
52,6,2256.94580,926.100769,1327.66675,2.95800995E-03
52,7,2256.94580,1327.66675,1494.04773,2.95800995E-03
52,8,2256.94580,1494.04773,1449.69043,2.95800995E-03
52,9,2256.94580,1449.69043,1264.82288,2.95800995E-03
52,10,2256.94580,1264.82288,1096.50317,2.95800995E-03
52,11,2256.94580,1096.50317,1074.52612,2.95800995E-03
52,12,2256.94580,1074.52612,1244.28320,2.95800995E-03
52,13,2256.94580,1244.28320,1565.93494,2.95800995E-03
52,14,2256.94580,1565.93494,1947.94348,2.95800995E-03
52,15,2256.94580,1947.94348,2290.06177,2.95800995E-03
52,16,2256.94580,2290.06177,2517.72754,2.95800995E-03
52,17,2256.94580,2517.72754,2600.05835,2.95800995E-03
52,18,2256.94580,2600.05835,2550.57983,2.95800995E-03
52,19,2256.94580,2550.57983,2415.65576,2.95800995E-03
52,20,2256.94580,2415.65576,2256.94580,2.95800995E-03
53,1,4200.40918,2256.94580,2376.66553,3.81583422E-02
53,2,4200.40918,2376.66553,2484.19434,3.81583422E-02
53,3,4200.40918,2484.19434,2582.67554,3.81583422E-02
53,4,4200.40918,2582.67554,2674.72949,3.81583422E-02
53,5,4200.40918,2674.72949,2762.53052,3.81583422E-02
53,6,4200.40918,2762.53052,2847.86719,3.81583422E-02
53,7,4200.40918,2847.86719,2932.17236,3.81583422E-02
53,8,4200.40918,2932.17236,3016.58057,3.81583422E-02
53,9,4200.40918,3016.58057,3101.98096,3.81583422E-02
53,10,4200.40918,3101.98096,3189.06348,3.81583422E-02
53,11,4200.40918,3189.06348,3278.28979,3.81583422E-02
53,12,4200.40918,3278.28979,3370.02832,3.81583422E-02
53,13,4200.40918,3370.02832,3464.45605,3.81583422E-02
53,14,4200.40918,3464.45605,3561.68506,3.81583422E-02
53,15,4200.40918,3561.68506,3661.72998,3.81583422E-02
53,16,4200.40918,3661.72998,3764.50781,3.81583422E-02
53,17,4200.40918,3764.50781,3869.94531,3.81583422E-02
53,18,4200.40918,3869.94531,3977.87158,3.81583422E-02
53,19,4200.40918,3977.87158,4088.11230,3.81583422E-02
53,20,4200.40918,4088.11230,4200.40918,3.81583422E-02
54,1,4576.83887,4200.40918,4169.96436,-2.47738580E-03
54,2,4576.83887,4169.96436,4156.21240,-2.47738580E-03
54,3,4576.83887,4156.21240,4150.42969,-2.47738580E-03
54,4,4576.83887,4150.42969,4147.18408,-2.47738580E-03
54,5,4576.83887,4147.18408,4143.97607,-2.47738580E-03
54,6,4576.83887,4143.97607,4140.58447,-2.47738580E-03
54,7,4576.83887,4140.58447,4138.26074,-2.47738580E-03
54,8,4576.83887,4138.26074,4138.96924,-2.47738580E-03
54,9,4576.83887,4138.96924,4144.84814,-2.47738580E-03
54,10,4576.83887,4144.84814,4157.65283,-2.47738580E-03
54,11,4576.83887,4157.65283,4178.57764,-2.47738580E-03
54,12,4576.83887,4178.57764,4208.02197,-2.47738580E-03
54,13,4576.83887,4208.02197,4245.55908,-2.47738580E-03
54,14,4576.83887,4245.55908,4290.01025,-2.47738580E-03
54,15,4576.83887,4290.01025,4339.58252,-2.47738580E-03
54,16,4576.83887,4339.58252,4391.95312,-2.47738580E-03
54,17,4576.83887,4391.95312,4444.54834,-2.47738580E-03
54,18,4576.83887,4444.54834,4494.59521,-2.47738580E-03
54,19,4576.83887,4494.59521,4539.51953,-2.47738580E-03
54,20,4576.83887,4539.51953,4576.83887,-2.47738580E-03
55,1,3992.27832,4576.83887,4579.95068,-1.12783990E-03
55,2,3992.27832,4579.95068,4620.34131,-1.12783990E-03
55,3,3992.27832,4620.34131,4664.81299,-1.12783990E-03
55,4,3992.27832,4664.81299,4695.95850,-1.12783990E-03
55,5,3992.27832,4695.95850,4706.68896,-1.12783990E-03
55,6,3992.27832,4706.68896,4696.04688,-1.12783990E-03
55,7,3992.27832,4696.04688,4666.57178,-1.12783990E-03
55,8,3992.27832,4666.57178,4622.37451,-1.12783990E-03
55,9,3992.27832,4622.37451,4567.95605,-1.12783990E-03
55,10,3992.27832,4567.95605,4507.49561,-1.12783990E-03
55,11,3992.27832,4507.49561,4444.49268,-1.12783990E-03
55,12,3992.27832,4444.49268,4381.61670,-1.12783990E-03
55,13,3992.27832,4381.61670,4320.75732,-1.12783990E-03
55,14,3992.27832,4320.75732,4263.04932,-1.12783990E-03
55,15,3992.27832,4263.04932,4209.06982,-1.12783990E-03
55,16,3992.27832,4209.06982,4158.95410,-1.12783990E-03
55,17,3992.27832,4158.95410,4112.53760,-1.12783990E-03
55,18,3992.27832,4112.53760,4069.50806,-1.12783990E-03
55,19,3992.27832,4069.50806,4029.53076,-1.12783990E-03
55,20,3992.27832,4029.53076,3992.27832,-1.12783990E-03
56,1,4363.73486,3992.27832,3975.41016,4.97176698E-05
56,2,4363.73486,3975.41016,3933.76636,4.97176698E-05
56,3,4363.73486,3933.76636,3895.02734,4.97176698E-05
56,4,4363.73486,3895.02734,3869.59937,4.97176698E-05
56,5,4363.73486,3869.59937,3858.97534,4.97176698E-05
56,6,4363.73486,3858.97534,3860.78101,4.97176698E-05
56,7,4363.73486,3860.78101,3871.72241,4.97176698E-05
56,8,4363.73486,3871.72241,3888.88794,4.97176698E-05
56,9,4363.73486,3888.88794,3910.38062,4.97176698E-05
56,10,4363.73486,3910.38062,3935.30957,4.97176698E-05
56,11,4363.73486,3935.30957,3963.55054,4.97176698E-05
56,12,4363.73486,3963.55054,3995.39648,4.97176698E-05
56,13,4363.73486,3995.39648,4031.22485,4.97176698E-05
56,14,4363.73486,4031.22485,4071.32129,4.97176698E-05
56,15,4363.73486,4071.32129,4115.53662,4.97176698E-05
56,16,4363.73486,4115.53662,4163.32178,4.97176698E-05
56,17,4363.73486,4163.32178,4213.65967,4.97176698E-05
56,18,4363.73486,4213.65967,4265.06104,4.97176698E-05
56,19,4363.73486,4265.06104,4315.75146,4.97176698E-05
56,20,4363.73486,4315.75146,4363.73486,4.97176698E-05
57,1,5450.93359,5958.54883,5743.43848,-3.27228605E-07
57,2,5450.93359,5743.43848,6034.56396,-3.27228605E-07
57,3,5450.93359,6034.56396,6321.30957,-3.27228605E-07
57,4,5450.93359,6321.30957,6429.21338,-3.27228605E-07
57,5,5450.93359,6429.21338,6353.64209,-3.27228605E-07
57,6,5450.93359,6353.64209,6159.53320,-3.27228605E-07
57,7,5450.93359,6159.53320,5925.19043,-3.27228605E-07
57,8,5450.93359,5925.19043,5714.47900,-3.27228605E-07
57,9,5450.93359,5714.47900,5566.68701,-3.27228605E-07
57,10,5450.93359,5566.68701,5496.42383,-3.27228605E-07
57,11,5450.93359,5496.42383,5498.29395,-3.27228605E-07
57,12,5450.93359,5498.29395,5553.69873,-3.27228605E-07
57,13,5450.93359,5553.69873,5637.48291,-3.27228605E-07
57,14,5450.93359,5637.48291,5723.56738,-3.27228605E-07
57,15,5450.93359,5723.56738,5789.04639,-3.27228605E-07
57,16,5450.93359,5789.04639,5816.82568,-3.27228605E-07
57,17,5450.93359,5816.82568,5796.79688,-3.27228605E-07
57,18,5450.93359,5796.79688,5725.98779,-3.27228605E-07
57,19,5450.93359,5725.98779,5607.83203,-3.27228605E-07
57,20,5450.93359,5607.83203,5450.93359,-3.27228605E-07
58,1,3219.69336,5450.93359,4789.39795,9.58850796E-06
58,2,3219.69336,4789.39795,4145.39844,9.58850796E-06
58,3,3219.69336,4145.39844,5003.00586,9.58850796E-06
58,4,3219.69336,5003.00586,5317.51465,9.58850796E-06
58,5,3219.69336,5317.51465,5697.96387,9.58850796E-06
58,6,3219.69336,5697.96387,6321.13330,9.58850796E-06
58,7,3219.69336,6321.13330,6680.41797,9.58850796E-06
58,8,3219.69336,6680.41797,6466.16113,9.58850796E-06
58,9,3219.69336,6466.16113,5913.68750,9.58850796E-06
58,10,3219.69336,5913.68750,5516.37842,9.58850796E-06
58,11,3219.69336,5516.37842,5598.64404,9.58850796E-06
58,12,3219.69336,5598.64404,6113.29150,9.58850796E-06
58,13,3219.69336,6113.29150,6722.55469,9.58850796E-06
58,14,3219.69336,6722.55469,7029.30469,9.58850796E-06
58,15,3219.69336,7029.30469,6792.68164,9.58850796E-06
58,16,3219.69336,6792.68164,6027.12939,9.58850796E-06
58,17,3219.69336,6027.12939,4970.20312,9.58850796E-06
58,18,3219.69336,4970.20312,3964.74609,9.58850796E-06
58,19,3219.69336,3964.74609,3322.00391,9.58850796E-06
58,20,3219.69336,3322.00391,3219.69336,9.58850796E-06
