i,k,old_q,old_q_ch_in,old_q_ch_out,qlat_ch_old
1,1,51.5784073,0.00000000,2.77117467,6.38383208E-05
1,2,51.5784073,2.77117467,5.56781006,6.38383208E-05
1,3,51.5784073,5.56781006,8.19925785,6.38383208E-05
1,4,51.5784073,8.19925785,11.4202843,6.38383208E-05
1,5,51.5784073,11.4202843,13.4346104,6.38383208E-05
1,6,51.5784073,13.4346104,16.7082558,6.38383208E-05
1,7,51.5784073,16.7082558,19.6584740,6.38383208E-05
1,8,51.5784073,19.6584740,23.0211029,6.38383208E-05
1,9,51.5784073,23.0211029,21.8466187,6.38383208E-05
1,10,51.5784073,21.8466187,31.5883255,6.38383208E-05
1,11,51.5784073,31.5883255,29.1538219,6.38383208E-05
1,12,51.5784073,29.1538219,31.3878174,6.38383208E-05
1,13,51.5784073,31.3878174,36.1692657,6.38383208E-05
1,14,51.5784073,36.1692657,45.1417923,6.38383208E-05
1,15,51.5784073,45.1417923,35.2004700,6.38383208E-05
1,16,51.5784073,35.2004700,43.0506821,6.38383208E-05
1,17,51.5784073,43.0506821,50.2105865,6.38383208E-05
1,18,51.5784073,50.2105865,50.2862320,6.38383208E-05
1,19,51.5784073,50.2862320,52.9870224,6.38383208E-05
1,20,51.5784073,52.9870224,51.5784073,6.38383208E-05
2,1,838.107056,0.00000000,42.2441025,1.69530045E-03
2,2,838.107056,42.2441025,83.9304428,1.69530045E-03
2,3,838.107056,83.9304428,125.576195,1.69530045E-03
2,4,838.107056,125.576195,168.316635,1.69530045E-03
2,5,838.107056,168.316635,211.299957,1.69530045E-03
2,6,838.107056,211.299957,253.435211,1.69530045E-03
2,7,838.107056,253.435211,294.586853,1.69530045E-03
2,8,838.107056,294.586853,335.445374,1.69530045E-03
2,9,838.107056,335.445374,376.836273,1.69530045E-03
2,10,838.107056,376.836273,419.176727,1.69530045E-03
2,11,838.107056,419.176727,462.330658,1.69530045E-03
2,12,838.107056,462.330658,505.781799,1.69530045E-03
2,13,838.107056,505.781799,548.929443,1.69530045E-03
2,14,838.107056,548.929443,591.342773,1.69530045E-03
2,15,838.107056,591.342773,632.891357,1.69530045E-03
2,16,838.107056,632.891357,673.748047,1.69530045E-03
2,17,838.107056,673.748047,714.290527,1.69530045E-03
2,18,838.107056,714.290527,754.966553,1.69530045E-03
2,19,838.107056,754.966553,796.161621,1.69530045E-03
2,20,838.107056,796.161621,838.107056,1.69530045E-03
3,1,0.00000000,0.00000000,0.00000000,-2.73115602E-05
3,2,0.00000000,0.00000000,0.00000000,-2.73115602E-05
3,3,0.00000000,0.00000000,0.00000000,-2.73115602E-05
3,4,0.00000000,0.00000000,0.00000000,-2.73115602E-05
3,5,0.00000000,0.00000000,0.00000000,-2.73115602E-05
3,6,0.00000000,0.00000000,0.00000000,-2.73115602E-05
3,7,0.00000000,0.00000000,0.00000000,-2.73115602E-05
3,8,0.00000000,0.00000000,0.00000000,-2.73115602E-05
3,9,0.00000000,0.00000000,0.00000000,-2.73115602E-05
3,10,0.00000000,0.00000000,0.00000000,-2.73115602E-05
3,11,0.00000000,0.00000000,0.00000000,-2.73115602E-05
3,12,0.00000000,0.00000000,0.00000000,-2.73115602E-05
3,13,0.00000000,0.00000000,0.00000000,-2.73115602E-05
3,14,0.00000000,0.00000000,0.00000000,-2.73115602E-05
3,15,0.00000000,0.00000000,0.00000000,-2.73115602E-05
3,16,0.00000000,0.00000000,0.00000000,-2.73115602E-05
3,17,0.00000000,0.00000000,0.00000000,-2.73115602E-05
3,18,0.00000000,0.00000000,0.00000000,-2.73115602E-05
3,19,0.00000000,0.00000000,0.00000000,-2.73115602E-05
3,20,0.00000000,0.00000000,0.00000000,-2.73115602E-05
4,1,68.9181747,0.00000000,3.50575924,5.66676536E-05
4,2,68.9181747,3.50575924,6.74754333,5.66676536E-05
4,3,68.9181747,6.74754333,10.7573814,5.66676536E-05
4,4,68.9181747,10.7573814,13.8886070,5.66676536E-05
4,5,68.9181747,13.8886070,17.0132637,5.66676536E-05
4,6,68.9181747,17.0132637,20.6714764,5.66676536E-05
4,7,68.9181747,20.6714764,24.5418453,5.66676536E-05
4,8,68.9181747,24.5418453,28.1588955,5.66676536E-05
4,9,68.9181747,28.1588955,31.4118233,5.66676536E-05
4,10,68.9181747,31.4118233,34.5223083,5.66676536E-05
4,11,68.9181747,34.5223083,37.7782364,5.66676536E-05
4,12,68.9181747,37.7782364,41.3177109,5.66676536E-05
4,13,68.9181747,41.3177109,45.0786133,5.66676536E-05
4,14,68.9181747,45.0786133,48.8795815,5.66676536E-05
4,15,68.9181747,48.8795815,52.5418167,5.66676536E-05
4,16,68.9181747,52.5418167,55.9778175,5.66676536E-05
4,17,68.9181747,55.9778175,59.2154312,5.66676536E-05
4,18,68.9181747,59.2154312,62.3661003,5.66676536E-05
4,19,68.9181747,62.3661003,65.5657196,5.66676536E-05
4,20,68.9181747,65.5657196,68.9181747,5.66676536E-05
5,1,2.50172710,0.00000000,0.124165133,2.11468341E-06
5,2,2.50172710,0.124165133,0.248310447,2.11468341E-06
5,3,2.50172710,0.248310447,0.372679651,2.11468341E-06
5,4,2.50172710,0.372679651,0.495538414,2.11468341E-06
5,5,2.50172710,0.495538414,0.625104070,2.11468341E-06
5,6,2.50172710,0.625104070,0.734406412,2.11468341E-06
5,7,2.50172710,0.734406412,0.884848952,2.11468341E-06
5,8,2.50172710,0.884848952,0.983770609,2.11468341E-06
5,9,2.50172710,0.983770609,1.10947990,2.11468341E-06
5,10,2.50172710,1.10947990,1.25542963,2.11468341E-06
5,11,2.50172710,1.25542963,1.37099755,2.11468341E-06
5,12,2.50172710,1.37099755,1.47587025,2.11468341E-06
5,13,2.50172710,1.47587025,1.60596955,2.11468341E-06
5,14,2.50172710,1.60596955,1.74982536,2.11468341E-06
5,15,2.50172710,1.74982536,1.87663662,2.11468341E-06
5,16,2.50172710,1.87663662,1.98359263,2.11468341E-06
5,17,2.50172710,1.98359263,2.09401131,2.11468341E-06
5,18,2.50172710,2.09401131,2.22432327,2.11468341E-06
5,19,2.50172710,2.22432327,2.36679554,2.11468341E-06
5,20,2.50172710,2.36679554,2.50172710,2.11468341E-06
6,1,0.00000000,0.00000000,0.00000000,-1.16746797E-07
6,2,0.00000000,0.00000000,0.00000000,-1.16746797E-07
6,3,0.00000000,0.00000000,0.00000000,-1.16746797E-07
6,4,0.00000000,0.00000000,0.00000000,-1.16746797E-07
6,5,0.00000000,0.00000000,0.00000000,-1.16746797E-07
6,6,0.00000000,0.00000000,0.00000000,-1.16746797E-07
6,7,0.00000000,0.00000000,0.00000000,-1.16746797E-07
6,8,0.00000000,0.00000000,0.00000000,-1.16746797E-07
6,9,0.00000000,0.00000000,0.00000000,-1.16746797E-07
6,10,0.00000000,0.00000000,0.00000000,-1.16746797E-07
6,11,0.00000000,0.00000000,0.00000000,-1.16746797E-07
6,12,0.00000000,0.00000000,0.00000000,-1.16746797E-07
6,13,0.00000000,0.00000000,0.00000000,-1.16746797E-07
6,14,0.00000000,0.00000000,0.00000000,-1.16746797E-07
6,15,0.00000000,0.00000000,0.00000000,-1.16746797E-07
6,16,0.00000000,0.00000000,0.00000000,-1.16746797E-07
6,17,0.00000000,0.00000000,0.00000000,-1.16746797E-07
6,18,0.00000000,0.00000000,0.00000000,-1.16746797E-07
6,19,0.00000000,0.00000000,0.00000000,-1.16746797E-07
6,20,0.00000000,0.00000000,0.00000000,-1.16746797E-07
7,1,0.00000000,0.00000000,0.00000000,-1.27321043E-10
7,2,0.00000000,0.00000000,0.00000000,-1.27321043E-10
7,3,0.00000000,0.00000000,0.00000000,-1.27321043E-10
7,4,0.00000000,0.00000000,0.00000000,-1.27321043E-10
7,5,0.00000000,0.00000000,0.00000000,-1.27321043E-10
7,6,0.00000000,0.00000000,0.00000000,-1.27321043E-10
7,7,0.00000000,0.00000000,0.00000000,-1.27321043E-10
7,8,0.00000000,0.00000000,0.00000000,-1.27321043E-10
7,9,0.00000000,0.00000000,0.00000000,-1.27321043E-10
7,10,0.00000000,0.00000000,0.00000000,-1.27321043E-10
7,11,0.00000000,0.00000000,0.00000000,-1.27321043E-10
7,12,0.00000000,0.00000000,0.00000000,-1.27321043E-10
7,13,0.00000000,0.00000000,0.00000000,-1.27321043E-10
7,14,0.00000000,0.00000000,0.00000000,-1.27321043E-10
7,15,0.00000000,0.00000000,0.00000000,-1.27321043E-10
7,16,0.00000000,0.00000000,0.00000000,-1.27321043E-10
7,17,0.00000000,0.00000000,0.00000000,-1.27321043E-10
7,18,0.00000000,0.00000000,0.00000000,-1.27321043E-10
7,19,0.00000000,0.00000000,0.00000000,-1.27321043E-10
7,20,0.00000000,0.00000000,0.00000000,-1.27321043E-10
8,1,0.00000000,0.00000000,0.00000000,-1.16422283E-03
8,2,0.00000000,0.00000000,0.00000000,-1.16422283E-03
8,3,0.00000000,0.00000000,0.00000000,-1.16422283E-03
8,4,0.00000000,0.00000000,0.00000000,-1.16422283E-03
8,5,0.00000000,0.00000000,0.00000000,-1.16422283E-03
8,6,0.00000000,0.00000000,0.00000000,-1.16422283E-03
8,7,0.00000000,0.00000000,0.00000000,-1.16422283E-03
8,8,0.00000000,0.00000000,0.00000000,-1.16422283E-03
8,9,0.00000000,0.00000000,0.00000000,-1.16422283E-03
8,10,0.00000000,0.00000000,0.00000000,-1.16422283E-03
8,11,0.00000000,0.00000000,0.00000000,-1.16422283E-03
8,12,0.00000000,0.00000000,0.00000000,-1.16422283E-03
8,13,0.00000000,0.00000000,0.00000000,-1.16422283E-03
8,14,0.00000000,0.00000000,0.00000000,-1.16422283E-03
8,15,0.00000000,0.00000000,0.00000000,-1.16422283E-03
8,16,0.00000000,0.00000000,0.00000000,-1.16422283E-03
8,17,0.00000000,0.00000000,0.00000000,-1.16422283E-03
8,18,0.00000000,0.00000000,0.00000000,-1.16422283E-03
8,19,0.00000000,0.00000000,0.00000000,-1.16422283E-03
8,20,0.00000000,0.00000000,0.00000000,-1.16422283E-03
9,1,1.01492810,0.00000000,5.55425920E-02,7.97674238E-06
9,2,1.01492810,5.55425920E-02,9.44257081E-02,7.97674238E-06
9,3,1.01492810,9.44257081E-02,0.150173992,7.97674238E-06
9,4,1.01492810,0.150173992,0.211416841,7.97674238E-06
9,5,1.01492810,0.211416841,0.266941011,7.97674238E-06
9,6,1.01492810,0.266941011,0.314573705,7.97674238E-06
9,7,1.01492810,0.314573705,0.358115524,7.97674238E-06
9,8,1.01492810,0.358115524,0.402621090,7.97674238E-06
9,9,1.01492810,0.402621090,0.451414615,7.97674238E-06
9,10,1.01492810,0.451414615,0.505197644,7.97674238E-06
9,11,1.01492810,0.505197644,0.562554896,7.97674238E-06
9,12,1.01492810,0.562554896,0.621038139,7.97674238E-06
9,13,1.01492810,0.621038139,0.678229749,7.97674238E-06
9,14,1.01492810,0.678229749,0.732469320,7.97674238E-06
9,15,1.01492810,0.732469320,0.783158243,7.97674238E-06
9,16,1.01492810,0.783158243,0.830706000,7.97674238E-06
9,17,1.01492810,0.830706000,0.876241803,7.97674238E-06
9,18,1.01492810,0.876241803,0.921229661,7.97674238E-06
9,19,1.01492810,0.921229661,0.967092335,7.97674238E-06
9,20,1.01492810,0.967092335,1.01492810,7.97674238E-06
10,1,0.00000000,0.00000000,0.00000000,-8.92233074E-05
10,2,0.00000000,0.00000000,0.00000000,-8.92233074E-05
10,3,0.00000000,0.00000000,0.00000000,-8.92233074E-05
10,4,0.00000000,0.00000000,0.00000000,-8.92233074E-05
10,5,0.00000000,0.00000000,0.00000000,-8.92233074E-05
10,6,0.00000000,0.00000000,0.00000000,-8.92233074E-05
10,7,0.00000000,0.00000000,0.00000000,-8.92233074E-05
10,8,0.00000000,0.00000000,0.00000000,-8.92233074E-05
10,9,0.00000000,0.00000000,0.00000000,-8.92233074E-05
10,10,0.00000000,0.00000000,0.00000000,-8.92233074E-05
10,11,0.00000000,0.00000000,0.00000000,-8.92233074E-05
10,12,0.00000000,0.00000000,0.00000000,-8.92233074E-05
10,13,0.00000000,0.00000000,0.00000000,-8.92233074E-05
10,14,0.00000000,0.00000000,0.00000000,-8.92233074E-05
10,15,0.00000000,0.00000000,0.00000000,-8.92233074E-05
10,16,0.00000000,0.00000000,0.00000000,-8.92233074E-05
10,17,0.00000000,0.00000000,0.00000000,-8.92233074E-05
10,18,0.00000000,0.00000000,0.00000000,-8.92233074E-05
10,19,0.00000000,0.00000000,0.00000000,-8.92233074E-05
10,20,0.00000000,0.00000000,0.00000000,-8.92233074E-05
11,1,2.69957066,0.00000000,0.147205234,2.52356176E-06
11,2,2.69957066,0.147205234,0.303201139,2.52356176E-06
11,3,2.69957066,0.303201139,0.422374845,2.52356176E-06
11,4,2.69957066,0.422374845,0.616216183,2.52356176E-06
11,5,2.69957066,0.616216183,0.748823524,2.52356176E-06
11,6,2.69957066,0.748823524,0.863710344,2.52356176E-06
11,7,2.69957066,0.863710344,1.01987970,2.52356176E-06
11,8,2.69957066,1.01987970,1.20763278,2.52356176E-06
11,9,2.69957066,1.20763278,1.29188251,2.52356176E-06
11,10,2.69957066,1.29188251,1.72263026,2.52356176E-06
11,11,2.69957066,1.72263026,1.28475332,2.52356176E-06
11,12,2.69957066,1.28475332,1.79221058,2.52356176E-06
11,13,2.69957066,1.79221058,2.16294122,2.52356176E-06
11,14,2.69957066,2.16294122,2.10200381,2.52356176E-06
11,15,2.69957066,2.10200381,2.03045630,2.52356176E-06
11,16,2.69957066,2.03045630,2.30518842,2.52356176E-06
11,17,2.69957066,2.30518842,2.38861489,2.52356176E-06
11,18,2.69957066,2.38861489,3.02128673,2.52356176E-06
11,19,2.69957066,3.02128673,3.10394549,2.52356176E-06
11,20,2.69957066,3.10394549,2.69957066,2.52356176E-06
12,1,0.00000000,0.00000000,0.00000000,-4.48168530E-10
12,2,0.00000000,0.00000000,0.00000000,-4.48168530E-10
12,3,0.00000000,0.00000000,0.00000000,-4.48168530E-10
12,4,0.00000000,0.00000000,0.00000000,-4.48168530E-10
12,5,0.00000000,0.00000000,0.00000000,-4.48168530E-10
12,6,0.00000000,0.00000000,0.00000000,-4.48168530E-10
12,7,0.00000000,0.00000000,0.00000000,-4.48168530E-10
12,8,0.00000000,0.00000000,0.00000000,-4.48168530E-10
12,9,0.00000000,0.00000000,0.00000000,-4.48168530E-10
12,10,0.00000000,0.00000000,0.00000000,-4.48168530E-10
12,11,0.00000000,0.00000000,0.00000000,-4.48168530E-10
12,12,0.00000000,0.00000000,0.00000000,-4.48168530E-10
12,13,0.00000000,0.00000000,0.00000000,-4.48168530E-10
12,14,0.00000000,0.00000000,0.00000000,-4.48168530E-10
12,15,0.00000000,0.00000000,0.00000000,-4.48168530E-10
12,16,0.00000000,0.00000000,0.00000000,-4.48168530E-10
12,17,0.00000000,0.00000000,0.00000000,-4.48168530E-10
12,18,0.00000000,0.00000000,0.00000000,-4.48168530E-10
12,19,0.00000000,0.00000000,0.00000000,-4.48168530E-10
12,20,0.00000000,0.00000000,0.00000000,-4.48168530E-10
13,1,0.419886827,0.00000000,2.09610127E-02,2.55707164E-07
13,2,0.419886827,2.09610127E-02,4.17988151E-02,2.55707164E-07
13,3,0.419886827,4.17988151E-02,6.30432814E-02,2.55707164E-07
13,4,0.419886827,6.30432814E-02,8.37982297E-02,2.55707164E-07
13,5,0.419886827,8.37982297E-02,0.104326710,2.55707164E-07
13,6,0.419886827,0.104326710,0.125681445,2.55707164E-07
13,7,0.419886827,0.125681445,0.147181198,2.55707164E-07
13,8,0.419886827,0.147181198,0.167921558,2.55707164E-07
13,9,0.419886827,0.167921558,0.188136458,2.55707164E-07
13,10,0.419886827,0.188136458,0.208698124,2.55707164E-07
13,11,0.419886827,0.208698124,0.230043158,2.55707164E-07
13,12,0.419886827,0.230043158,0.251810819,2.55707164E-07
13,13,0.419886827,0.251810819,0.273285717,2.55707164E-07
13,14,0.419886827,0.273285717,0.294032544,2.55707164E-07
13,15,0.419886827,0.294032544,0.314184129,2.55707164E-07
13,16,0.419886827,0.314184129,0.334278047,2.55707164E-07
13,17,0.419886827,0.334278047,0.354861379,2.55707164E-07
13,18,0.419886827,0.354861379,0.376160651,2.55707164E-07
13,19,0.419886827,0.376160651,0.397988677,2.55707164E-07
13,20,0.419886827,0.397988677,0.419886827,2.55707164E-07
14,1,47.4529839,0.00000000,6.28221369,4.64022538E-04
14,2,47.4529839,6.28221369,12.4686508,4.64022538E-04
14,3,47.4529839,12.4686508,18.4291573,4.64022538E-04
14,4,47.4529839,18.4291573,23.9990635,4.64022538E-04
14,5,47.4529839,23.9990635,29.0183086,4.64022538E-04
14,6,47.4529839,29.0183086,33.3680153,4.64022538E-04
14,7,47.4529839,33.3680153,36.9913063,4.64022538E-04
14,8,47.4529839,36.9913063,39.8952675,4.64022538E-04
14,9,47.4529839,39.8952675,42.1386185,4.64022538E-04
14,10,47.4529839,42.1386185,43.8126450,4.64022538E-04
14,11,47.4529839,43.8126450,45.0220642,4.64022538E-04
14,12,47.4529839,45.0220642,45.8699150,4.64022538E-04
14,13,47.4529839,45.8699150,46.4479179,4.64022538E-04
14,14,47.4529839,46.4479179,46.8318520,4.64022538E-04
14,15,47.4529839,46.8318520,47.0807991,4.64022538E-04
14,16,47.4529839,47.0807991,47.2386436,4.64022538E-04
14,17,47.4529839,47.2386436,47.3366508,4.64022538E-04
14,18,47.4529839,47.3366508,47.3963280,4.64022538E-04
14,19,47.4529839,47.3963280,47.4320107,4.64022538E-04
14,20,47.4529839,47.4320107,47.4529839,4.64022538E-04
15,1,1.05004835,1.01492810,1.01757753,2.71507474E-07
15,2,1.05004835,1.01757753,1.06509507,2.71507474E-07
15,3,1.05004835,1.06509507,0.976381361,2.71507474E-07
15,4,1.05004835,0.976381361,1.14993680,2.71507474E-07
15,5,1.05004835,1.14993680,1.02080929,2.71507474E-07
15,6,1.05004835,1.02080929,1.15324974,2.71507474E-07
15,7,1.05004835,1.15324974,0.723152101,2.71507474E-07
15,8,1.05004835,0.723152101,1.29645669,2.71507474E-07
15,9,1.05004835,1.29645669,0.982690692,2.71507474E-07
15,10,1.05004835,0.982690692,1.32079756,2.71507474E-07
15,11,1.05004835,1.32079756,0.863500178,2.71507474E-07
15,12,1.05004835,0.863500178,0.997391105,2.71507474E-07
15,13,1.05004835,0.997391105,1.18703640,2.71507474E-07
15,14,1.05004835,1.18703640,1.33745754,2.71507474E-07
15,15,1.05004835,1.33745754,0.573947251,2.71507474E-07
15,16,1.05004835,0.573947251,1.09556735,2.71507474E-07
15,17,1.05004835,1.09556735,1.53858268,2.71507474E-07
15,18,1.05004835,1.53858268,1.22783148,2.71507474E-07
15,19,1.05004835,1.22783148,0.865206540,2.71507474E-07
15,20,1.05004835,0.865206540,1.05004835,2.71507474E-07
16,1,189.280273,0.00000000,9.44117165,1.14076142E-03
16,2,189.280273,9.44117165,18.8405724,1.14076142E-03
16,3,189.280273,18.8405724,28.3733425,1.14076142E-03
16,4,189.280273,28.3733425,37.7741051,1.14076142E-03
16,5,189.280273,37.7741051,46.9968529,1.14076142E-03
16,6,189.280273,46.9968529,56.6193581,1.14076142E-03
16,7,189.280273,56.6193581,66.3073959,1.14076142E-03
16,8,189.280273,66.3073959,75.6255188,1.14076142E-03
16,9,189.280273,75.6255188,84.7221680,1.14076142E-03
16,10,189.280273,84.7221680,94.0222397,1.14076142E-03
16,11,189.280273,94.0222397,103.689011,1.14076142E-03
16,12,189.280273,103.689011,113.500923,1.14076142E-03
16,13,189.280273,113.500923,123.116905,1.14076142E-03
16,14,189.280273,123.116905,132.381592,1.14076142E-03
16,15,189.280273,132.381592,141.420135,1.14076142E-03
16,16,189.280273,141.420135,150.512115,1.14076142E-03
16,17,189.280273,150.512115,159.886841,1.14076142E-03
16,18,189.280273,159.886841,169.586884,1.14076142E-03
16,19,189.280273,169.586884,179.463959,1.14076142E-03
16,20,189.280273,179.463959,189.280273,1.14076142E-03
17,1,0.00000000,0.00000000,0.00000000,-6.06279973E-05
17,2,0.00000000,0.00000000,0.00000000,-6.06279973E-05
17,3,0.00000000,0.00000000,0.00000000,-6.06279973E-05
17,4,0.00000000,0.00000000,0.00000000,-6.06279973E-05
17,5,0.00000000,0.00000000,0.00000000,-6.06279973E-05
17,6,0.00000000,0.00000000,0.00000000,-6.06279973E-05
17,7,0.00000000,0.00000000,0.00000000,-6.06279973E-05
17,8,0.00000000,0.00000000,0.00000000,-6.06279973E-05
17,9,0.00000000,0.00000000,0.00000000,-6.06279973E-05
17,10,0.00000000,0.00000000,0.00000000,-6.06279973E-05
17,11,0.00000000,0.00000000,0.00000000,-6.06279973E-05
17,12,0.00000000,0.00000000,0.00000000,-6.06279973E-05
17,13,0.00000000,0.00000000,0.00000000,-6.06279973E-05
17,14,0.00000000,0.00000000,0.00000000,-6.06279973E-05
17,15,0.00000000,0.00000000,0.00000000,-6.06279973E-05
17,16,0.00000000,0.00000000,0.00000000,-6.06279973E-05
17,17,0.00000000,0.00000000,0.00000000,-6.06279973E-05
17,18,0.00000000,0.00000000,0.00000000,-6.06279973E-05
17,19,0.00000000,0.00000000,0.00000000,-6.06279973E-05
17,20,0.00000000,0.00000000,0.00000000,-6.06279973E-05
18,1,11.8922262,2.69957066,2.87650132,4.64159311E-05
18,2,11.8922262,2.87650132,3.58956838,4.64159311E-05
18,3,11.8922262,3.58956838,4.15144062,4.64159311E-05
18,4,11.8922262,4.15144062,4.46624136,4.64159311E-05
18,5,11.8922262,4.46624136,4.74519777,4.64159311E-05
18,6,11.8922262,4.74519777,5.14706326,4.64159311E-05
18,7,11.8922262,5.14706326,5.70328379,4.64159311E-05
18,8,11.8922262,5.70328379,6.35430336,4.64159311E-05
18,9,11.8922262,6.35430336,7.00806236,4.64159311E-05
18,10,11.8922262,7.00806236,7.58689308,4.64159311E-05
18,11,11.8922262,7.58689308,8.05070114,4.64159311E-05
18,12,11.8922262,8.05070114,8.40119743,4.64159311E-05
18,13,11.8922262,8.40119743,8.67298794,4.64159311E-05
18,14,11.8922262,8.67298794,8.91774273,4.64159311E-05
18,15,11.8922262,8.91774273,9.19016552,4.64159311E-05
18,16,11.8922262,9.19016552,9.53511047,4.64159311E-05
18,17,11.8922262,9.53511047,9.97941685,4.64159311E-05
18,18,11.8922262,9.97941685,10.5306606,4.64159311E-05
18,19,11.8922262,10.5306606,11.1770020,4.64159311E-05
18,20,11.8922262,11.1770020,11.8922262,4.64159311E-05
19,1,189.571320,189.280273,189.008041,1.18437651E-08
19,2,189.571320,189.008041,187.983673,1.18437651E-08
19,3,189.571320,187.983673,188.546890,1.18437651E-08
19,4,189.571320,188.546890,189.641327,1.18437651E-08
19,5,189.571320,189.641327,188.952423,1.18437651E-08
19,6,189.571320,188.952423,187.711945,1.18437651E-08
19,7,189.571320,187.711945,188.151031,1.18437651E-08
19,8,189.571320,188.151031,190.020691,1.18437651E-08
19,9,189.571320,190.020691,189.429901,1.18437651E-08
19,10,189.571320,189.429901,188.086105,1.18437651E-08
19,11,189.571320,188.086105,187.650970,1.18437651E-08
19,12,189.571320,187.650970,187.725189,1.18437651E-08
19,13,189.571320,187.725189,190.385895,1.18437651E-08
19,14,189.571320,190.385895,191.355408,1.18437651E-08
19,15,189.571320,191.355408,187.966125,1.18437651E-08
19,16,189.571320,187.966125,185.273193,1.18437651E-08
19,17,189.571320,185.273193,187.237991,1.18437651E-08
19,18,189.571320,187.237991,190.894226,1.18437651E-08
19,19,189.571320,190.894226,191.733246,1.18437651E-08
19,20,189.571320,191.733246,189.571320,1.18437651E-08
20,1,1.36814082,1.05004835,0.540096879,-8.16631456E-08
20,2,1.36814082,0.540096879,1.37273431,-8.16631456E-08
20,3,1.36814082,1.37273431,1.00653148,-8.16631456E-08
20,4,1.36814082,1.00653148,0.627828717,-8.16631456E-08
20,5,1.36814082,0.627828717,1.12792754,-8.16631456E-08
20,6,1.36814082,1.12792754,0.435791492,-8.16631456E-08
20,7,1.36814082,0.435791492,1.25108206,-8.16631456E-08
20,8,1.36814082,1.25108206,1.91278672,-8.16631456E-08
20,9,1.36814082,1.91278672,1.53010404,-8.16631456E-08
20,10,1.36814082,1.53010404,0.983925104,-8.16631456E-08
20,11,1.36814082,0.983925104,5.03972769E-02,-8.16631456E-08
20,12,1.36814082,5.03972769E-02,2.25977993,-8.16631456E-08
20,13,1.36814082,2.25977993,1.12374830,-8.16631456E-08
20,14,1.36814082,1.12374830,1.18504753E-02,-8.16631456E-08
20,15,1.36814082,1.18504753E-02,0.741372466,-8.16631456E-08
20,16,1.36814082,0.741372466,1.59816241,-8.16631456E-08
20,17,1.36814082,1.59816241,1.87916529,-8.16631456E-08
20,18,1.36814082,1.87916529,2.08189297,-8.16631456E-08
20,19,1.36814082,2.08189297,1.80937517,-8.16631456E-08
20,20,1.36814082,1.80937517,1.36814082,-8.16631456E-08
21,1,3.10815287,0.00000000,4.02926505E-02,3.02586450E-05
21,2,3.10815287,4.02926505E-02,0.531272411,3.02586450E-05
21,3,3.10815287,0.531272411,0.717137933,3.02586450E-05
21,4,3.10815287,0.717137933,0.791939497,3.02586450E-05
21,5,3.10815287,0.791939497,0.778866887,3.02586450E-05
21,6,3.10815287,0.778866887,0.807898998,3.02586450E-05
21,7,3.10815287,0.807898998,0.873638868,3.02586450E-05
21,8,3.10815287,0.873638868,0.970818162,3.02586450E-05
21,9,3.10815287,0.970818162,1.09439397,3.02586450E-05
21,10,3.10815287,1.09439397,1.23961687,3.02586450E-05
21,11,3.10815287,1.23961687,1.40208459,3.02586450E-05
21,12,3.10815287,1.40208459,1.57777405,3.02586450E-05
21,13,3.10815287,1.57777405,1.76306200,3.02586450E-05
21,14,3.10815287,1.76306200,1.95473266,3.02586450E-05
21,15,3.10815287,1.95473266,2.14997554,3.02586450E-05
21,16,3.10815287,2.14997554,2.34637785,3.02586450E-05
21,17,3.10815287,2.34637785,2.54190397,3.02586450E-05
21,18,3.10815287,2.54190397,2.73488188,3.02586450E-05
21,19,3.10815287,2.73488188,2.92397285,3.02586450E-05
21,20,3.10815287,2.92397285,3.10815287,3.02586450E-05
22,1,610.994629,11.8922262,38.8545647,1.22391549E-03
22,2,610.994629,38.8545647,69.7844315,1.22391549E-03
22,3,610.994629,69.7844315,107.947876,1.22391549E-03
22,4,610.994629,107.947876,139.700043,1.22391549E-03
22,5,610.994629,139.700043,152.296997,1.22391549E-03
22,6,610.994629,152.296997,174.160248,1.22391549E-03
22,7,610.994629,174.160248,185.947083,1.22391549E-03
22,8,610.994629,185.947083,219.587830,1.22391549E-03
22,9,610.994629,219.587830,277.883270,1.22391549E-03
22,10,610.994629,277.883270,335.288818,1.22391549E-03
22,11,610.994629,335.288818,374.387512,1.22391549E-03
22,12,610.994629,374.387512,392.434235,1.22391549E-03
22,13,610.994629,392.434235,396.806885,1.22391549E-03
22,14,610.994629,396.806885,398.415161,1.22391549E-03
22,15,610.994629,398.415161,408.239655,1.22391549E-03
22,16,610.994629,408.239655,426.867798,1.22391549E-03
22,17,610.994629,426.867798,456.795868,1.22391549E-03
22,18,610.994629,456.795868,501.496124,1.22391549E-03
22,19,610.994629,501.496124,555.923157,1.22391549E-03
22,20,610.994629,555.923157,610.994629,1.22391549E-03
23,1,160.995346,189.571320,187.840576,-2.03974938E-04
23,2,160.995346,187.840576,186.890274,-2.03974938E-04
23,3,160.995346,186.890274,184.417664,-2.03974938E-04
23,4,160.995346,184.417664,182.580765,-2.03974938E-04
23,5,160.995346,182.580765,181.643875,-2.03974938E-04
23,6,160.995346,181.643875,181.339859,-2.03974938E-04
23,7,160.995346,181.339859,179.817154,-2.03974938E-04
23,8,160.995346,179.817154,177.572983,-2.03974938E-04
23,9,160.995346,177.572983,175.412079,-2.03974938E-04
23,10,160.995346,175.412079,173.944458,-2.03974938E-04
23,11,160.995346,173.944458,172.874786,-2.03974938E-04
23,12,160.995346,172.874786,171.452744,-2.03974938E-04
23,13,160.995346,171.452744,171.038116,-2.03974938E-04
23,14,160.995346,171.038116,171.020447,-2.03974938E-04
23,15,160.995346,171.020447,170.627762,-2.03974938E-04
23,16,160.995346,170.627762,169.494141,-2.03974938E-04
23,17,160.995346,169.494141,167.673981,-2.03974938E-04
23,18,160.995346,167.673981,165.470215,-2.03974938E-04
23,19,160.995346,165.470215,163.143463,-2.03974938E-04
23,20,160.995346,163.143463,160.995346,-2.03974938E-04
24,1,1.96651363,3.10815287,2.44056106,1.83738905E-07
24,2,1.96651363,2.44056106,4.89420938,1.83738905E-07
24,3,1.96651363,4.89420938,2.79149461,1.83738905E-07
24,4,1.96651363,2.79149461,1.73474288,1.83738905E-07
24,5,1.96651363,1.73474288,3.68612432,1.83738905E-07
24,6,1.96651363,3.68612432,3.04284024,1.83738905E-07
24,7,1.96651363,3.04284024,2.22058010,1.83738905E-07
24,8,1.96651363,2.22058010,1.97370934,1.83738905E-07
24,9,1.96651363,1.97370934,2.29474378,1.83738905E-07
24,10,1.96651363,2.29474378,2.91219735,1.83738905E-07
24,11,1.96651363,2.91219735,3.53968787,1.83738905E-07
24,12,1.96651363,3.53968787,3.97834563,1.83738905E-07
24,13,1.96651363,3.97834563,4.13876390,1.83738905E-07
24,14,1.96651363,4.13876390,4.02397871,1.83738905E-07
24,15,1.96651363,4.02397871,3.69818640,1.83738905E-07
24,16,1.96651363,3.69818640,3.25481081,1.83738905E-07
24,17,1.96651363,3.25481081,2.79047775,1.83738905E-07
24,18,1.96651363,2.79047775,2.38719177,1.83738905E-07
24,19,1.96651363,2.38719177,2.10252976,1.83738905E-07
24,20,1.96651363,2.10252976,1.96651363,1.83738905E-07
25,1,133.523514,611.414490,463.876862,-8.77582067E-07
25,2,133.523514,463.876862,808.473450,-8.77582067E-07
25,3,133.523514,808.473450,910.820923,-8.77582067E-07
25,4,133.523514,910.820923,601.596069,-8.77582067E-07
25,5,133.523514,601.596069,468.871307,-8.77582067E-07
25,6,133.523514,468.871307,444.715240,-8.77582067E-07
25,7,133.523514,444.715240,366.526825,-8.77582067E-07
25,8,133.523514,366.526825,356.522675,-8.77582067E-07
25,9,133.523514,356.522675,650.148315,-8.77582067E-07
25,10,133.523514,650.148315,862.864990,-8.77582067E-07
25,11,133.523514,862.864990,990.595947,-8.77582067E-07
25,12,133.523514,990.595947,981.990234,-8.77582067E-07
25,13,133.523514,981.990234,942.307007,-8.77582067E-07
25,14,133.523514,942.307007,757.500793,-8.77582067E-07
25,15,133.523514,757.500793,665.833740,-8.77582067E-07
25,16,133.523514,665.833740,649.488037,-8.77582067E-07
25,17,133.523514,649.488037,496.431122,-8.77582067E-07
25,18,133.523514,496.431122,282.392426,-8.77582067E-07
25,19,133.523514,282.392426,186.910049,-8.77582067E-07
25,20,133.523514,186.910049,133.523514,-8.77582067E-07
26,1,0.00000000,160.995346,123.826019,-6.31256320E-04
26,2,0.00000000,123.826019,84.7260895,-6.31256320E-04
26,3,0.00000000,84.7260895,43.5576439,-6.31256320E-04
26,4,0.00000000,43.5576439,5.61209106,-6.31256320E-04
26,5,0.00000000,5.61209106,0.00000000,-6.31256320E-04
26,6,0.00000000,0.00000000,0.00000000,-6.31256320E-04
26,7,0.00000000,0.00000000,0.00000000,-6.31256320E-04
26,8,0.00000000,0.00000000,0.00000000,-6.31256320E-04
26,9,0.00000000,0.00000000,0.00000000,-6.31256320E-04
26,10,0.00000000,0.00000000,0.00000000,-6.31256320E-04
26,11,0.00000000,0.00000000,0.00000000,-6.31256320E-04
26,12,0.00000000,0.00000000,0.00000000,-6.31256320E-04
26,13,0.00000000,0.00000000,0.00000000,-6.31256320E-04
26,14,0.00000000,0.00000000,0.00000000,-6.31256320E-04
26,15,0.00000000,0.00000000,0.00000000,-6.31256320E-04
26,16,0.00000000,0.00000000,0.00000000,-6.31256320E-04
26,17,0.00000000,0.00000000,0.00000000,-6.31256320E-04
26,18,0.00000000,0.00000000,0.00000000,-6.31256320E-04
26,19,0.00000000,0.00000000,0.00000000,-6.31256320E-04
26,20,0.00000000,0.00000000,0.00000000,-6.31256320E-04
27,1,0.00000000,1.96651363,0.00000000,-2.60926504E-03
27,2,0.00000000,0.00000000,0.00000000,-2.60926504E-03
27,3,0.00000000,0.00000000,0.00000000,-2.60926504E-03
27,4,0.00000000,0.00000000,0.00000000,-2.60926504E-03
27,5,0.00000000,0.00000000,0.00000000,-2.60926504E-03
27,6,0.00000000,0.00000000,0.00000000,-2.60926504E-03
27,7,0.00000000,0.00000000,0.00000000,-2.60926504E-03
27,8,0.00000000,0.00000000,0.00000000,-2.60926504E-03
27,9,0.00000000,0.00000000,0.00000000,-2.60926504E-03
27,10,0.00000000,0.00000000,0.00000000,-2.60926504E-03
27,11,0.00000000,0.00000000,0.00000000,-2.60926504E-03
27,12,0.00000000,0.00000000,0.00000000,-2.60926504E-03
27,13,0.00000000,0.00000000,0.00000000,-2.60926504E-03
27,14,0.00000000,0.00000000,0.00000000,-2.60926504E-03
27,15,0.00000000,0.00000000,0.00000000,-2.60926504E-03
27,16,0.00000000,0.00000000,0.00000000,-2.60926504E-03
27,17,0.00000000,0.00000000,0.00000000,-2.60926504E-03
27,18,0.00000000,0.00000000,0.00000000,-2.60926504E-03
27,19,0.00000000,0.00000000,0.00000000,-2.60926504E-03
27,20,0.00000000,0.00000000,0.00000000,-2.60926504E-03
28,1,0.00000000,133.523514,782.518494,-4.66854515E-04
28,2,0.00000000,782.518494,731.503967,-4.66854515E-04
28,3,0.00000000,731.503967,15.3045235,-4.66854515E-04
28,4,0.00000000,15.3045235,516.178223,-4.66854515E-04
28,5,0.00000000,516.178223,844.691345,-4.66854515E-04
28,6,0.00000000,844.691345,15.7797432,-4.66854515E-04
28,7,0.00000000,15.7797432,471.415070,-4.66854515E-04
28,8,0.00000000,471.415070,259.354645,-4.66854515E-04
28,9,0.00000000,259.354645,564.684875,-4.66854515E-04
28,10,0.00000000,564.684875,149.263809,-4.66854515E-04
28,11,0.00000000,149.263809,0.00000000,-4.66854515E-04
28,12,0.00000000,0.00000000,326.239471,-4.66854515E-04
28,13,0.00000000,326.239471,328.641815,-4.66854515E-04
28,14,0.00000000,328.641815,22.7077980,-4.66854515E-04
28,15,0.00000000,22.7077980,0.00000000,-4.66854515E-04
28,16,0.00000000,0.00000000,144.859482,-4.66854515E-04
28,17,0.00000000,144.859482,121.336151,-4.66854515E-04
28,18,0.00000000,121.336151,0.00000000,-4.66854515E-04
28,19,0.00000000,0.00000000,0.00000000,-4.66854515E-04
28,20,0.00000000,0.00000000,0.00000000,-4.66854515E-04
29,1,10.2099409,0.00000000,0.354885787,3.25520450E-05
29,2,10.2099409,0.354885787,1.07751894,3.25520450E-05
29,3,10.2099409,1.07751894,0.433203518,3.25520450E-05
29,4,10.2099409,0.433203518,2.82754970,3.25520450E-05
29,5,10.2099409,2.82754970,1.00283766,3.25520450E-05
29,6,10.2099409,1.00283766,1.55676508,3.25520450E-05
29,7,10.2099409,1.55676508,4.65406466,3.25520450E-05
29,8,10.2099409,4.65406466,3.64260292,3.25520450E-05
29,9,10.2099409,3.64260292,3.54371262,3.25520450E-05
29,10,10.2099409,3.54371262,1.09573865,3.25520450E-05
29,11,10.2099409,1.09573865,3.83448815,3.25520450E-05
29,12,10.2099409,3.83448815,5.18027639,3.25520450E-05
29,13,10.2099409,5.18027639,9.28689289,3.25520450E-05
29,14,10.2099409,9.28689289,6.97171021,3.25520450E-05
29,15,10.2099409,6.97171021,4.45101690,3.25520450E-05
29,16,10.2099409,4.45101690,5.16515779,3.25520450E-05
29,17,10.2099409,5.16515779,2.31730342,3.25520450E-05
29,18,10.2099409,2.31730342,5.19087744,3.25520450E-05
29,19,10.2099409,5.19087744,9.53845215,3.25520450E-05
29,20,10.2099409,9.53845215,10.2099409,3.25520450E-05
30,1,19.2858810,0.00000000,0.956491411,2.85776623E-05
30,2,19.2858810,0.956491411,1.74300158,2.85776623E-05
30,3,19.2858810,1.74300158,2.99188232,2.85776623E-05
30,4,19.2858810,2.99188232,3.77311230,2.85776623E-05
30,5,19.2858810,3.77311230,4.48256969,2.85776623E-05
30,6,19.2858810,4.48256969,5.46293211,2.85776623E-05
30,7,19.2858810,5.46293211,6.40221739,2.85776623E-05
30,8,19.2858810,6.40221739,8.96021080,2.85776623E-05
30,9,19.2858810,8.96021080,6.13960361,2.85776623E-05
30,10,19.2858810,6.13960361,10.0168753,2.85776623E-05
30,11,19.2858810,10.0168753,11.9377947,2.85776623E-05
30,12,19.2858810,11.9377947,11.2028761,2.85776623E-05
30,13,19.2858810,11.2028761,10.5937948,2.85776623E-05
30,14,19.2858810,10.5937948,12.0232115,2.85776623E-05
30,15,19.2858810,12.0232115,11.7491474,2.85776623E-05
30,16,19.2858810,11.7491474,19.9817619,2.85776623E-05
30,17,19.2858810,19.9817619,16.9893265,2.85776623E-05
30,18,19.2858810,16.9893265,15.0246992,2.85776623E-05
30,19,19.2858810,15.0246992,16.7606716,2.85776623E-05
30,20,19.2858810,16.7606716,19.2858810,2.85776623E-05
31,1,159.893692,79.1281128,85.9923096,1.54930603E-04
31,2,159.893692,85.9923096,89.9484406,1.54930603E-04
31,3,159.893692,89.9484406,76.6144333,1.54930603E-04
31,4,159.893692,76.6144333,89.2240906,1.54930603E-04
31,5,159.893692,89.2240906,102.601639,1.54930603E-04
31,6,159.893692,102.601639,101.558578,1.54930603E-04
31,7,159.893692,101.558578,93.6129532,1.54930603E-04
31,8,159.893692,93.6129532,90.0224762,1.54930603E-04
31,9,159.893692,90.0224762,93.7805862,1.54930603E-04
31,10,159.893692,93.7805862,100.824051,1.54930603E-04
31,11,159.893692,100.824051,106.400017,1.54930603E-04
31,12,159.893692,106.400017,109.320656,1.54930603E-04
31,13,159.893692,109.320656,112.007309,1.54930603E-04
31,14,159.893692,112.007309,117.890076,1.54930603E-04
31,15,159.893692,117.890076,128.653290,1.54930603E-04
31,16,159.893692,128.653290,142.980438,1.54930603E-04
31,17,159.893692,142.980438,157.098923,1.54930603E-04
31,18,159.893692,157.098923,166.482040,1.54930603E-04
31,19,159.893692,166.482040,167.738785,1.54930603E-04
31,20,159.893692,167.738785,159.893692,1.54930603E-04
32,1,3127.18921,66.7388611,301.010376,1.39736231E-08
32,2,3127.18921,301.010376,1239.94482,1.39736231E-08
32,3,3127.18921,1239.94482,2855.22046,1.39736231E-08
32,4,3127.18921,2855.22046,4429.44824,1.39736231E-08
32,5,3127.18921,4429.44824,5286.27832,1.39736231E-08
32,6,3127.18921,5286.27832,5359.99219,1.39736231E-08
32,7,3127.18921,5359.99219,5007.18555,1.39736231E-08
32,8,3127.18921,5007.18555,4582.77734,1.39736231E-08
32,9,3127.18921,4582.77734,4257.53320,1.39736231E-08
32,10,3127.18921,4257.53320,4053.02295,1.39736231E-08
32,11,3127.18921,4053.02295,3927.83789,1.39736231E-08
32,12,3127.18921,3927.83789,3836.71875,1.39736231E-08
32,13,3127.18921,3836.71875,3752.99365,1.39736231E-08
32,14,3127.18921,3752.99365,3667.31250,1.39736231E-08
32,15,3127.18921,3667.31250,3578.88770,1.39736231E-08
32,16,3127.18921,3578.88770,3489.01807,1.39736231E-08
32,17,3127.18921,3489.01807,3398.65430,1.39736231E-08
32,18,3127.18921,3398.65430,3308.17627,1.39736231E-08
32,19,3127.18921,3308.17627,3217.68286,1.39736231E-08
32,20,3127.18921,3217.68286,3127.18921,1.39736231E-08
33,1,206.174713,162.395416,122.308121,-1.10260553E-04
33,2,206.174713,122.308121,214.834122,-1.10260553E-04
33,3,206.174713,214.834122,100.217606,-1.10260553E-04
33,4,206.174713,100.217606,47.8494072,-1.10260553E-04
33,5,206.174713,47.8494072,68.6682434,-1.10260553E-04
33,6,206.174713,68.6682434,117.596054,-1.10260553E-04
33,7,206.174713,117.596054,143.571045,-1.10260553E-04
33,8,206.174713,143.571045,74.9002075,-1.10260553E-04
33,9,206.174713,74.9002075,102.467117,-1.10260553E-04
33,10,206.174713,102.467117,116.250793,-1.10260553E-04
33,11,206.174713,116.250793,81.7219238,-1.10260553E-04
33,12,206.174713,81.7219238,14.3814659,-1.10260553E-04
33,13,206.174713,14.3814659,27.1044121,-1.10260553E-04
33,14,206.174713,27.1044121,67.4448242,-1.10260553E-04
33,15,206.174713,67.4448242,118.546051,-1.10260553E-04
33,16,206.174713,118.546051,177.271957,-1.10260553E-04
33,17,206.174713,177.271957,223.642868,-1.10260553E-04
33,18,206.174713,223.642868,247.780212,-1.10260553E-04
33,19,206.174713,247.780212,237.194534,-1.10260553E-04
33,20,206.174713,237.194534,206.174713,-1.10260553E-04
34,1,2759.72583,3127.18921,3108.63599,-2.67293743E-08
34,2,2759.72583,3108.63599,3090.08276,-2.67293743E-08
34,3,2759.72583,3090.08276,3071.52979,-2.67293743E-08
34,4,2759.72583,3071.52979,3052.97705,-2.67293743E-08
34,5,2759.72583,3052.97705,3034.42456,-2.67293743E-08
34,6,2759.72583,3034.42456,3015.87256,-2.67293743E-08
34,7,2759.72583,3015.87256,2997.32227,-2.67293743E-08
34,8,2759.72583,2997.32227,2978.77466,-2.67293743E-08
34,9,2759.72583,2978.77466,2960.23242,-2.67293743E-08
34,10,2759.72583,2960.23242,2941.69946,-2.67293743E-08
34,11,2759.72583,2941.69946,2923.18115,-2.67293743E-08
34,12,2759.72583,2923.18115,2904.68604,-2.67293743E-08
34,13,2759.72583,2904.68604,2886.22510,-2.67293743E-08
34,14,2759.72583,2886.22510,2867.81299,-2.67293743E-08
34,15,2759.72583,2867.81299,2849.46875,-2.67293743E-08
34,16,2759.72583,2849.46875,2831.21484,-2.67293743E-08
34,17,2759.72583,2831.21484,2813.07935,-2.67293743E-08
34,18,2759.72583,2813.07935,2795.09424,-2.67293743E-08
34,19,2759.72583,2795.09424,2777.29639,-2.67293743E-08
34,20,2759.72583,2777.29639,2759.72583,-2.67293743E-08
35,1,2691.13818,2759.72583,2752.51245,-1.41710404E-03
35,2,2691.13818,2752.51245,2750.44873,-1.41710404E-03
35,3,2691.13818,2750.44873,2749.80884,-1.41710404E-03
35,4,2691.13818,2749.80884,2748.67334,-1.41710404E-03
35,5,2691.13818,2748.67334,2746.26221,-1.41710404E-03
35,6,2691.13818,2746.26221,2742.48096,-1.41710404E-03
35,7,2691.13818,2742.48096,2737.60205,-1.41710404E-03
35,8,2691.13818,2737.60205,2732.04785,-1.41710404E-03
35,9,2691.13818,2732.04785,2726.25610,-1.41710404E-03
35,10,2691.13818,2726.25610,2720.60791,-1.41710404E-03
35,11,2691.13818,2720.60791,2715.39233,-1.41710404E-03
35,12,2691.13818,2715.39233,2710.78125,-1.41710404E-03
35,13,2691.13818,2710.78125,2706.84399,-1.41710404E-03
35,14,2691.13818,2706.84399,2703.57153,-1.41710404E-03
35,15,2691.13818,2703.57153,2700.88013,-1.41710404E-03
35,16,2691.13818,2700.88013,2698.64355,-1.41710404E-03
35,17,2691.13818,2698.64355,2696.70703,-1.41710404E-03
35,18,2691.13818,2696.70703,2694.91064,-1.41710404E-03
35,19,2691.13818,2694.91064,2693.09985,-1.41710404E-03
35,20,2691.13818,2693.09985,2691.13818,-1.41710404E-03
36,1,6199.75977,2691.13818,2956.94653,-1.48163645E-06
36,2,6199.75977,2956.94653,3481.86694,-1.48163645E-06
36,3,6199.75977,3481.86694,4222.05029,-1.48163645E-06
36,4,6199.75977,4222.05029,5101.26172,-1.48163645E-06
36,5,6199.75977,5101.26172,6031.96582,-1.48163645E-06
36,6,6199.75977,6031.96582,6931.44482,-1.48163645E-06
36,7,6199.75977,6931.44482,7731.96240,-1.48163645E-06
36,8,6199.75977,7731.96240,8385.58594,-1.48163645E-06
36,9,6199.75977,8385.58594,8864.90918,-1.48163645E-06
36,10,6199.75977,8864.90918,9161.06250,-1.48163645E-06
36,11,6199.75977,9161.06250,9280.21191,-1.48163645E-06
36,12,6199.75977,9280.21191,9239.48047,-1.48163645E-06
36,13,6199.75977,9239.48047,9062.95020,-1.48163645E-06
36,14,6199.75977,9062.95020,8778.13672,-1.48163645E-06
36,15,6199.75977,8778.13672,8413.14062,-1.48163645E-06
36,16,6199.75977,8413.14062,7994.54053,-1.48163645E-06
36,17,6199.75977,7994.54053,7545.98438,-1.48163645E-06
36,18,6199.75977,7545.98438,7087.39502,-1.48163645E-06
36,19,6199.75977,7087.39502,6634.67236,-1.48163645E-06
36,20,6199.75977,6634.67236,6199.75977,-1.48163645E-06
37,1,2941.40771,6199.75977,5629.53223,6.43421197E-04
37,2,2941.40771,5629.53223,5123.54199,6.43421197E-04
37,3,2941.40771,5123.54199,4689.10645,6.43421197E-04
37,4,2941.40771,4689.10645,4325.04297,6.43421197E-04
37,5,2941.40771,4325.04297,4025.30176,6.43421197E-04
37,6,2941.40771,4025.30176,3781.73486,6.43421197E-04
37,7,2941.40771,3781.73486,3585.86255,6.43421197E-04
37,8,2941.40771,3585.86255,3429.81421,6.43421197E-04
37,9,2941.40771,3429.81421,3306.68628,6.43421197E-04
37,10,2941.40771,3306.68628,3210.57910,6.43421197E-04
37,11,2941.40771,3210.57910,3136.48901,6.43421197E-04
37,12,2941.40771,3136.48901,3080.17139,6.43421197E-04
37,13,2941.40771,3080.17139,3038.02417,6.43421197E-04
37,14,2941.40771,3038.02417,3007.00537,6.43421197E-04
37,15,2941.40771,3007.00537,2984.57300,6.43421197E-04
37,16,2941.40771,2984.57300,2968.64014,6.43421197E-04
37,17,2941.40771,2968.64014,2957.52661,6.43421197E-04
37,18,2941.40771,2957.52661,2949.91431,6.43421197E-04
37,19,2941.40771,2949.91431,2944.79297,6.43421197E-04
37,20,2941.40771,2944.79297,2941.40771,6.43421197E-04
38,1,3415.37183,2941.40771,2904.72754,3.87210639E-06
38,2,3415.37183,2904.72754,2895.09961,3.87210639E-06
38,3,3415.37183,2895.09961,2933.07080,3.87210639E-06
38,4,3415.37183,2933.07080,3020.53271,3.87210639E-06
38,5,3415.37183,3020.53271,3134.64844,3.87210639E-06
38,6,3415.37183,3134.64844,3244.37183,3.87210639E-06
38,7,3415.37183,3244.37183,3328.82031,3.87210639E-06
38,8,3415.37183,3328.82031,3382.68799,3.87210639E-06
38,9,3415.37183,3382.68799,3411.33765,3.87210639E-06
38,10,3415.37183,3411.33765,3423.68701,3.87210639E-06
38,11,3415.37183,3423.68701,3427.46704,3.87210639E-06
38,12,3415.37183,3427.46704,3427.56909,3.87210639E-06
38,13,3415.37183,3427.56909,3426.40015,3.87210639E-06
38,14,3415.37183,3426.40015,3424.88770,3.87210639E-06
38,15,3415.37183,3424.88770,3423.30762,3.87210639E-06
38,16,3415.37183,3423.30762,3421.71973,3.87210639E-06
38,17,3415.37183,3421.71973,3420.13257,3.87210639E-06
38,18,3415.37183,3420.13257,3418.54565,3.87210639E-06
38,19,3415.37183,3418.54565,3416.95850,3.87210639E-06
38,20,3415.37183,3416.95850,3415.37183,3.87210639E-06
39,1,2854.31396,3415.37183,3411.39038,-3.54361482E-08
39,2,2854.31396,3411.39038,3397.27783,-3.54361482E-08
39,3,2854.31396,3397.27783,3364.19507,-3.54361482E-08
39,4,2854.31396,3364.19507,3308.41113,-3.54361482E-08
39,5,2854.31396,3308.41113,3234.34106,-3.54361482E-08
39,6,2854.31396,3234.34106,3152.16382,-3.54361482E-08
39,7,2854.31396,3152.16382,3072.97119,-3.54361482E-08
39,8,2854.31396,3072.97119,3004.93726,-3.54361482E-08
39,9,2854.31396,3004.93726,2951.90112,-3.54361482E-08
39,10,2854.31396,2951.90112,2913.92114,-3.54361482E-08
39,11,2854.31396,2913.92114,2888.71582,-3.54361482E-08
39,12,2854.31396,2888.71582,2873.11230,-3.54361482E-08
39,13,2854.31396,2873.11230,2864.05640,-3.54361482E-08
39,14,2854.31396,2864.05640,2859.10889,-3.54361482E-08
39,15,2854.31396,2859.10889,2856.55444,-3.54361482E-08
39,16,2854.31396,2856.55444,2855.30493,-3.54361482E-08
39,17,2854.31396,2855.30493,2854.72339,-3.54361482E-08
39,18,2854.31396,2854.72339,2854.46606,-3.54361482E-08
39,19,2854.31396,2854.46606,2854.35742,-3.54361482E-08
39,20,2854.31396,2854.35742,2854.31396,-3.54361482E-08
40,1,16777.0977,2854.31396,3876.23511,0.135913983
40,2,16777.0977,3876.23511,4894.25439,0.135913983
40,3,16777.0977,4894.25439,5904.16650,0.135913983
40,4,16777.0977,5904.16650,6900.32471,0.135913983
40,5,16777.0977,6900.32471,7875.98193,0.135913983
40,6,16777.0977,7875.98193,8823.77246,0.135913983
40,7,16777.0977,8823.77246,9736.23438,0.135913983
40,8,16777.0977,9736.23438,10606.3447,0.135913983
40,9,16777.0977,10606.3447,11427.9453,0.135913983
40,10,16777.0977,11427.9453,12196.0703,0.135913983
40,11,16777.0977,12196.0703,12907.1387,0.135913983
40,12,16777.0977,12907.1387,13559.0254,0.135913983
40,13,16777.0977,13559.0254,14151.0215,0.135913983
40,14,16777.0977,14151.0215,14683.7061,0.135913983
40,15,16777.0977,14683.7061,15158.7578,0.135913983
40,16,16777.0977,15158.7578,15578.7324,0.135913983
40,17,16777.0977,15578.7324,15946.8359,0.135913983
40,18,16777.0977,15946.8359,16266.6953,0.135913983
40,19,16777.0977,16266.6953,16542.1523,0.135913983
40,20,16777.0977,16542.1523,16777.0977,0.135913983
41,1,3547.68896,16777.0977,16000.3408,-2.22916384E-07
41,2,3547.68896,16000.3408,15197.9453,-2.22916384E-07
41,3,3547.68896,15197.9453,14376.2812,-2.22916384E-07
41,4,3547.68896,14376.2812,13542.5986,-2.22916384E-07
41,5,3547.68896,13542.5986,12704.7529,-2.22916384E-07
41,6,3547.68896,12704.7529,11870.8613,-2.22916384E-07
41,7,3547.68896,11870.8613,11048.9355,-2.22916384E-07
41,8,3547.68896,11048.9355,10246.5312,-2.22916384E-07
41,9,3547.68896,10246.5312,9470.44629,-2.22916384E-07
41,10,3547.68896,9470.44629,8726.49219,-2.22916384E-07
41,11,3547.68896,8726.49219,8019.35400,-2.22916384E-07
41,12,3547.68896,8019.35400,7352.52979,-2.22916384E-07
41,13,3547.68896,7352.52979,6728.33838,-2.22916384E-07
41,14,3547.68896,6728.33838,6147.98682,-2.22916384E-07
41,15,3547.68896,6147.98682,5611.69189,-2.22916384E-07
41,16,3547.68896,5611.69189,5118.81641,-2.22916384E-07
41,17,3547.68896,5118.81641,4668.02734,-2.22916384E-07
41,18,3547.68896,4668.02734,4257.45557,-2.22916384E-07
41,19,3547.68896,4257.45557,3884.84424,-2.22916384E-07
41,20,3547.68896,3884.84424,3547.68896,-2.22916384E-07
42,1,1502.19434,3547.68896,3377.75659,9.79185279E-05
42,2,1502.19434,3377.75659,3217.22314,9.79185279E-05
42,3,1502.19434,3217.22314,3065.64673,9.79185279E-05
42,4,1502.19434,3065.64673,2922.59302,9.79185279E-05
42,5,1502.19434,2922.59302,2787.63843,9.79185279E-05
42,6,1502.19434,2787.63843,2660.37305,9.79185279E-05
42,7,1502.19434,2660.37305,2540.40259,9.79185279E-05
42,8,1502.19434,2540.40259,2427.35083,9.79185279E-05
42,9,1502.19434,2427.35083,2320.86108,9.79185279E-05
42,10,1502.19434,2320.86108,2220.59839,9.79185279E-05
42,11,1502.19434,2220.59839,2126.24878,9.79185279E-05
42,12,1502.19434,2126.24878,2037.52112,9.79185279E-05
42,13,1502.19434,2037.52112,1954.14673,9.79185279E-05
42,14,1502.19434,1954.14673,1875.87830,9.79185279E-05
42,15,1502.19434,1875.87830,1802.49048,9.79185279E-05
42,16,1502.19434,1802.49048,1733.77783,9.79185279E-05
42,17,1502.19434,1733.77783,1669.55383,9.79185279E-05
42,18,1502.19434,1669.55383,1609.64941,9.79185279E-05
42,19,1502.19434,1609.64941,1553.90991,9.79185279E-05
42,20,1502.19434,1553.90991,1502.19434,9.79185279E-05
43,1,175.397141,1502.19434,1289.84387,2.67236344E-09
43,2,175.397141,1289.84387,1176.48718,2.67236344E-09
43,3,175.397141,1176.48718,1127.64868,2.67236344E-09
43,4,175.397141,1127.64868,1108.35864,2.67236344E-09
43,5,175.397141,1108.35864,1089.24634,2.67236344E-09
43,6,175.397141,1089.24634,1051.25732,2.67236344E-09
43,7,175.397141,1051.25732,986.935242,2.67236344E-09
43,8,175.397141,986.935242,898.481201,2.67236344E-09
43,9,175.397141,898.481201,794.048279,2.67236344E-09
43,10,175.397141,794.048279,683.874268,2.67236344E-09
43,11,175.397141,683.874268,577.329224,2.67236344E-09
43,12,175.397141,577.329224,481.269348,2.67236344E-09
43,13,175.397141,481.269348,399.570007,2.67236344E-09
43,14,175.397141,399.570007,333.456329,2.67236344E-09
43,15,175.397141,333.456329,282.219391,2.67236344E-09
43,16,175.397141,282.219391,243.998352,2.67236344E-09
43,17,175.397141,243.998352,216.442047,2.67236344E-09
43,18,175.397141,216.442047,197.176117,2.67236344E-09
43,19,175.397141,197.176117,184.077606,2.67236344E-09
43,20,175.397141,184.077606,175.397141,2.67236344E-09
44,1,372.342743,175.397141,185.976059,1.89116842E-03
44,2,372.342743,185.976059,196.652069,1.89116842E-03
44,3,372.342743,196.652069,207.389709,1.89116842E-03
44,4,372.342743,207.389709,218.150558,1.89116842E-03
44,5,372.342743,218.150558,228.894547,1.89116842E-03
44,6,372.342743,228.894547,239.581543,1.89116842E-03
44,7,372.342743,239.581543,250.173080,1.89116842E-03
44,8,372.342743,250.173080,260.633972,1.89116842E-03
44,9,372.342743,260.633972,270.933899,1.89116842E-03
44,10,372.342743,270.933899,281.048676,1.89116842E-03
44,11,372.342743,281.048676,290.961395,1.89116842E-03
44,12,372.342743,290.961395,300.663086,1.89116842E-03
44,13,372.342743,300.663086,310.153412,1.89116842E-03
44,14,372.342743,310.153412,319.440643,1.89116842E-03
44,15,372.342743,319.440643,328.541412,1.89116842E-03
44,16,372.342743,328.541412,337.480438,1.89116842E-03
44,17,372.342743,337.480438,346.289581,1.89116842E-03
44,18,372.342743,346.289581,355.006897,1.89116842E-03
44,19,372.342743,355.006897,363.675598,1.89116842E-03
44,20,372.342743,363.675598,372.342743,1.89116842E-03
45,1,1762.15942,372.342743,365.177460,3.19643259E-05
45,2,1762.15942,365.177460,359.960114,3.19643259E-05
45,3,1762.15942,359.960114,358.219818,3.19643259E-05
45,4,1762.15942,358.219818,361.683838,3.19643259E-05
45,5,1762.15942,361.683838,372.205750,3.19643259E-05
45,6,1762.15942,372.205750,391.671082,3.19643259E-05
45,7,1762.15942,391.671082,421.872955,3.19643259E-05
45,8,1762.15942,421.872955,464.361664,3.19643259E-05
45,9,1762.15942,464.361664,520.284424,3.19643259E-05
45,10,1762.15942,520.284424,590.239319,3.19643259E-05
45,11,1762.15942,590.239319,674.168152,3.19643259E-05
45,12,1762.15942,674.168152,771.306946,3.19643259E-05
45,13,1762.15942,771.306946,880.204285,3.19643259E-05
45,14,1762.15942,880.204285,998.804138,3.19643259E-05
45,15,1762.15942,998.804138,1124.58325,3.19643259E-05
45,16,1762.15942,1124.58325,1254.72205,3.19643259E-05
45,17,1762.15942,1254.72205,1386.28918,3.19643259E-05
45,18,1762.15942,1386.28918,1516.42102,3.19643259E-05
45,19,1762.15942,1516.42102,1642.47693,3.19643259E-05
45,20,1762.15942,1642.47693,1762.15942,3.19643259E-05
46,1,1550.98120,1762.15942,1793.11877,2.06426577E-07
46,2,1550.98120,1793.11877,1819.98071,2.06426577E-07
46,3,1550.98120,1819.98071,1843.25952,2.06426577E-07
46,4,1550.98120,1843.25952,1862.45618,2.06426577E-07
46,5,1550.98120,1862.45618,1877.15771,2.06426577E-07
46,6,1550.98120,1877.15771,1887.13062,2.06426577E-07
46,7,1550.98120,1887.13062,1892.21448,2.06426577E-07
46,8,1550.98120,1892.21448,1892.31970,2.06426577E-07
46,9,1550.98120,1892.31970,1887.42627,2.06426577E-07
46,10,1550.98120,1887.42627,1877.57849,2.06426577E-07
46,11,1550.98120,1877.57849,1862.88062,2.06426577E-07
46,12,1550.98120,1862.88062,1843.49048,2.06426577E-07
46,13,1550.98120,1843.49048,1819.61389,2.06426577E-07
46,14,1550.98120,1819.61389,1791.49670,2.06426577E-07
46,15,1550.98120,1791.49670,1759.41943,2.06426577E-07
46,16,1550.98120,1759.41943,1723.68909,2.06426577E-07
46,17,1550.98120,1723.68909,1684.63403,2.06426577E-07
46,18,1550.98120,1684.63403,1642.59631,2.06426577E-07
46,19,1550.98120,1642.59631,1597.92712,2.06426577E-07
46,20,1550.98120,1597.92712,1550.98120,2.06426577E-07
47,1,1526.82410,1552.34937,1550.35327,-7.16308841E-06
47,2,1526.82410,1550.35327,1552.60571,-7.16308841E-06
47,3,1526.82410,1552.60571,1540.21228,-7.16308841E-06
47,4,1526.82410,1540.21228,1541.31873,-7.16308841E-06
47,5,1526.82410,1541.31873,1546.81140,-7.16308841E-06
47,6,1526.82410,1546.81140,1549.62781,-7.16308841E-06
47,7,1526.82410,1549.62781,1548.61169,-7.16308841E-06
47,8,1526.82410,1548.61169,1544.93311,-7.16308841E-06
47,9,1526.82410,1544.93311,1540.24695,-7.16308841E-06
47,10,1526.82410,1540.24695,1535.88379,-7.16308841E-06
47,11,1526.82410,1535.88379,1532.60120,-7.16308841E-06
47,12,1526.82410,1532.60120,1530.62500,-7.16308841E-06
47,13,1526.82410,1530.62500,1529.79944,-7.16308841E-06
47,14,1526.82410,1529.79944,1529.75769,-7.16308841E-06
47,15,1526.82410,1529.75769,1530.06824,-7.16308841E-06
47,16,1526.82410,1530.06824,1530.33704,-7.16308841E-06
47,17,1526.82410,1530.33704,1530.26648,-7.16308841E-06
47,18,1526.82410,1530.26648,1529.68079,-7.16308841E-06
47,19,1526.82410,1529.68079,1528.52124,-7.16308841E-06
47,20,1526.82410,1528.52124,1526.82410,-7.16308841E-06
48,1,1934.31995,1526.82410,1548.00842,1.29712187E-03
48,2,1934.31995,1548.00842,1561.64868,1.29712187E-03
48,3,1934.31995,1561.64868,1599.60254,1.29712187E-03
48,4,1934.31995,1599.60254,1601.18604,1.29712187E-03
48,5,1934.31995,1601.18604,1617.84619,1.29712187E-03
48,6,1934.31995,1617.84619,1644.11780,1.29712187E-03
48,7,1934.31995,1644.11780,1679.42175,1.29712187E-03
48,8,1934.31995,1679.42175,1702.41199,1.29712187E-03
48,9,1934.31995,1702.41199,1716.45117,1.29712187E-03
48,10,1934.31995,1716.45117,1714.08118,1.29712187E-03
48,11,1934.31995,1714.08118,1744.84998,1.29712187E-03
48,12,1934.31995,1744.84998,1778.27490,1.29712187E-03
48,13,1934.31995,1778.27490,1811.11157,1.29712187E-03
48,14,1934.31995,1811.11157,1811.06262,1.29712187E-03
48,15,1934.31995,1811.06262,1827.36572,1.29712187E-03
48,16,1934.31995,1827.36572,1865.32202,1.29712187E-03
48,17,1934.31995,1865.32202,1904.54541,1.29712187E-03
48,18,1934.31995,1904.54541,1928.47302,1.29712187E-03
48,19,1934.31995,1928.47302,1935.29309,1.29712187E-03
48,20,1934.31995,1935.29309,1934.31995,1.29712187E-03
49,1,1966.84863,1934.31995,1922.42932,8.77900863E-09
49,2,1966.84863,1922.42932,1916.40820,8.77900863E-09
49,3,1966.84863,1916.40820,1911.49609,8.77900863E-09
49,4,1966.84863,1911.49609,1907.54712,8.77900863E-09
49,5,1966.84863,1907.54712,1909.13330,8.77900863E-09
49,6,1966.84863,1909.13330,1914.73486,8.77900863E-09
49,7,1966.84863,1914.73486,1921.84583,8.77900863E-09
49,8,1966.84863,1921.84583,1928.79541,8.77900863E-09
49,9,1966.84863,1928.79541,1936.33252,8.77900863E-09
49,10,1966.84863,1936.33252,1945.25781,8.77900863E-09
49,11,1966.84863,1945.25781,1941.99060,8.77900863E-09
49,12,1966.84863,1941.99060,1952.68860,8.77900863E-09
49,13,1966.84863,1952.68860,1947.78650,8.77900863E-09
49,14,1966.84863,1947.78650,1946.61316,8.77900863E-09
49,15,1966.84863,1946.61316,1956.69202,8.77900863E-09
49,16,1966.84863,1956.69202,1972.32385,8.77900863E-09
49,17,1966.84863,1972.32385,1985.33423,8.77900863E-09
49,18,1966.84863,1985.33423,1989.79382,8.77900863E-09
49,19,1966.84863,1989.79382,1983.34814,8.77900863E-09
49,20,1966.84863,1983.34814,1966.84863,8.77900863E-09
50,1,333.617310,2173.02344,1962.36292,-4.95442096E-03
50,2,333.617310,1962.36292,1985.78186,-4.95442096E-03
50,3,333.617310,1985.78186,1759.11157,-4.95442096E-03
50,4,333.617310,1759.11157,1514.34851,-4.95442096E-03
50,5,333.617310,1514.34851,1397.57678,-4.95442096E-03
50,6,333.617310,1397.57678,1400.15625,-4.95442096E-03
50,7,333.617310,1400.15625,1450.36316,-4.95442096E-03
50,8,333.617310,1450.36316,1530.87427,-4.95442096E-03
50,9,333.617310,1530.87427,1426.57849,-4.95442096E-03
50,10,333.617310,1426.57849,1287.19580,-4.95442096E-03
50,11,333.617310,1287.19580,1251.07532,-4.95442096E-03
50,12,333.617310,1251.07532,1195.41614,-4.95442096E-03
50,13,333.617310,1195.41614,1091.00671,-4.95442096E-03
50,14,333.617310,1091.00671,1042.54102,-4.95442096E-03
50,15,333.617310,1042.54102,874.396179,-4.95442096E-03
50,16,333.617310,874.396179,797.365662,-4.95442096E-03
50,17,333.617310,797.365662,643.150879,-4.95442096E-03
50,18,333.617310,643.150879,529.442810,-4.95442096E-03
50,19,333.617310,529.442810,452.391113,-4.95442096E-03
50,20,333.617310,452.391113,333.617310,-4.95442096E-03
51,1,484.310791,333.617310,359.293365,6.60618243E-05
51,2,484.310791,359.293365,382.073456,6.60618243E-05
51,3,484.310791,382.073456,401.033478,6.60618243E-05
51,4,484.310791,401.033478,421.270752,6.60618243E-05
51,5,484.310791,421.270752,424.593811,6.60618243E-05
51,6,484.310791,424.593811,425.352539,6.60618243E-05
51,7,484.310791,425.352539,446.497955,6.60618243E-05
51,8,484.310791,446.497955,460.506714,6.60618243E-05
51,9,484.310791,460.506714,465.379333,6.60618243E-05
51,10,484.310791,465.379333,466.180542,6.60618243E-05
51,11,484.310791,466.180542,465.830688,6.60618243E-05
51,12,484.310791,465.830688,465.826660,6.60618243E-05
51,13,484.310791,465.826660,466.763458,6.60618243E-05
51,14,484.310791,466.763458,468.702057,6.60618243E-05
51,15,484.310791,468.702057,471.710907,6.60618243E-05
51,16,484.310791,471.710907,475.139587,6.60618243E-05
51,17,484.310791,475.139587,478.135010,6.60618243E-05
51,18,484.310791,478.135010,480.573792,6.60618243E-05
51,19,484.310791,480.573792,482.583466,6.60618243E-05
51,20,484.310791,482.583466,484.310791,6.60618243E-05
52,1,7563.93457,535.889221,872.330750,1.14409896E-02
52,2,7563.93457,872.330750,1399.38428,1.14409896E-02
52,3,7563.93457,1399.38428,1573.46887,1.14409896E-02
52,4,7563.93457,1573.46887,1843.42041,1.14409896E-02
52,5,7563.93457,1843.42041,2311.05298,1.14409896E-02
52,6,7563.93457,2311.05298,2827.37524,1.14409896E-02
52,7,7563.93457,2827.37524,3248.12720,1.14409896E-02
52,8,7563.93457,3248.12720,3541.60742,1.14409896E-02
52,9,7563.93457,3541.60742,3768.56250,1.14409896E-02
52,10,7563.93457,3768.56250,4016.14429,1.14409896E-02
52,11,7563.93457,4016.14429,4343.64307,1.14409896E-02
52,12,7563.93457,4343.64307,4760.85156,1.14409896E-02
52,13,7563.93457,4760.85156,5235.45605,1.14409896E-02
52,14,7563.93457,5235.45605,5715.46924,1.14409896E-02
52,15,7563.93457,5715.46924,6153.13232,1.14409896E-02
52,16,7563.93457,6153.13232,6521.31787,1.14409896E-02
52,17,7563.93457,6521.31787,6819.27881,1.14409896E-02
52,18,7563.93457,6819.27881,7068.86621,1.14409896E-02
52,19,7563.93457,7068.86621,7304.94189,1.14409896E-02
52,20,7563.93457,7304.94189,7563.93457,1.14409896E-02
53,1,2998.32568,7563.93457,7341.21484,-7.34626725E-02
53,2,2998.32568,7341.21484,7113.36963,-7.34626725E-02
53,3,2998.32568,7113.36963,6881.81641,-7.34626725E-02
53,4,2998.32568,6881.81641,6647.74170,-7.34626725E-02
53,5,2998.32568,6647.74170,6412.15381,-7.34626725E-02
53,6,2998.32568,6412.15381,6175.88281,-7.34626725E-02
53,7,2998.32568,6175.88281,5939.59473,-7.34626725E-02
53,8,2998.32568,5939.59473,5703.83789,-7.34626725E-02
53,9,2998.32568,5703.83789,5469.03223,-7.34626725E-02
53,10,2998.32568,5469.03223,5235.54443,-7.34626725E-02
53,11,2998.32568,5235.54443,5003.61475,-7.34626725E-02
53,12,2998.32568,5003.61475,4773.40723,-7.34626725E-02
53,13,2998.32568,4773.40723,4545.04883,-7.34626725E-02
53,14,2998.32568,4545.04883,4318.57666,-7.34626725E-02
53,15,2998.32568,4318.57666,4094.01953,-7.34626725E-02
53,16,2998.32568,4094.01953,3871.35889,-7.34626725E-02
53,17,2998.32568,3871.35889,3650.53857,-7.34626725E-02
53,18,2998.32568,3650.53857,3431.49536,-7.34626725E-02
53,19,2998.32568,3431.49536,3214.11914,-7.34626725E-02
53,20,2998.32568,3214.11914,2998.32568,-7.34626725E-02
54,1,2863.98169,2998.32568,3002.92529,-3.47369886E-03
54,2,2863.98169,3002.92529,3033.62329,-3.47369886E-03
54,3,2863.98169,3033.62329,3071.78564,-3.47369886E-03
54,4,2863.98169,3071.78564,3106.49927,-3.47369886E-03
54,5,2863.98169,3106.49927,3132.23438,-3.47369886E-03
54,6,2863.98169,3132.23438,3147.02808,-3.47369886E-03
54,7,2863.98169,3147.02808,3151.15405,-3.47369886E-03
54,8,2863.98169,3151.15405,3146.10425,-3.47369886E-03
54,9,2863.98169,3146.10425,3133.87939,-3.47369886E-03
54,10,2863.98169,3133.87939,3116.54688,-3.47369886E-03
54,11,2863.98169,3116.54688,3095.95117,-3.47369886E-03
54,12,2863.98169,3095.95117,3073.49902,-3.47369886E-03
54,13,2863.98169,3073.49902,3050.16724,-3.47369886E-03
54,14,2863.98169,3050.16724,3026.45239,-3.47369886E-03
54,15,2863.98169,3026.45239,3002.48096,-3.47369886E-03
54,16,2863.98169,3002.48096,2978.00977,-3.47369886E-03
54,17,2863.98169,2978.00977,2952.58179,-3.47369886E-03
54,18,2863.98169,2952.58179,2925.55835,-3.47369886E-03
54,19,2863.98169,2925.55835,2896.25220,-3.47369886E-03
54,20,2863.98169,2896.25220,2863.98169,-3.47369886E-03
55,1,2235.03809,2863.98169,2864.24365,-8.07666162E-04
55,2,2235.03809,2864.24365,2849.76465,-8.07666162E-04
55,3,2235.03809,2849.76465,2828.92627,-8.07666162E-04
55,4,2235.03809,2828.92627,2805.99902,-8.07666162E-04
55,5,2235.03809,2805.99902,2782.68359,-8.07666162E-04
55,6,2235.03809,2782.68359,2759.19604,-8.07666162E-04
55,7,2235.03809,2759.19604,2734.98462,-8.07666162E-04
55,8,2235.03809,2734.98462,2709.24731,-8.07666162E-04
55,9,2235.03809,2709.24731,2681.21094,-8.07666162E-04
55,10,2235.03809,2681.21094,2650.30640,-8.07666162E-04
55,11,2235.03809,2650.30640,2616.25732,-8.07666162E-04
55,12,2235.03809,2616.25732,2579.06250,-8.07666162E-04
55,13,2235.03809,2579.06250,2539.02026,-8.07666162E-04
55,14,2235.03809,2539.02026,2496.62061,-8.07666162E-04
55,15,2235.03809,2496.62061,2452.55151,-8.07666162E-04
55,16,2235.03809,2452.55151,2407.58691,-8.07666162E-04
55,17,2235.03809,2407.58691,2362.54761,-8.07666162E-04
55,18,2235.03809,2362.54761,2318.26978,-8.07666162E-04
55,19,2235.03809,2318.26978,2275.52979,-8.07666162E-04
55,20,2235.03809,2275.52979,2235.03809,-8.07666162E-04
56,1,2491.29785,2235.03809,2168.86694,-6.95286326E-06
56,2,2491.29785,2168.86694,2159.20166,-6.95286326E-06
56,3,2491.29785,2159.20166,2158.74805,-6.95286326E-06
56,4,2491.29785,2158.74805,2150.39136,-6.95286326E-06
56,5,2491.29785,2150.39136,2132.70166,-6.95286326E-06
56,6,2491.29785,2132.70166,2110.98340,-6.95286326E-06
56,7,2491.29785,2110.98340,2092.06689,-6.95286326E-06
56,8,2491.29785,2092.06689,2081.64429,-6.95286326E-06
56,9,2491.29785,2081.64429,2083.22461,-6.95286326E-06
56,10,2491.29785,2083.22461,2097.97876,-6.95286326E-06
56,11,2491.29785,2097.97876,2125.10669,-6.95286326E-06
56,12,2491.29785,2125.10669,2162.36938,-6.95286326E-06
56,13,2491.29785,2162.36938,2206.75586,-6.95286326E-06
56,14,2491.29785,2206.75586,2255.00903,-6.95286326E-06
56,15,2491.29785,2255.00903,2304.00903,-6.95286326E-06
56,16,2491.29785,2304.00903,2351.13892,-6.95286326E-06
56,17,2491.29785,2351.13892,2394.39551,-6.95286326E-06
56,18,2491.29785,2394.39551,2432.48633,-6.95286326E-06
56,19,2491.29785,2432.48633,2464.80322,-6.95286326E-06
56,20,2491.29785,2464.80322,2491.29785,-6.95286326E-06
57,1,3865.67529,3329.40479,3092.24951,-4.55472218E-07
57,2,3865.67529,3092.24951,3363.82764,-4.55472218E-07
57,3,3865.67529,3363.82764,3636.58618,-4.55472218E-07
57,4,3865.67529,3636.58618,3738.88818,-4.55472218E-07
57,5,3865.67529,3738.88818,3668.56226,-4.55472218E-07
57,6,3865.67529,3668.56226,3492.34009,-4.55472218E-07
57,7,3865.67529,3492.34009,3289.59009,-4.55472218E-07
57,8,3865.67529,3289.59009,3124.52075,-4.55472218E-07
57,9,3865.67529,3124.52075,3035.98608,-4.55472218E-07
57,10,3865.67529,3035.98608,3037.39819,-4.55472218E-07
57,11,3865.67529,3037.39819,3121.65405,-4.55472218E-07
57,12,3865.67529,3121.65405,3267.89453,-4.55472218E-07
57,13,3865.67529,3267.89453,3448.35913,-4.55472218E-07
57,14,3865.67529,3448.35913,3634.11279,-4.55472218E-07
57,15,3865.67529,3634.11279,3799.29932,-4.55472218E-07
57,16,3865.67529,3799.29932,3923.91016,-4.55472218E-07
57,17,3865.67529,3923.91016,3995.09570,-4.55472218E-07
57,18,3865.67529,3995.09570,4007.38208,-4.55472218E-07
57,19,3865.67529,4007.38208,3961.97241,-4.55472218E-07
57,20,3865.67529,3961.97241,3865.67529,-4.55472218E-07
58,1,1871.39038,3865.67529,3306.41113,8.15577187E-06
58,2,1871.39038,3306.41113,2549.09863,8.15577187E-06
58,3,1871.39038,2549.09863,3132.88159,8.15577187E-06
58,4,1871.39038,3132.88159,3107.69727,8.15577187E-06
58,5,1871.39038,3107.69727,3172.80566,8.15577187E-06
58,6,1871.39038,3172.80566,3561.05103,8.15577187E-06
58,7,1871.39038,3561.05103,3778.90796,8.15577187E-06
58,8,1871.39038,3778.90796,3496.96826,8.15577187E-06
58,9,1871.39038,3496.96826,2917.60547,8.15577187E-06
58,10,1871.39038,2917.60547,2507.30078,8.15577187E-06
58,11,1871.39038,2507.30078,2580.96362,8.15577187E-06
58,12,1871.39038,2580.96362,3100.93506,8.15577187E-06
58,13,1871.39038,3100.93506,3751.26343,8.15577187E-06
58,14,1871.39038,3751.26343,4158.14990,8.15577187E-06
58,15,1871.39038,4158.14990,4094.89355,8.15577187E-06
58,16,1871.39038,4094.89355,3573.87085,8.15577187E-06
58,17,1871.39038,3573.87085,2812.39771,8.15577187E-06
58,18,1871.39038,2812.39771,2118.21533,8.15577187E-06
58,19,1871.39038,2118.21533,1759.44604,8.15577187E-06
58,20,1871.39038,1759.44604,1871.39038,8.15577187E-06
