i,k,old_q,old_q_ch_in,old_q_ch_out,qlat_ch_old
1,1,79.1270905,0.00000000,3.99432135,9.19563972E-05
1,2,79.1270905,3.99432135,7.98680496,9.19563972E-05
1,3,79.1270905,7.98680496,11.9898987,9.19563972E-05
1,4,79.1270905,11.9898987,15.9625053,9.19563972E-05
1,5,79.1270905,15.9625053,19.9689789,9.19563972E-05
1,6,79.1270905,19.9689789,24.0252705,9.19563972E-05
1,7,79.1270905,24.0252705,27.8465462,9.19563972E-05
1,8,79.1270905,27.8465462,32.0791512,9.19563972E-05
1,9,79.1270905,32.0791512,35.7647552,9.19563972E-05
1,10,79.1270905,35.7647552,40.1530991,9.19563972E-05
1,11,79.1270905,40.1530991,43.9616699,9.19563972E-05
1,12,79.1270905,43.9616699,47.7617760,9.19563972E-05
1,13,79.1270905,47.7617760,51.6854935,9.19563972E-05
1,14,79.1270905,51.6854935,56.3439293,9.19563972E-05
1,15,79.1270905,56.3439293,60.1153717,9.19563972E-05
1,16,79.1270905,60.1153717,63.2024422,9.19563972E-05
1,17,79.1270905,63.2024422,68.1326218,9.19563972E-05
1,18,79.1270905,68.1326218,72.9421616,9.19563972E-05
1,19,79.1270905,72.9421616,74.5553818,9.19563972E-05
1,20,79.1270905,74.5553818,79.1270905,9.19563972E-05
2,1,19.9834023,0.00000000,1.00675392,4.06155268E-05
2,2,19.9834023,1.00675392,2.03926516,4.06155268E-05
2,3,19.9834023,2.03926516,2.94073176,4.06155268E-05
2,4,19.9834023,2.94073176,4.10335922,4.06155268E-05
2,5,19.9834023,4.10335922,5.09191895,4.06155268E-05
2,6,19.9834023,5.09191895,5.98904228,4.06155268E-05
2,7,19.9834023,5.98904228,6.99126339,4.06155268E-05
2,8,19.9834023,6.99126339,8.07220840,4.06155268E-05
2,9,19.9834023,8.07220840,9.17271996,4.06155268E-05
2,10,19.9834023,9.17271996,10.0437260,4.06155268E-05
2,11,19.9834023,10.0437260,11.0869102,4.06155268E-05
2,12,19.9834023,11.0869102,12.0327568,4.06155268E-05
2,13,19.9834023,12.0327568,13.0254955,4.06155268E-05
2,14,19.9834023,13.0254955,14.1239796,4.06155268E-05
2,15,19.9834023,14.1239796,15.2134876,4.06155268E-05
2,16,19.9834023,15.2134876,16.2839088,4.06155268E-05
2,17,19.9834023,16.2839088,17.2165298,4.06155268E-05
2,18,19.9834023,17.2165298,18.0624390,4.06155268E-05
2,19,19.9834023,18.0624390,18.9233608,4.06155268E-05
2,20,19.9834023,18.9233608,19.9834023,4.06155268E-05
3,1,13.1274376,0.00000000,0.656292796,9.81110406E-06
3,2,13.1274376,0.656292796,1.31258559,9.81110406E-06
3,3,13.1274376,1.31258559,1.96887851,9.81110406E-06
3,4,13.1274376,1.96887851,2.62517118,9.81110406E-06
3,5,13.1274376,2.62517118,3.28146410,9.81110406E-06
3,6,13.1274376,3.28146410,3.93775678,9.81110406E-06
3,7,13.1274376,3.93775678,4.59405136,9.81110406E-06
3,8,13.1274376,4.59405136,5.25033188,9.81110406E-06
3,9,13.1274376,5.25033188,5.90669680,9.81110406E-06
3,10,13.1274376,5.90669680,6.56266212,9.81110406E-06
3,11,13.1274376,6.56266212,7.22010946,9.81110406E-06
3,12,13.1274376,7.22010946,7.87326145,9.81110406E-06
3,13,13.1274376,7.87326145,8.53582001,9.81110406E-06
3,14,13.1274376,8.53582001,9.18418121,9.81110406E-06
3,15,13.1274376,9.18418121,9.84293175,9.81110406E-06
3,16,13.1274376,9.84293175,10.5112782,9.81110406E-06
3,17,13.1274376,10.5112782,11.1455784,9.81110406E-06
3,18,13.1274376,11.1455784,11.8081875,9.81110406E-06
3,19,13.1274376,11.8081875,12.4876862,9.81110406E-06
3,20,13.1274376,12.4876862,13.1274376,9.81110406E-06
4,1,80.6432877,0.00000000,4.05160713,6.60833030E-05
4,2,80.6432877,4.05160713,8.09419155,6.60833030E-05
4,3,80.6432877,8.09419155,12.0969563,6.60833030E-05
4,4,80.6432877,12.0969563,16.4039154,6.60833030E-05
4,5,80.6432877,16.4039154,19.9514656,6.60833030E-05
4,6,80.6432877,19.9514656,24.4032936,6.60833030E-05
4,7,80.6432877,24.4032936,28.4957161,6.60833030E-05
4,8,80.6432877,28.4957161,32.2196312,6.60833030E-05
4,9,80.6432877,32.2196312,36.3316193,6.60833030E-05
4,10,80.6432877,36.3316193,40.6854591,6.60833030E-05
4,11,80.6432877,40.6854591,44.8850327,6.60833030E-05
4,12,80.6432877,44.8850327,48.1762428,6.60833030E-05
4,13,80.6432877,48.1762428,52.6888771,6.60833030E-05
4,14,80.6432877,52.6888771,56.4190712,6.60833030E-05
4,15,80.6432877,56.4190712,60.1174164,6.60833030E-05
4,16,80.6432877,60.1174164,66.0480728,6.60833030E-05
4,17,80.6432877,66.0480728,68.9527512,6.60833030E-05
4,18,80.6432877,68.9527512,72.8465729,6.60833030E-05
4,19,80.6432877,72.8465729,76.6951523,6.60833030E-05
4,20,80.6432877,76.6951523,80.6432877,6.60833030E-05
5,1,9.18156910,0.00000000,0.460873634,7.84928397E-06
5,2,9.18156910,0.460873634,0.921739578,7.84928397E-06
5,3,9.18156910,0.921739578,1.38268590,7.84928397E-06
5,4,9.18156910,1.38268590,1.84314311,7.84928397E-06
5,5,9.18156910,1.84314311,2.30548048,7.84928397E-06
5,6,9.18156910,2.30548048,2.76327229,7.84928397E-06
5,7,9.18156910,2.76327229,3.22703362,7.84928397E-06
5,8,9.18156910,3.22703362,3.69045639,7.84928397E-06
5,9,9.18156910,3.69045639,4.14108038,7.84928397E-06
5,10,9.18156910,4.14108038,4.61193657,7.84928397E-06
5,11,9.18156910,4.61193657,5.06709433,7.84928397E-06
5,12,9.18156910,5.06709433,5.55141878,7.84928397E-06
5,13,9.18156910,5.55141878,5.94891739,7.84928397E-06
5,14,9.18156910,5.94891739,6.49314547,7.84928397E-06
5,15,9.18156910,6.49314547,6.87215805,7.84928397E-06
5,16,9.18156910,6.87215805,7.43236637,7.84928397E-06
5,17,9.18156910,7.43236637,7.78634262,7.84928397E-06
5,18,9.18156910,7.78634262,8.31825352,7.84928397E-06
5,19,9.18156910,8.31825352,8.74075794,7.84928397E-06
5,20,9.18156910,8.74075794,9.18156910,7.84928397E-06
6,1,13.3938169,0.00000000,0.669958770,4.42734236E-05
6,2,13.3938169,0.669958770,1.33886933,4.42734236E-05
6,3,13.3938169,1.33886933,1.99681497,4.42734236E-05
6,4,13.3938169,1.99681497,2.71819067,4.42734236E-05
6,5,13.3938169,2.71819067,3.29962730,4.42734236E-05
6,6,13.3938169,3.29962730,4.02374268,4.42734236E-05
6,7,13.3938169,4.02374268,4.71974373,4.42734236E-05
6,8,13.3938169,4.71974373,5.33745670,4.42734236E-05
6,9,13.3938169,5.33745670,5.99409866,4.42734236E-05
6,10,13.3938169,5.99409866,6.71228981,4.42734236E-05
6,11,13.3938169,6.71228981,7.41988468,4.42734236E-05
6,12,13.3938169,7.41988468,8.04325867,4.42734236E-05
6,13,13.3938169,8.04325867,8.62909889,4.42734236E-05
6,14,13.3938169,8.62909889,9.40485954,4.42734236E-05
6,15,13.3938169,9.40485954,9.89441776,4.42734236E-05
6,16,13.3938169,9.89441776,10.8268414,4.42734236E-05
6,17,13.3938169,10.8268414,11.4306765,4.42734236E-05
6,18,13.3938169,11.4306765,12.1093855,4.42734236E-05
6,19,13.3938169,12.1093855,12.7307615,4.42734236E-05
6,20,13.3938169,12.7307615,13.3938169,4.42734236E-05
7,1,1.61904430,0.00000000,8.17084759E-02,6.20885521E-06
7,2,1.61904430,8.17084759E-02,0.163254902,6.20885521E-06
7,3,1.61904430,0.163254902,0.245255664,6.20885521E-06
7,4,1.61904430,0.245255664,0.327417225,6.20885521E-06
7,5,1.61904430,0.327417225,0.405606240,6.20885521E-06
7,6,1.61904430,0.405606240,0.494577974,6.20885521E-06
7,7,1.61904430,0.494577974,0.568000495,6.20885521E-06
7,8,1.61904430,0.568000495,0.655074120,6.20885521E-06
7,9,1.61904430,0.655074120,0.738271654,6.20885521E-06
7,10,1.61904430,0.738271654,0.812504351,6.20885521E-06
7,11,1.61904430,0.812504351,0.893865705,6.20885521E-06
7,12,1.61904430,0.893865705,0.991017699,6.20885521E-06
7,13,1.61904430,0.991017699,1.04916155,6.20885521E-06
7,14,1.61904430,1.04916155,1.17206931,6.20885521E-06
7,15,1.61904430,1.17206931,1.20432615,6.20885521E-06
7,16,1.61904430,1.20432615,1.28159523,6.20885521E-06
7,17,1.61904430,1.28159523,1.42377019,6.20885521E-06
7,18,1.61904430,1.42377019,1.47409248,6.20885521E-06
7,19,1.61904430,1.47409248,1.54004765,6.20885521E-06
7,20,1.61904430,1.54004765,1.61904430,6.20885521E-06
8,1,2.54909825,0.00000000,0.127470642,1.70031635E-05
8,2,2.54909825,0.127470642,0.254750967,1.70031635E-05
8,3,2.54909825,0.254750967,0.379866689,1.70031635E-05
8,4,2.54909825,0.379866689,0.517269850,1.70031635E-05
8,5,2.54909825,0.517269850,0.627837062,1.70031635E-05
8,6,2.54909825,0.627837062,0.765388131,1.70031635E-05
8,7,2.54909825,0.765388131,0.898101866,1.70031635E-05
8,8,2.54909825,0.898101866,1.01573336,1.70031635E-05
8,9,2.54909825,1.01573336,1.14031196,1.70031635E-05
8,10,2.54909825,1.14031196,1.27684474,1.70031635E-05
8,11,2.54909825,1.27684474,1.41152859,1.70031635E-05
8,12,2.54909825,1.41152859,1.53176546,1.70031635E-05
8,13,2.54909825,1.53176546,1.64050317,1.70031635E-05
8,14,2.54909825,1.64050317,1.79054832,1.70031635E-05
8,15,2.54909825,1.79054832,1.88248754,1.70031635E-05
8,16,2.54909825,1.88248754,2.05796838,1.70031635E-05
8,17,2.54909825,2.05796838,2.17502189,1.70031635E-05
8,18,2.54909825,2.17502189,2.30480218,1.70031635E-05
8,19,2.54909825,2.30480218,2.42311239,1.70031635E-05
8,20,2.54909825,2.42311239,2.54909825,1.70031635E-05
9,1,2.30840611,0.00000000,0.113391094,1.76806006E-05
9,2,2.30840611,0.113391094,0.233442008,1.76806006E-05
9,3,2.30840611,0.233442008,0.330170870,1.76806006E-05
9,4,2.30840611,0.330170870,0.456714034,1.76806006E-05
9,5,2.30840611,0.456714034,0.582497895,1.76806006E-05
9,6,2.30840611,0.582497895,0.685574472,1.76806006E-05
9,7,2.30840611,0.685574472,0.790417314,1.76806006E-05
9,8,2.30840611,0.790417314,0.904698849,1.76806006E-05
9,9,2.30840611,0.904698849,1.01730371,1.76806006E-05
9,10,2.30840611,1.01730371,1.16713750,1.76806006E-05
9,11,2.30840611,1.16713750,1.23965418,1.76806006E-05
9,12,2.30840611,1.23965418,1.36361670,1.76806006E-05
9,13,2.30840611,1.36361670,1.49574792,1.76806006E-05
9,14,2.30840611,1.49574792,1.59415770,1.76806006E-05
9,15,2.30840611,1.59415770,1.68981051,1.76806006E-05
9,16,2.30840611,1.68981051,1.80690265,1.76806006E-05
9,17,2.30840611,1.80690265,1.94154012,1.76806006E-05
9,18,2.30840611,1.94154012,2.07057476,1.76806006E-05
9,19,2.30840611,2.07057476,2.19132376,1.76806006E-05
9,20,2.30840611,2.19132376,2.30840611,1.76806006E-05
10,1,0.754721045,0.00000000,3.70127670E-02,7.63772641E-06
10,2,0.754721045,3.70127670E-02,7.65513033E-02,7.63772641E-06
10,3,0.754721045,7.65513033E-02,0.107928127,7.63772641E-06
10,4,0.754721045,0.107928127,0.148202091,7.63772641E-06
10,5,0.754721045,0.148202091,0.191607475,7.63772641E-06
10,6,0.754721045,0.191607475,0.223601341,7.63772641E-06
10,7,0.754721045,0.223601341,0.258949667,7.63772641E-06
10,8,0.754721045,0.258949667,0.296090752,7.63772641E-06
10,9,0.754721045,0.296090752,0.332647830,7.63772641E-06
10,10,0.754721045,0.332647830,0.376905710,7.63772641E-06
10,11,0.754721045,0.376905710,0.411549568,7.63772641E-06
10,12,0.754721045,0.411549568,0.442375362,7.63772641E-06
10,13,0.754721045,0.442375362,0.487815917,7.63772641E-06
10,14,0.754721045,0.487815917,0.524251997,7.63772641E-06
10,15,0.754721045,0.524251997,0.554865718,7.63772641E-06
10,16,0.754721045,0.554865718,0.589222133,7.63772641E-06
10,17,0.754721045,0.589222133,0.630059242,7.63772641E-06
10,18,0.754721045,0.630059242,0.674389601,7.63772641E-06
10,19,0.754721045,0.674389601,0.713487685,7.63772641E-06
10,20,0.754721045,0.713487685,0.754721045,7.63772641E-06
11,1,8.92437267,0.00000000,0.450976074,7.68530572E-06
11,2,8.92437267,0.450976074,0.901019454,7.68530572E-06
11,3,8.92437267,0.901019454,1.35353351,7.68530572E-06
11,4,8.92437267,1.35353351,1.80768847,7.68530572E-06
11,5,8.92437267,1.80768847,2.23758054,7.68530572E-06
11,6,8.92437267,2.23758054,2.73029542,7.68530572E-06
11,7,8.92437267,2.73029542,3.13554525,7.68530572E-06
11,8,8.92437267,3.13554525,3.61327505,7.68530572E-06
11,9,8.92437267,3.61327505,4.07672071,7.68530572E-06
11,10,8.92437267,4.07672071,4.48921633,7.68530572E-06
11,11,8.92437267,4.48921633,4.92186403,7.68530572E-06
11,12,8.92437267,4.92186403,5.48177099,7.68530572E-06
11,13,8.92437267,5.48177099,5.77403355,7.68530572E-06
11,14,8.92437267,5.77403355,6.46922588,7.68530572E-06
11,15,8.92437267,6.46922588,6.70013618,7.68530572E-06
11,16,8.92437267,6.70013618,7.01966143,7.68530572E-06
11,17,8.92437267,7.01966143,7.83236217,7.68530572E-06
11,18,8.92437267,7.83236217,8.18514824,7.68530572E-06
11,19,8.92437267,8.18514824,8.51244450,7.68530572E-06
11,20,8.92437267,8.51244450,8.92437267,7.68530572E-06
12,1,3.35861826,0.00000000,0.167707235,4.05190804E-06
12,2,3.35861826,0.167707235,0.334955871,4.05190804E-06
12,3,3.35861826,0.334955871,0.502183318,4.05190804E-06
12,4,3.35861826,0.502183318,0.675961137,4.05190804E-06
12,5,3.35861826,0.675961137,0.827268839,4.05190804E-06
12,6,3.35861826,0.827268839,1.01456487,4.05190804E-06
12,7,3.35861826,1.01456487,1.17338800,4.05190804E-06
12,8,3.35861826,1.17338800,1.33334982,4.05190804E-06
12,9,3.35861826,1.33334982,1.51326168,4.05190804E-06
12,10,3.35861826,1.51326168,1.68650568,4.05190804E-06
12,11,3.35861826,1.68650568,1.83973789,4.05190804E-06
12,12,3.35861826,1.83973789,1.99189305,4.05190804E-06
12,13,3.35861826,1.99189305,2.19678545,4.05190804E-06
12,14,3.35861826,2.19678545,2.31543589,4.05190804E-06
12,15,3.35861826,2.31543589,2.55302882,4.05190804E-06
12,16,3.35861826,2.55302882,2.71359468,4.05190804E-06
12,17,3.35861826,2.71359468,2.80491066,4.05190804E-06
12,18,3.35861826,2.80491066,3.01046300,4.05190804E-06
12,19,3.35861826,3.01046300,3.17127872,4.05190804E-06
12,20,3.35861826,3.17127872,3.35861826,4.05190804E-06
13,1,29.7418480,0.00000000,1.48938632,1.81760661E-05
13,2,29.7418480,1.48938632,2.97538853,1.81760661E-05
13,3,29.7418480,2.97538853,4.46897507,1.81760661E-05
13,4,29.7418480,4.46897507,5.97522306,1.81760661E-05
13,5,29.7418480,5.97522306,7.38063288,1.81760661E-05
13,6,29.7418480,7.38063288,9.02044773,1.81760661E-05
13,7,29.7418480,9.02044773,10.3624086,1.81760661E-05
13,8,29.7418480,10.3624086,11.9126825,1.81760661E-05
13,9,29.7418480,11.9126825,13.4747467,1.81760661E-05
13,10,29.7418480,13.4747467,14.8691101,1.81760661E-05
13,11,29.7418480,14.8691101,16.1828461,1.81760661E-05
13,12,29.7418480,16.1828461,18.1478806,1.81760661E-05
13,13,29.7418480,18.1478806,19.0066433,1.81760661E-05
13,14,29.7418480,19.0066433,21.2978802,1.81760661E-05
13,15,29.7418480,21.2978802,22.4702377,1.81760661E-05
13,16,29.7418480,22.4702377,23.0467834,1.81760661E-05
13,17,29.7418480,23.0467834,25.5058746,1.81760661E-05
13,18,29.7418480,25.5058746,27.2674255,1.81760661E-05
13,19,29.7418480,27.2674255,28.1809006,1.81760661E-05
13,20,29.7418480,28.1809006,29.7418480,1.81760661E-05
14,1,64.5752945,0.00000000,0.629078627,4.63828001E-05
14,2,64.5752945,0.629078627,1.25356174,4.63828001E-05
14,3,64.5752945,1.25356174,1.86826062,4.63828001E-05
14,4,64.5752945,1.86826062,2.46931648,4.63828001E-05
14,5,64.5752945,2.46931648,3.05923104,4.63828001E-05
14,6,64.5752945,3.05923104,3.65258932,4.63828001E-05
14,7,64.5752945,3.65258932,4.28121138,4.63828001E-05
14,8,64.5752945,4.28121138,4.99787951,4.63828001E-05
14,9,64.5752945,4.99787951,5.87834692,4.63828001E-05
14,10,64.5752945,5.87834692,7.02167463,4.63828001E-05
14,11,64.5752945,7.02167463,8.54910374,4.63828001E-05
14,12,64.5752945,8.54910374,10.6015558,4.63828001E-05
14,13,64.5752945,10.6015558,13.3356562,4.63828001E-05
14,14,64.5752945,13.3356562,16.9180336,4.63828001E-05
14,15,64.5752945,16.9180336,21.5176868,4.63828001E-05
14,16,64.5752945,21.5176868,27.2964745,4.63828001E-05
14,17,64.5752945,27.2964745,34.3981781,4.63828001E-05
14,18,64.5752945,34.3981781,42.9371185,4.63828001E-05
14,19,64.5752945,42.9371185,52.9875526,4.63828001E-05
14,20,64.5752945,52.9875526,64.5752945,4.63828001E-05
15,1,16.8089008,15.4358435,15.4279413,3.97123677E-06
15,2,16.8089008,15.4279413,15.4722776,3.97123677E-06
15,3,16.8089008,15.4722776,15.6242008,3.97123677E-06
15,4,16.8089008,15.6242008,15.6491156,3.97123677E-06
15,5,16.8089008,15.6491156,15.6497736,3.97123677E-06
15,6,16.8089008,15.6497736,15.6987314,3.97123677E-06
15,7,16.8089008,15.6987314,15.8865814,3.97123677E-06
15,8,16.8089008,15.8865814,15.8534212,3.97123677E-06
15,9,16.8089008,15.8534212,15.9442244,3.97123677E-06
15,10,16.8089008,15.9442244,16.1451435,3.97123677E-06
15,11,16.8089008,16.1451435,15.9968233,3.97123677E-06
15,12,16.8089008,15.9968233,16.1798096,3.97123677E-06
15,13,16.8089008,16.1798096,16.2311497,3.97123677E-06
15,14,16.8089008,16.2311497,15.9689856,3.97123677E-06
15,15,16.8089008,15.9689856,16.4237499,3.97123677E-06
15,16,16.8089008,16.4237499,16.8859882,3.97123677E-06
15,17,16.8089008,16.8859882,16.4659996,3.97123677E-06
15,18,16.8089008,16.4659996,16.3255711,3.97123677E-06
15,19,16.8089008,16.3255711,16.4190788,3.97123677E-06
15,20,16.8089008,16.4190788,16.8089008,3.97123677E-06
16,1,4.88616037,2.54909825,2.62731814,1.30478766E-05
16,2,4.88616037,2.62731814,2.74729228,1.30478766E-05
16,3,4.88616037,2.74729228,2.90366387,1.30478766E-05
16,4,4.88616037,2.90366387,3.03335762,1.30478766E-05
16,5,4.88616037,3.03335762,3.03349495,1.30478766E-05
16,6,4.88616037,3.03349495,3.09117103,1.30478766E-05
16,7,4.88616037,3.09117103,3.43260050,1.30478766E-05
16,8,4.88616037,3.43260050,3.40756488,1.30478766E-05
16,9,4.88616037,3.40756488,3.58905387,1.30478766E-05
16,10,4.88616037,3.58905387,3.55825233,1.30478766E-05
16,11,4.88616037,3.55825233,3.59645176,1.30478766E-05
16,12,4.88616037,3.59645176,3.86813331,1.30478766E-05
16,13,4.88616037,3.86813331,4.04297161,1.30478766E-05
16,14,4.88616037,4.04297161,4.24168825,1.30478766E-05
16,15,4.88616037,4.24168825,4.01315737,1.30478766E-05
16,16,4.88616037,4.01315737,4.12106752,1.30478766E-05
16,17,4.88616037,4.12106752,4.39540195,1.30478766E-05
16,18,4.88616037,4.39540195,4.48659754,1.30478766E-05
16,19,4.88616037,4.48659754,4.82558680,1.30478766E-05
16,20,4.88616037,4.82558680,4.88616037,1.30478766E-05
17,1,27.4121017,3.35861826,4.59457302,2.14633528E-05
17,2,27.4121017,4.59457302,5.86173439,2.14633528E-05
17,3,27.4121017,5.86173439,6.96351624,2.14633528E-05
17,4,27.4121017,6.96351624,8.21084881,2.14633528E-05
17,5,27.4121017,8.21084881,9.36691475,2.14633528E-05
17,6,27.4121017,9.36691475,10.7184105,2.14633528E-05
17,7,27.4121017,10.7184105,12.0051804,2.14633528E-05
17,8,27.4121017,12.0051804,13.0531216,2.14633528E-05
17,9,27.4121017,13.0531216,14.5414677,2.14633528E-05
17,10,27.4121017,14.5414677,15.7770901,2.14633528E-05
17,11,27.4121017,15.7770901,16.1180305,2.14633528E-05
17,12,27.4121017,16.1180305,17.6207047,2.14633528E-05
17,13,27.4121017,17.6207047,20.1321640,2.14633528E-05
17,14,27.4121017,20.1321640,20.9115200,2.14633528E-05
17,15,27.4121017,20.9115200,20.5988998,2.14633528E-05
17,16,27.4121017,20.5988998,22.6475410,2.14633528E-05
17,17,27.4121017,22.6475410,24.5964718,2.14633528E-05
17,18,27.4121017,24.5964718,26.0034065,2.14633528E-05
17,19,27.4121017,26.0034065,26.4708462,2.14633528E-05
17,20,27.4121017,26.4708462,27.4121017,2.14633528E-05
18,1,10.9364328,8.92437267,8.90707493,1.00526304E-05
18,2,10.9364328,8.90707493,9.36073112,1.00526304E-05
18,3,10.9364328,9.36073112,9.15941715,1.00526304E-05
18,4,10.9364328,9.15941715,9.18390751,1.00526304E-05
18,5,10.9364328,9.18390751,9.49103737,1.00526304E-05
18,6,10.9364328,9.49103737,9.74532318,1.00526304E-05
18,7,10.9364328,9.74532318,9.79257488,1.00526304E-05
18,8,10.9364328,9.79257488,9.72679520,1.00526304E-05
18,9,10.9364328,9.72679520,9.70487690,1.00526304E-05
18,10,10.9364328,9.70487690,9.80883217,1.00526304E-05
18,11,10.9364328,9.80883217,10.0245218,1.00526304E-05
18,12,10.9364328,10.0245218,10.2916460,1.00526304E-05
18,13,10.9364328,10.2916460,10.5498219,1.00526304E-05
18,14,10.9364328,10.5498219,10.7585220,1.00526304E-05
18,15,10.9364328,10.7585220,10.8945713,1.00526304E-05
18,16,10.9364328,10.8945713,10.9653397,1.00526304E-05
18,17,10.9364328,10.9653397,10.9616213,1.00526304E-05
18,18,10.9364328,10.9616213,10.9143295,1.00526304E-05
18,19,10.9364328,10.9143295,10.9188862,1.00526304E-05
18,20,10.9364328,10.9188862,10.9364328,1.00526304E-05
19,1,6.51533890,4.88616037,4.48916435,3.07877235E-06
19,2,6.51533890,4.48916435,5.07849598,3.07877235E-06
19,3,6.51533890,5.07849598,5.11046600,3.07877235E-06
19,4,6.51533890,5.11046600,4.86043835,3.07877235E-06
19,5,6.51533890,4.86043835,5.31072187,3.07877235E-06
19,6,6.51533890,5.31072187,5.37836170,3.07877235E-06
19,7,6.51533890,5.37836170,5.27405739,3.07877235E-06
19,8,6.51533890,5.27405739,5.37486553,3.07877235E-06
19,9,6.51533890,5.37486553,6.01015949,3.07877235E-06
19,10,6.51533890,6.01015949,5.22689056,3.07877235E-06
19,11,6.51533890,5.22689056,6.03175735,3.07877235E-06
19,12,6.51533890,6.03175735,5.87702131,3.07877235E-06
19,13,6.51533890,5.87702131,5.81639671,3.07877235E-06
19,14,6.51533890,5.81639671,6.20432186,3.07877235E-06
19,15,6.51533890,6.20432186,6.19513035,3.07877235E-06
19,16,6.51533890,6.19513035,6.35128307,3.07877235E-06
19,17,6.51533890,6.35128307,6.23213482,3.07877235E-06
19,18,6.51533890,6.23213482,6.38643932,3.07877235E-06
19,19,6.51533890,6.38643932,6.81001282,3.07877235E-06
19,20,6.51533890,6.81001282,6.51533890,3.07877235E-06
20,1,17.7644444,17.5636215,17.4758892,9.73096462E-07
20,2,17.7644444,17.4758892,17.1910172,9.73096462E-07
20,3,17.7644444,17.1910172,17.3495865,9.73096462E-07
20,4,17.7644444,17.3495865,17.5818157,9.73096462E-07
20,5,17.7644444,17.5818157,17.5139427,9.73096462E-07
20,6,17.7644444,17.5139427,17.2187881,9.73096462E-07
20,7,17.7644444,17.2187881,17.1076813,9.73096462E-07
20,8,17.7644444,17.1076813,17.1197433,9.73096462E-07
20,9,17.7644444,17.1197433,17.4375725,9.73096462E-07
20,10,17.7644444,17.4375725,17.5297985,9.73096462E-07
20,11,17.7644444,17.5297985,17.4947071,9.73096462E-07
20,12,17.7644444,17.4947071,17.3264465,9.73096462E-07
20,13,17.7644444,17.3264465,16.9293327,9.73096462E-07
20,14,17.7644444,16.9293327,16.5663815,9.73096462E-07
20,15,17.7644444,16.5663815,16.6837692,9.73096462E-07
20,16,17.7644444,16.6837692,16.7993088,9.73096462E-07
20,17,17.7644444,16.7993088,17.0826607,9.73096462E-07
20,18,17.7644444,17.0826607,17.1164322,9.73096462E-07
20,19,17.7644444,17.1164322,17.5812130,9.73096462E-07
20,20,17.7644444,17.5812130,17.7644444,9.73096462E-07
21,1,29.4983921,27.4121017,27.0249252,2.77585095E-05
21,2,29.4983921,27.0249252,26.9774570,2.77585095E-05
21,3,29.4983921,26.9774570,27.2830715,2.77585095E-05
21,4,29.4983921,27.2830715,27.5263996,2.77585095E-05
21,5,29.4983921,27.5263996,27.8328667,2.77585095E-05
21,6,29.4983921,27.8328667,28.3853779,2.77585095E-05
21,7,29.4983921,28.3853779,28.5112400,2.77585095E-05
21,8,29.4983921,28.5112400,28.4300385,2.77585095E-05
21,9,29.4983921,28.4300385,29.4063950,2.77585095E-05
21,10,29.4983921,29.4063950,29.2852974,2.77585095E-05
21,11,29.4983921,29.2852974,29.0822144,2.77585095E-05
21,12,29.4983921,29.0822144,29.3585854,2.77585095E-05
21,13,29.4983921,29.3585854,29.7854195,2.77585095E-05
21,14,29.4983921,29.7854195,29.9549541,2.77585095E-05
21,15,29.4983921,29.9549541,29.7689095,2.77585095E-05
21,16,29.4983921,29.7689095,29.4004307,2.77585095E-05
21,17,29.4983921,29.4004307,29.0921555,2.77585095E-05
21,18,29.4983921,29.0921555,29.0054379,2.77585095E-05
21,19,29.4983921,29.0054379,29.1660442,2.77585095E-05
21,20,29.4983921,29.1660442,29.4983921,2.77585095E-05
22,1,19.0960655,10.9364328,11.3042536,1.74927281E-05
22,2,19.0960655,11.3042536,11.9167452,1.74927281E-05
22,3,19.0960655,11.9167452,12.1873980,1.74927281E-05
22,4,19.0960655,12.1873980,12.1622009,1.74927281E-05
22,5,19.0960655,12.1622009,12.5219851,1.74927281E-05
22,6,19.0960655,12.5219851,13.1388683,1.74927281E-05
22,7,19.0960655,13.1388683,13.7945890,1.74927281E-05
22,8,19.0960655,13.7945890,14.5570059,1.74927281E-05
22,9,19.0960655,14.5570059,14.9020071,1.74927281E-05
22,10,19.0960655,14.9020071,15.0074415,1.74927281E-05
22,11,19.0960655,15.0074415,15.2522964,1.74927281E-05
22,12,19.0960655,15.2522964,16.2301769,1.74927281E-05
22,13,19.0960655,16.2301769,17.1277504,1.74927281E-05
22,14,19.0960655,17.1277504,17.4739075,1.74927281E-05
22,15,19.0960655,17.4739075,17.5185814,1.74927281E-05
22,16,19.0960655,17.5185814,17.3218594,1.74927281E-05
22,17,19.0960655,17.3218594,17.1196728,1.74927281E-05
22,18,19.0960655,17.1196728,17.4012604,1.74927281E-05
22,19,19.0960655,17.4012604,18.2120876,1.74927281E-05
22,20,19.0960655,18.2120876,19.0960655,1.74927281E-05
23,1,10.8241339,6.51533890,6.82416439,2.94814472E-05
23,2,10.8241339,6.82416439,7.12705898,2.94814472E-05
23,3,10.8241339,7.12705898,7.31452513,2.94814472E-05
23,4,10.8241339,7.31452513,7.33125448,2.94814472E-05
23,5,10.8241339,7.33125448,7.11283493,2.94814472E-05
23,6,10.8241339,7.11283493,7.25737000,2.94814472E-05
23,7,10.8241339,7.25737000,7.39941502,2.94814472E-05
23,8,10.8241339,7.39941502,7.86811638,2.94814472E-05
23,9,10.8241339,7.86811638,8.19507885,2.94814472E-05
23,10,10.8241339,8.19507885,7.96099138,2.94814472E-05
23,11,10.8241339,7.96099138,8.18003654,2.94814472E-05
23,12,10.8241339,8.18003654,8.90946770,2.94814472E-05
23,13,10.8241339,8.90946770,9.35276890,2.94814472E-05
23,14,10.8241339,9.35276890,9.57182789,2.94814472E-05
23,15,10.8241339,9.57182789,9.63897514,2.94814472E-05
23,16,10.8241339,9.63897514,9.71615219,2.94814472E-05
23,17,10.8241339,9.71615219,10.2816658,2.94814472E-05
23,18,10.8241339,10.2816658,10.7171698,2.94814472E-05
23,19,10.8241339,10.7171698,10.7175112,2.94814472E-05
23,20,10.8241339,10.7175112,10.8241339,2.94814472E-05
24,1,32.5471535,29.4983921,30.3962841,6.82129303E-06
24,2,32.5471535,30.3962841,30.8907795,6.82129303E-06
24,3,32.5471535,30.8907795,31.7518883,6.82129303E-06
24,4,32.5471535,31.7518883,32.5655403,6.82129303E-06
24,5,32.5471535,32.5655403,31.7950649,6.82129303E-06
24,6,32.5471535,31.7950649,30.7425613,6.82129303E-06
24,7,32.5471535,30.7425613,31.0006809,6.82129303E-06
24,8,32.5471535,31.0006809,32.3152351,6.82129303E-06
24,9,32.5471535,32.3152351,32.4730568,6.82129303E-06
24,10,32.5471535,32.4730568,31.4372253,6.82129303E-06
24,11,32.5471535,31.4372253,30.6764069,6.82129303E-06
24,12,32.5471535,30.6764069,30.4527569,6.82129303E-06
24,13,32.5471535,30.4527569,30.8454323,6.82129303E-06
24,14,32.5471535,30.8454323,31.2433090,6.82129303E-06
24,15,32.5471535,31.2433090,31.4762497,6.82129303E-06
24,16,32.5471535,31.4762497,31.6748905,6.82129303E-06
24,17,32.5471535,31.6748905,31.9511089,6.82129303E-06
24,18,32.5471535,31.9511089,32.2710762,6.82129303E-06
24,19,32.5471535,32.2710762,32.5313072,6.82129303E-06
24,20,32.5471535,32.5313072,32.5471535,6.82129303E-06
25,1,52.4631310,48.8379135,48.4858322,1.44686401E-05
25,2,52.4631310,48.4858322,49.0369606,1.44686401E-05
25,3,52.4631310,49.0369606,48.9877625,1.44686401E-05
25,4,52.4631310,48.9877625,49.5128098,1.44686401E-05
25,5,52.4631310,49.5128098,49.0525055,1.44686401E-05
25,6,52.4631310,49.0525055,49.0384674,1.44686401E-05
25,7,52.4631310,49.0384674,49.9967308,1.44686401E-05
25,8,52.4631310,49.9967308,50.8778076,1.44686401E-05
25,9,52.4631310,50.8778076,51.1641464,1.44686401E-05
25,10,52.4631310,51.1641464,50.3851395,1.44686401E-05
25,11,52.4631310,50.3851395,49.0070038,1.44686401E-05
25,12,52.4631310,49.0070038,48.8832664,1.44686401E-05
25,13,52.4631310,48.8832664,49.6922112,1.44686401E-05
25,14,52.4631310,49.6922112,50.6903992,1.44686401E-05
25,15,52.4631310,50.6903992,51.2447662,1.44686401E-05
25,16,52.4631310,51.2447662,51.3481140,1.44686401E-05
25,17,52.4631310,51.3481140,51.6577911,1.44686401E-05
25,18,52.4631310,51.6577911,52.0191307,1.44686401E-05
25,19,52.4631310,52.0191307,51.3953362,1.44686401E-05
25,20,52.4631310,51.3953362,52.4631310,1.44686401E-05
26,1,16.3962116,10.8241339,9.88773537,5.04929358E-06
26,2,16.3962116,9.88773537,10.7943401,5.04929358E-06
26,3,16.3962116,10.7943401,11.2120829,5.04929358E-06
26,4,16.3962116,11.2120829,11.7002497,5.04929358E-06
26,5,16.3962116,11.7002497,11.5829887,5.04929358E-06
26,6,16.3962116,11.5829887,11.6201515,5.04929358E-06
26,7,16.3962116,11.6201515,13.0957489,5.04929358E-06
26,8,16.3962116,13.0957489,13.1990309,5.04929358E-06
26,9,16.3962116,13.1990309,12.4726019,5.04929358E-06
26,10,16.3962116,12.4726019,13.0674362,5.04929358E-06
26,11,16.3962116,13.0674362,14.8740625,5.04929358E-06
26,12,16.3962116,14.8740625,13.7640657,5.04929358E-06
26,13,16.3962116,13.7640657,13.9057570,5.04929358E-06
26,14,16.3962116,13.9057570,14.1446390,5.04929358E-06
26,15,16.3962116,14.1446390,15.1989088,5.04929358E-06
26,16,16.3962116,15.1989088,15.5932798,5.04929358E-06
26,17,16.3962116,15.5932798,15.5352087,5.04929358E-06
26,18,16.3962116,15.5352087,16.2693119,5.04929358E-06
26,19,16.3962116,16.2693119,16.0252762,5.04929358E-06
26,20,16.3962116,16.0252762,16.3962116,5.04929358E-06
27,1,44.5807648,32.5471535,33.6811371,3.92420006E-05
27,2,44.5807648,33.6811371,34.8080826,3.92420006E-05
27,3,44.5807648,34.8080826,36.6201630,3.92420006E-05
27,4,44.5807648,36.6201630,37.7891579,3.92420006E-05
27,5,44.5807648,37.7891579,37.9165497,3.92420006E-05
27,6,44.5807648,37.9165497,37.2295761,3.92420006E-05
27,7,44.5807648,37.2295761,36.2813835,3.92420006E-05
27,8,44.5807648,36.2813835,36.0845337,3.92420006E-05
27,9,44.5807648,36.0845337,36.7122574,3.92420006E-05
27,10,44.5807648,36.7122574,38.6964149,3.92420006E-05
27,11,44.5807648,38.6964149,40.6427536,3.92420006E-05
27,12,44.5807648,40.6427536,41.3913727,3.92420006E-05
27,13,44.5807648,41.3913727,42.8293571,3.92420006E-05
27,14,44.5807648,42.8293571,43.6122894,3.92420006E-05
27,15,44.5807648,43.6122894,47.4884224,3.92420006E-05
27,16,44.5807648,47.4884224,46.3291092,3.92420006E-05
27,17,44.5807648,46.3291092,47.2260094,3.92420006E-05
27,18,44.5807648,47.2260094,47.0114708,3.92420006E-05
27,19,44.5807648,47.0114708,44.1770439,3.92420006E-05
27,20,44.5807648,44.1770439,44.5807648,3.92420006E-05
28,1,90.7804413,52.4631310,54.7038612,2.86721315E-05
28,2,90.7804413,54.7038612,54.5988846,2.86721315E-05
28,3,90.7804413,54.5988846,56.3304024,2.86721315E-05
28,4,90.7804413,56.3304024,58.8229485,2.86721315E-05
28,5,90.7804413,58.8229485,61.5971947,2.86721315E-05
28,6,90.7804413,61.5971947,67.8434753,2.86721315E-05
28,7,90.7804413,67.8434753,63.7955551,2.86721315E-05
28,8,90.7804413,63.7955551,68.4512634,2.86721315E-05
28,9,90.7804413,68.4512634,68.9249115,2.86721315E-05
28,10,90.7804413,68.9249115,70.3676910,2.86721315E-05
28,11,90.7804413,70.3676910,77.1303864,2.86721315E-05
28,12,90.7804413,77.1303864,78.0903091,2.86721315E-05
28,13,90.7804413,78.0903091,77.8764496,2.86721315E-05
28,14,90.7804413,77.8764496,80.6007843,2.86721315E-05
28,15,90.7804413,80.6007843,78.0625076,2.86721315E-05
28,16,90.7804413,78.0625076,84.1905212,2.86721315E-05
28,17,90.7804413,84.1905212,90.9634399,2.86721315E-05
28,18,90.7804413,90.9634399,92.7148743,2.86721315E-05
28,19,90.7804413,92.7148743,87.8080368,2.86721315E-05
28,20,90.7804413,87.8080368,90.7804413,2.86721315E-05
29,1,17.5651741,18.0152550,18.0143719,5.87169234E-06
29,2,17.5651741,18.0143719,17.9640999,5.87169234E-06
29,3,17.5651741,17.9640999,17.8566856,5.87169234E-06
29,4,17.5651741,17.8566856,18.3066788,5.87169234E-06
29,5,17.5651741,18.3066788,18.9410877,5.87169234E-06
29,6,17.5651741,18.9410877,19.4458714,5.87169234E-06
29,7,17.5651741,19.4458714,18.9442558,5.87169234E-06
29,8,17.5651741,18.9442558,18.9512882,5.87169234E-06
29,9,17.5651741,18.9512882,19.4061260,5.87169234E-06
29,10,17.5651741,19.4061260,19.6207657,5.87169234E-06
29,11,17.5651741,19.6207657,20.6149254,5.87169234E-06
29,12,17.5651741,20.6149254,20.2867107,5.87169234E-06
29,13,17.5651741,20.2867107,21.4712296,5.87169234E-06
29,14,17.5651741,21.4712296,22.3678875,5.87169234E-06
29,15,17.5651741,22.3678875,21.6087151,5.87169234E-06
29,16,17.5651741,21.6087151,21.1056290,5.87169234E-06
29,17,17.5651741,21.1056290,20.8374252,5.87169234E-06
29,18,17.5651741,20.8374252,20.1038399,5.87169234E-06
29,19,17.5651741,20.1038399,18.6561279,5.87169234E-06
29,20,17.5651741,18.6561279,17.5651741,5.87169234E-06
30,1,59.3271942,44.5807648,49.8480835,1.22804304E-05
30,2,59.3271942,49.8480835,47.5040817,1.22804304E-05
30,3,59.3271942,47.5040817,46.9096260,1.22804304E-05
30,4,59.3271942,46.9096260,49.3099747,1.22804304E-05
30,5,59.3271942,49.3099747,50.3853302,1.22804304E-05
30,6,59.3271942,50.3853302,54.7446213,1.22804304E-05
30,7,59.3271942,54.7446213,52.4074020,1.22804304E-05
30,8,59.3271942,52.4074020,47.0956497,1.22804304E-05
30,9,59.3271942,47.0956497,49.7398453,1.22804304E-05
30,10,59.3271942,49.7398453,49.4198723,1.22804304E-05
30,11,59.3271942,49.4198723,48.9175453,1.22804304E-05
30,12,59.3271942,48.9175453,52.3241730,1.22804304E-05
30,13,59.3271942,52.3241730,58.6680412,1.22804304E-05
30,14,59.3271942,58.6680412,57.5629578,1.22804304E-05
30,15,59.3271942,57.5629578,55.4284096,1.22804304E-05
30,16,59.3271942,55.4284096,49.5678444,1.22804304E-05
30,17,59.3271942,49.5678444,49.5964203,1.22804304E-05
30,18,59.3271942,49.5964203,54.4158020,1.22804304E-05
30,19,59.3271942,54.4158020,56.3582077,1.22804304E-05
30,20,59.3271942,56.3582077,59.3271942,1.22804304E-05
31,1,107.012146,98.2084656,98.2058411,4.41312432E-06
31,2,107.012146,98.2058411,97.8121262,4.41312432E-06
31,3,107.012146,97.8121262,98.5855865,4.41312432E-06
31,4,107.012146,98.5855865,97.1229324,4.41312432E-06
31,5,107.012146,97.1229324,104.449265,4.41312432E-06
31,6,107.012146,104.449265,103.253281,4.41312432E-06
31,7,107.012146,103.253281,102.388863,4.41312432E-06
31,8,107.012146,102.388863,102.797447,4.41312432E-06
31,9,107.012146,102.797447,103.864815,4.41312432E-06
31,10,107.012146,103.864815,99.3753891,4.41312432E-06
31,11,107.012146,99.3753891,97.3534317,4.41312432E-06
31,12,107.012146,97.3534317,103.281509,4.41312432E-06
31,13,107.012146,103.281509,105.040321,4.41312432E-06
31,14,107.012146,105.040321,100.672096,4.41312432E-06
31,15,107.012146,100.672096,97.3467865,4.41312432E-06
31,16,107.012146,97.3467865,101.262032,4.41312432E-06
31,17,107.012146,101.262032,103.317146,4.41312432E-06
31,18,107.012146,103.317146,108.472237,4.41312432E-06
31,19,107.012146,108.472237,108.140961,4.41312432E-06
31,20,107.012146,108.140961,107.012146,4.41312432E-06
32,1,1442.17041,123.902489,146.723312,5.44090562E-06
32,2,1442.17041,146.723312,179.237442,5.44090562E-06
32,3,1442.17041,179.237442,218.906219,5.44090562E-06
32,4,1442.17041,218.906219,278.586853,5.44090562E-06
32,5,1442.17041,278.586853,375.298004,5.44090562E-06
32,6,1442.17041,375.298004,524.904663,5.44090562E-06
32,7,1442.17041,524.904663,736.009521,5.44090562E-06
32,8,1442.17041,736.009521,1005.20801,5.44090562E-06
32,9,1442.17041,1005.20801,1312.61609,5.44090562E-06
32,10,1442.17041,1312.61609,1620.75684,5.44090562E-06
32,11,1442.17041,1620.75684,1881.74158,5.44090562E-06
32,12,1442.17041,1881.74158,2052.98999,5.44090562E-06
32,13,1442.17041,2052.98999,2113.90137,5.44090562E-06
32,14,1442.17041,2113.90137,2073.25708,5.44090562E-06
32,15,1442.17041,2073.25708,1963.01660,5.44090562E-06
32,16,1442.17041,1963.01660,1823.21265,5.44090562E-06
32,17,1442.17041,1823.21265,1687.26904,5.44090562E-06
32,18,1442.17041,1687.26904,1574.76086,5.44090562E-06
32,19,1442.17041,1574.76086,1492.76233,5.44090562E-06
32,20,1442.17041,1492.76233,1442.17041,5.44090562E-06
33,1,124.064812,116.193718,113.869675,4.08772539E-05
33,2,124.064812,113.869675,113.217133,4.08772539E-05
33,3,124.064812,113.217133,109.677650,4.08772539E-05
33,4,124.064812,109.677650,107.237656,4.08772539E-05
33,5,124.064812,107.237656,109.750160,4.08772539E-05
33,6,124.064812,109.750160,112.670166,4.08772539E-05
33,7,124.064812,112.670166,111.807693,4.08772539E-05
33,8,124.064812,111.807693,114.100006,4.08772539E-05
33,9,124.064812,114.100006,114.856995,4.08772539E-05
33,10,124.064812,114.856995,118.837318,4.08772539E-05
33,11,124.064812,118.837318,115.586891,4.08772539E-05
33,12,124.064812,115.586891,116.547226,4.08772539E-05
33,13,124.064812,116.547226,111.917831,4.08772539E-05
33,14,124.064812,111.917831,114.265129,4.08772539E-05
33,15,124.064812,114.265129,114.472031,4.08772539E-05
33,16,124.064812,114.472031,114.530434,4.08772539E-05
33,17,124.064812,114.530434,120.458412,4.08772539E-05
33,18,124.064812,120.458412,122.522484,4.08772539E-05
33,19,124.064812,122.522484,120.908638,4.08772539E-05
33,20,124.064812,120.908638,124.064812,4.08772539E-05
34,1,1628.87561,1442.17041,1435.54016,3.74334991E-06
34,2,1628.87561,1435.54016,1430.25159,3.74334991E-06
34,3,1628.87561,1430.25159,1426.33716,3.74334991E-06
34,4,1628.87561,1426.33716,1423.83948,3.74334991E-06
34,5,1628.87561,1423.83948,1422.81006,3.74334991E-06
34,6,1628.87561,1422.81006,1423.30823,3.74334991E-06
34,7,1628.87561,1423.30823,1425.40027,3.74334991E-06
34,8,1628.87561,1425.40027,1429.15759,3.74334991E-06
34,9,1628.87561,1429.15759,1434.65503,3.74334991E-06
34,10,1628.87561,1434.65503,1441.96936,3.74334991E-06
34,11,1628.87561,1441.96936,1451.17664,3.74334991E-06
34,12,1628.87561,1451.17664,1462.34985,3.74334991E-06
34,13,1628.87561,1462.34985,1475.55823,3.74334991E-06
34,14,1628.87561,1475.55823,1490.86377,3.74334991E-06
34,15,1628.87561,1490.86377,1508.31946,3.74334991E-06
34,16,1628.87561,1508.31946,1527.96814,3.74334991E-06
34,17,1628.87561,1527.96814,1549.84009,3.74334991E-06
34,18,1628.87561,1549.84009,1573.95129,3.74334991E-06
34,19,1628.87561,1573.95129,1600.30188,3.74334991E-06
34,20,1628.87561,1600.30188,1628.87561,3.74334991E-06
35,1,1637.50842,1628.87561,1629.26392,1.06300555E-04
35,2,1637.50842,1629.26392,1629.64185,1.06300555E-04
35,3,1637.50842,1629.64185,1630.06482,1.06300555E-04
35,4,1637.50842,1630.06482,1630.52380,1.06300555E-04
35,5,1637.50842,1630.52380,1630.98999,1.06300555E-04
35,6,1637.50842,1630.98999,1631.44287,1.06300555E-04
35,7,1637.50842,1631.44287,1631.92078,1.06300555E-04
35,8,1637.50842,1631.92078,1632.39062,1.06300555E-04
35,9,1637.50842,1632.39062,1632.74316,1.06300555E-04
35,10,1637.50842,1632.74316,1632.97974,1.06300555E-04
35,11,1637.50842,1632.97974,1633.21399,1.06300555E-04
35,12,1637.50842,1633.21399,1633.48706,1.06300555E-04
35,13,1637.50842,1633.48706,1633.79126,1.06300555E-04
35,14,1637.50842,1633.79126,1634.17383,1.06300555E-04
35,15,1637.50842,1634.17383,1634.68750,1.06300555E-04
35,16,1637.50842,1634.68750,1635.30176,1.06300555E-04
35,17,1637.50842,1635.30176,1635.95508,1.06300555E-04
35,18,1637.50842,1635.95508,1636.60205,1.06300555E-04
35,19,1637.50842,1636.60205,1637.15039,1.06300555E-04
35,20,1637.50842,1637.15039,1637.50842,1.06300555E-04
36,1,4505.67139,1728.28882,1809.39307,7.09496453E-05
36,2,4505.67139,1809.39307,1897.46741,7.09496453E-05
36,3,4505.67139,1897.46741,1991.70166,7.09496453E-05
36,4,4505.67139,1991.70166,2091.57642,7.09496453E-05
36,5,4505.67139,2091.57642,2196.93896,7.09496453E-05
36,6,4505.67139,2196.93896,2307.98413,7.09496453E-05
36,7,4505.67139,2307.98413,2425.17651,7.09496453E-05
36,8,4505.67139,2425.17651,2549.14478,7.09496453E-05
36,9,4505.67139,2549.14478,2680.55835,7.09496453E-05
36,10,4505.67139,2680.55835,2819.98779,7.09496453E-05
36,11,4505.67139,2819.98779,2967.77026,7.09496453E-05
36,12,4505.67139,2967.77026,3123.88062,7.09496453E-05
36,13,4505.67139,3123.88062,3287.82568,7.09496453E-05
36,14,4505.67139,3287.82568,3458.57788,7.09496453E-05
36,15,4505.67139,3458.57788,3634.55054,7.09496453E-05
36,16,4505.67139,3634.55054,3813.62573,7.09496453E-05
36,17,4505.67139,3813.62573,3993.23804,7.09496453E-05
36,18,4505.67139,3993.23804,4170.49219,7.09496453E-05
36,19,4505.67139,4170.49219,4342.32471,7.09496453E-05
36,20,4505.67139,4342.32471,4505.67139,7.09496453E-05
37,1,4371.31836,4505.67139,4722.42480,2.87187140E-06
37,2,4371.31836,4722.42480,4910.16064,2.87187140E-06
37,3,4371.31836,4910.16064,5062.41455,2.87187140E-06
37,4,4371.31836,5062.41455,5174.98828,2.87187140E-06
37,5,4371.31836,5174.98828,5246.23926,2.87187140E-06
37,6,4371.31836,5246.23926,5277.03564,2.87187140E-06
37,7,4371.31836,5277.03564,5270.42285,2.87187140E-06
37,8,4371.31836,5270.42285,5231.10840,2.87187140E-06
37,9,4371.31836,5231.10840,5164.88379,2.87187140E-06
37,10,4371.31836,5164.88379,5078.08203,2.87187140E-06
37,11,4371.31836,5078.08203,4977.16699,2.87187140E-06
37,12,4371.31836,4977.16699,4868.46191,2.87187140E-06
37,13,4371.31836,4868.46191,4758.02295,2.87187140E-06
37,14,4371.31836,4758.02295,4651.59619,2.87187140E-06
37,15,4371.31836,4651.59619,4554.61182,2.87187140E-06
37,16,4371.31836,4554.61182,4472.15967,2.87187140E-06
37,17,4371.31836,4472.15967,4408.90430,2.87187140E-06
37,18,4371.31836,4408.90430,4368.94775,2.87187140E-06
37,19,4371.31836,4368.94775,4355.63086,2.87187140E-06
37,20,4371.31836,4355.63086,4371.31836,2.87187140E-06
38,1,4564.54785,4371.31836,4461.51172,4.19303296E-06
38,2,4564.54785,4461.51172,4642.59863,4.19303296E-06
38,3,4564.54785,4642.59863,4902.11279,4.19303296E-06
38,4,4564.54785,4902.11279,5215.21533,4.19303296E-06
38,5,4564.54785,5215.21533,5547.75781,4.19303296E-06
38,6,4564.54785,5547.75781,5861.34131,4.19303296E-06
38,7,4564.54785,5861.34131,6119.27051,4.19303296E-06
38,8,4564.54785,6119.27051,6292.11133,4.19303296E-06
38,9,4564.54785,6292.11133,6361.76172,4.19303296E-06
38,10,4564.54785,6361.76172,6323.43115,4.19303296E-06
38,11,4564.54785,6323.43115,6185.42041,4.19303296E-06
38,12,4564.54785,6185.42041,5967.05225,4.19303296E-06
38,13,4564.54785,5967.05225,5695.35254,4.19303296E-06
38,14,4564.54785,5695.35254,5401.19141,4.19303296E-06
38,15,4564.54785,5401.19141,5115.50000,4.19303296E-06
38,16,4564.54785,5115.50000,4866.03711,4.19303296E-06
38,17,4564.54785,4866.03711,4674.97559,4.19303296E-06
38,18,4564.54785,4674.97559,4557.39160,4.19303296E-06
38,19,4564.54785,4557.39160,4520.64648,4.19303296E-06
38,20,4564.54785,4520.64648,4564.54785,4.19303296E-06
39,1,6182.03271,4564.54785,4651.76318,1.37587529E-06
39,2,6182.03271,4651.76318,4776.50293,1.37587529E-06
39,3,6182.03271,4776.50293,4931.49219,1.37587529E-06
39,4,6182.03271,4931.49219,5108.47900,1.37587529E-06
39,5,6182.03271,5108.47900,5298.69092,1.37587529E-06
39,6,6182.03271,5298.69092,5493.28418,1.37587529E-06
39,7,6182.03271,5493.28418,5683.76123,1.37587529E-06
39,8,6182.03271,5683.76123,5862.35742,1.37587529E-06
39,9,6182.03271,5862.35742,6022.37549,1.37587529E-06
39,10,6182.03271,6022.37549,6158.45947,1.37587529E-06
39,11,6182.03271,6158.45947,6266.80518,1.37587529E-06
39,12,6182.03271,6266.80518,6345.30420,1.37587529E-06
39,13,6182.03271,6345.30420,6393.59473,1.37587529E-06
39,14,6182.03271,6393.59473,6413.04590,1.37587529E-06
39,15,6182.03271,6413.04590,6406.66357,1.37587529E-06
39,16,6182.03271,6406.66357,6378.93506,1.37587529E-06
39,17,6182.03271,6378.93506,6335.59814,1.37587529E-06
39,18,6182.03271,6335.59814,6283.36768,1.37587529E-06
39,19,6182.03271,6283.36768,6229.62012,1.37587529E-06
39,20,6182.03271,6229.62012,6182.03271,1.37587529E-06
40,1,6331.28076,6182.03271,6171.58496,1.01541882E-04
40,2,6331.28076,6171.58496,6162.24414,1.01541882E-04
40,3,6331.28076,6162.24414,6154.15723,1.01541882E-04
40,4,6331.28076,6154.15723,6147.46631,1.01541882E-04
40,5,6331.28076,6147.46631,6142.31055,1.01541882E-04
40,6,6331.28076,6142.31055,6138.82617,1.01541882E-04
40,7,6331.28076,6138.82617,6137.14355,1.01541882E-04
40,8,6331.28076,6137.14355,6137.38965,1.01541882E-04
40,9,6331.28076,6137.38965,6139.68555,1.01541882E-04
40,10,6331.28076,6139.68555,6144.15332,1.01541882E-04
40,11,6331.28076,6144.15332,6150.90674,1.01541882E-04
40,12,6331.28076,6150.90674,6160.05566,1.01541882E-04
40,13,6331.28076,6160.05566,6171.70801,1.01541882E-04
40,14,6331.28076,6171.70801,6185.96484,1.01541882E-04
40,15,6331.28076,6185.96484,6202.92383,1.01541882E-04
40,16,6331.28076,6202.92383,6222.67676,1.01541882E-04
40,17,6331.28076,6222.67676,6245.31055,1.01541882E-04
40,18,6331.28076,6245.31055,6270.90723,1.01541882E-04
40,19,6331.28076,6270.90723,6299.54102,1.01541882E-04
40,20,6331.28076,6299.54102,6331.28076,1.01541882E-04
41,1,7523.12158,6331.28076,6363.53760,2.15852242E-06
41,2,7523.12158,6363.53760,6398.65771,2.15852242E-06
41,3,7523.12158,6398.65771,6436.68164,2.15852242E-06
41,4,7523.12158,6436.68164,6477.64355,2.15852242E-06
41,5,7523.12158,6477.64355,6521.56982,2.15852242E-06
41,6,7523.12158,6521.56982,6568.48047,2.15852242E-06
41,7,7523.12158,6568.48047,6618.38379,2.15852242E-06
41,8,7523.12158,6618.38379,6671.28125,2.15852242E-06
41,9,7523.12158,6671.28125,6727.16260,2.15852242E-06
41,10,7523.12158,6727.16260,6786.00781,2.15852242E-06
41,11,7523.12158,6786.00781,6847.78223,2.15852242E-06
41,12,7523.12158,6847.78223,6912.44043,2.15852242E-06
41,13,7523.12158,6912.44043,6979.92188,2.15852242E-06
41,14,7523.12158,6979.92188,7050.15186,2.15852242E-06
41,15,7523.12158,7050.15186,7123.04053,2.15852242E-06
41,16,7523.12158,7123.04053,7198.48096,2.15852242E-06
41,17,7523.12158,7198.48096,7276.35400,2.15852242E-06
41,18,7523.12158,7276.35400,7356.52295,2.15852242E-06
41,19,7523.12158,7356.52295,7438.83496,2.15852242E-06
41,20,7523.12158,7438.83496,7523.12158,2.15852242E-06
42,1,8518.97363,7523.12158,7570.25049,1.06320704E-05
42,2,8518.97363,7570.25049,7617.88623,1.06320704E-05
42,3,8518.97363,7617.88623,7665.99316,1.06320704E-05
42,4,8518.97363,7665.99316,7714.53809,1.06320704E-05
42,5,8518.97363,7714.53809,7763.48486,1.06320704E-05
42,6,8518.97363,7763.48486,7812.79590,1.06320704E-05
42,7,8518.97363,7812.79590,7862.43408,1.06320704E-05
42,8,8518.97363,7862.43408,7912.36035,1.06320704E-05
42,9,8518.97363,7912.36035,7962.53564,1.06320704E-05
42,10,8518.97363,7962.53564,8012.91895,1.06320704E-05
42,11,8518.97363,8012.91895,8063.46973,1.06320704E-05
42,12,8518.97363,8063.46973,8114.14697,1.06320704E-05
42,13,8518.97363,8114.14697,8164.90723,1.06320704E-05
42,14,8518.97363,8164.90723,8215.70898,1.06320704E-05
42,15,8518.97363,8215.70898,8266.50781,1.06320704E-05
42,16,8518.97363,8266.50781,8317.26367,1.06320704E-05
42,17,8518.97363,8317.26367,8367.93066,1.06320704E-05
42,18,8518.97363,8367.93066,8418.46680,1.06320704E-05
42,19,8518.97363,8418.46680,8468.82910,1.06320704E-05
42,20,8518.97363,8468.82910,8518.97363,1.06320704E-05
43,1,8576.83203,8518.97363,8811.51953,2.30822152E-05
43,2,8576.83203,8811.51953,9081.85840,2.30822152E-05
43,3,8576.83203,9081.85840,9323.31055,2.30822152E-05
43,4,8576.83203,9323.31055,9530.89160,2.30822152E-05
43,5,8576.83203,9530.89160,9701.33008,2.30822152E-05
43,6,8576.83203,9701.33008,9832.92285,2.30822152E-05
43,7,8576.83203,9832.92285,9925.30762,2.30822152E-05
43,8,8576.83203,9925.30762,9979.20898,2.30822152E-05
43,9,8576.83203,9979.20898,9996.19434,2.30822152E-05
43,10,8576.83203,9996.19434,9978.47266,2.30822152E-05
43,11,8576.83203,9978.47266,9928.72461,2.30822152E-05
43,12,8576.83203,9928.72461,9849.97070,2.30822152E-05
43,13,8576.83203,9849.97070,9745.47266,2.30822152E-05
43,14,8576.83203,9745.47266,9618.63867,2.30822152E-05
43,15,8576.83203,9618.63867,9472.93848,2.30822152E-05
43,16,8576.83203,9472.93848,9311.81934,2.30822152E-05
43,17,8576.83203,9311.81934,9138.62109,2.30822152E-05
43,18,8576.83203,9138.62109,8956.50488,2.30822152E-05
43,19,8576.83203,8956.50488,8768.37500,2.30822152E-05
43,20,8576.83203,8768.37500,8576.83203,2.30822152E-05
44,1,7793.93799,8576.83203,8537.33105,7.17254152E-05
44,2,7793.93799,8537.33105,8497.76660,7.17254152E-05
44,3,7793.93799,8497.76660,8458.15918,7.17254152E-05
44,4,7793.93799,8458.15918,8418.52734,7.17254152E-05
44,5,7793.93799,8418.52734,8378.88965,7.17254152E-05
44,6,7793.93799,8378.88965,8339.25977,7.17254152E-05
44,7,7793.93799,8339.25977,8299.65820,7.17254152E-05
44,8,7793.93799,8299.65820,8260.09961,7.17254152E-05
44,9,7793.93799,8260.09961,8220.59863,7.17254152E-05
44,10,7793.93799,8220.59863,8181.17188,7.17254152E-05
44,11,7793.93799,8181.17188,8141.83350,7.17254152E-05
44,12,7793.93799,8141.83350,8102.59668,7.17254152E-05
44,13,7793.93799,8102.59668,8063.47510,7.17254152E-05
44,14,7793.93799,8063.47510,8024.48096,7.17254152E-05
44,15,7793.93799,8024.48096,7985.63037,7.17254152E-05
44,16,7793.93799,7985.63037,7946.93359,7.17254152E-05
44,17,7793.93799,7946.93359,7908.40430,7.17254152E-05
44,18,7793.93799,7908.40430,7870.05371,7.17254152E-05
44,19,7793.93799,7870.05371,7831.89404,7.17254152E-05
44,20,7793.93799,7831.89404,7793.93799,7.17254152E-05
45,1,6372.69678,7793.93799,7700.40820,3.57568169E-05
45,2,6372.69678,7700.40820,7608.40918,3.57568169E-05
45,3,6372.69678,7608.40918,7518.11670,3.57568169E-05
45,4,6372.69678,7518.11670,7429.70459,3.57568169E-05
45,5,6372.69678,7429.70459,7343.34131,3.57568169E-05
45,6,6372.69678,7343.34131,7259.19238,3.57568169E-05
45,7,6372.69678,7259.19238,7177.41699,3.57568169E-05
45,8,6372.69678,7177.41699,7098.16064,3.57568169E-05
45,9,6372.69678,7098.16064,7021.55811,3.57568169E-05
45,10,6372.69678,7021.55811,6947.73096,3.57568169E-05
45,11,6372.69678,6947.73096,6876.77686,3.57568169E-05
45,12,6372.69678,6876.77686,6808.77588,3.57568169E-05
45,13,6372.69678,6808.77588,6743.78271,3.57568169E-05
45,14,6372.69678,6743.78271,6681.82861,3.57568169E-05
45,15,6372.69678,6681.82861,6622.91943,3.57568169E-05
45,16,6372.69678,6622.91943,6567.03711,3.57568169E-05
45,17,6372.69678,6567.03711,6514.14160,3.57568169E-05
45,18,6372.69678,6514.14160,6464.17188,3.57568169E-05
45,19,6372.69678,6464.17188,6417.05225,3.57568169E-05
45,20,6372.69678,6417.05225,6372.69678,3.57568169E-05
46,1,6187.65723,6372.69678,6361.33203,2.80512526E-04
46,2,6187.65723,6361.33203,6350.20654,2.80512526E-04
46,3,6187.65723,6350.20654,6339.31641,2.80512526E-04
46,4,6187.65723,6339.31641,6328.65918,2.80512526E-04
46,5,6187.65723,6328.65918,6318.23047,2.80512526E-04
46,6,6187.65723,6318.23047,6308.02734,2.80512526E-04
46,7,6187.65723,6308.02734,6298.04590,2.80512526E-04
46,8,6187.65723,6298.04590,6288.28320,2.80512526E-04
46,9,6187.65723,6288.28320,6278.73730,2.80512526E-04
46,10,6187.65723,6278.73730,6269.40527,2.80512526E-04
46,11,6187.65723,6269.40527,6260.28418,2.80512526E-04
46,12,6187.65723,6260.28418,6251.37402,2.80512526E-04
46,13,6187.65723,6251.37402,6242.67383,2.80512526E-04
46,14,6187.65723,6242.67383,6234.18213,2.80512526E-04
46,15,6187.65723,6234.18213,6225.89941,2.80512526E-04
46,16,6187.65723,6225.89941,6217.82520,2.80512526E-04
46,17,6187.65723,6217.82520,6209.96240,2.80512526E-04
46,18,6187.65723,6209.96240,6202.31152,2.80512526E-04
46,19,6187.65723,6202.31152,6194.87500,2.80512526E-04
46,20,6187.65723,6194.87500,6187.65723,2.80512526E-04
47,1,6230.08936,6218.81543,6219.16748,7.72916173E-05
47,2,6230.08936,6219.16748,6219.42822,7.72916173E-05
47,3,6230.08936,6219.42822,6220.08838,7.72916173E-05
47,4,6230.08936,6220.08838,6220.48633,7.72916173E-05
47,5,6230.08936,6220.48633,6220.88477,7.72916173E-05
47,6,6230.08936,6220.88477,6222.13135,7.72916173E-05
47,7,6230.08936,6222.13135,6223.22607,7.72916173E-05
47,8,6230.08936,6223.22607,6223.86963,7.72916173E-05
47,9,6230.08936,6223.86963,6223.78174,7.72916173E-05
47,10,6230.08936,6223.78174,6224.36182,7.72916173E-05
47,11,6230.08936,6224.36182,6224.80713,7.72916173E-05
47,12,6230.08936,6224.80713,6226.11133,7.72916173E-05
47,13,6230.08936,6226.11133,6226.43945,7.72916173E-05
47,14,6230.08936,6226.43945,6226.07178,7.72916173E-05
47,15,6230.08936,6226.07178,6224.79053,7.72916173E-05
47,16,6230.08936,6224.79053,6224.27197,7.72916173E-05
47,17,6230.08936,6224.27197,6225.88477,7.72916173E-05
47,18,6230.08936,6225.88477,6227.88672,7.72916173E-05
47,19,6230.08936,6227.88672,6229.50537,7.72916173E-05
47,20,6230.08936,6229.50537,6230.08936,7.72916173E-05
48,1,6263.49658,6230.08936,6230.65430,1.25331659E-04
48,2,6263.49658,6230.65430,6232.91309,1.25331659E-04
48,3,6263.49658,6232.91309,6234.42969,1.25331659E-04
48,4,6263.49658,6234.42969,6235.89062,1.25331659E-04
48,5,6263.49658,6235.89062,6238.67822,1.25331659E-04
48,6,6263.49658,6238.67822,6241.33545,1.25331659E-04
48,7,6263.49658,6241.33545,6243.01514,1.25331659E-04
48,8,6263.49658,6243.01514,6244.75098,1.25331659E-04
48,9,6263.49658,6244.75098,6248.09424,1.25331659E-04
48,10,6263.49658,6248.09424,6249.25439,1.25331659E-04
48,11,6263.49658,6249.25439,6250.35352,1.25331659E-04
48,12,6263.49658,6250.35352,6251.02344,1.25331659E-04
48,13,6263.49658,6251.02344,6251.35156,1.25331659E-04
48,14,6263.49658,6251.35156,6250.76074,1.25331659E-04
48,15,6263.49658,6250.76074,6252.59863,1.25331659E-04
48,16,6263.49658,6252.59863,6256.73828,1.25331659E-04
48,17,6263.49658,6256.73828,6260.02246,1.25331659E-04
48,18,6263.49658,6260.02246,6261.35400,1.25331659E-04
48,19,6263.49658,6261.35400,6261.50879,1.25331659E-04
48,20,6263.49658,6261.50879,6263.49658,1.25331659E-04
49,1,6263.21436,6263.49658,6264.14355,6.18098193E-06
49,2,6263.21436,6264.14355,6264.82568,6.18098193E-06
49,3,6263.21436,6264.82568,6265.12793,6.18098193E-06
49,4,6263.21436,6265.12793,6264.90527,6.18098193E-06
49,5,6263.21436,6264.90527,6266.17285,6.18098193E-06
49,6,6263.21436,6266.17285,6267.24756,6.18098193E-06
49,7,6263.21436,6267.24756,6268.05566,6.18098193E-06
49,8,6263.21436,6268.05566,6267.27490,6.18098193E-06
49,9,6263.21436,6267.27490,6266.51318,6.18098193E-06
49,10,6263.21436,6266.51318,6266.99561,6.18098193E-06
49,11,6263.21436,6266.99561,6266.46191,6.18098193E-06
49,12,6263.21436,6266.46191,6266.15186,6.18098193E-06
49,13,6263.21436,6266.15186,6266.52148,6.18098193E-06
49,14,6263.21436,6266.52148,6265.58447,6.18098193E-06
49,15,6263.21436,6265.58447,6264.10205,6.18098193E-06
49,16,6263.21436,6264.10205,6263.24512,6.18098193E-06
49,17,6263.21436,6263.24512,6264.58643,6.18098193E-06
49,18,6263.21436,6264.58643,6264.74512,6.18098193E-06
49,19,6263.21436,6264.74512,6264.05273,6.18098193E-06
49,20,6263.21436,6264.05273,6263.21436,6.18098193E-06
50,1,6400.64502,6387.27930,6390.67871,6.65513799E-05
50,2,6400.64502,6390.67871,6386.63818,6.65513799E-05
50,3,6400.64502,6386.63818,6384.29785,6.65513799E-05
50,4,6400.64502,6384.29785,6386.92969,6.65513799E-05
50,5,6400.64502,6386.92969,6392.39355,6.65513799E-05
50,6,6400.64502,6392.39355,6391.47852,6.65513799E-05
50,7,6400.64502,6391.47852,6388.53076,6.65513799E-05
50,8,6400.64502,6388.53076,6384.35693,6.65513799E-05
50,9,6400.64502,6384.35693,6386.71191,6.65513799E-05
50,10,6400.64502,6386.71191,6382.92529,6.65513799E-05
50,11,6400.64502,6382.92529,6387.93457,6.65513799E-05
50,12,6400.64502,6387.93457,6386.70752,6.65513799E-05
50,13,6400.64502,6386.70752,6393.71338,6.65513799E-05
50,14,6400.64502,6393.71338,6394.00293,6.65513799E-05
50,15,6400.64502,6394.00293,6393.55615,6.65513799E-05
50,16,6400.64502,6393.55615,6394.35742,6.65513799E-05
50,17,6400.64502,6394.35742,6395.85400,6.65513799E-05
50,18,6400.64502,6395.85400,6401.72949,6.65513799E-05
50,19,6400.64502,6401.72949,6406.37744,6.65513799E-05
50,20,6400.64502,6406.37744,6400.64502,6.65513799E-05
51,1,6414.53760,6400.64502,6396.50488,1.18458584E-05
51,2,6414.53760,6396.50488,6393.53564,1.18458584E-05
51,3,6414.53760,6393.53564,6391.24951,1.18458584E-05
51,4,6414.53760,6391.24951,6393.41846,1.18458584E-05
51,5,6414.53760,6393.41846,6392.14746,1.18458584E-05
51,6,6414.53760,6392.14746,6396.29346,1.18458584E-05
51,7,6414.53760,6396.29346,6395.70996,1.18458584E-05
51,8,6414.53760,6395.70996,6400.09180,1.18458584E-05
51,9,6414.53760,6400.09180,6404.67285,1.18458584E-05
51,10,6414.53760,6404.67285,6407.33643,1.18458584E-05
51,11,6414.53760,6407.33643,6412.04736,1.18458584E-05
51,12,6414.53760,6412.04736,6409.19238,1.18458584E-05
51,13,6414.53760,6409.19238,6409.08643,1.18458584E-05
51,14,6414.53760,6409.08643,6403.99512,1.18458584E-05
51,15,6414.53760,6403.99512,6400.03125,1.18458584E-05
51,16,6414.53760,6400.03125,6397.46484,1.18458584E-05
51,17,6414.53760,6397.46484,6400.13184,1.18458584E-05
51,18,6414.53760,6400.13184,6406.91309,1.18458584E-05
51,19,6414.53760,6406.91309,6414.56201,1.18458584E-05
51,20,6414.53760,6414.56201,6414.53760,1.18458584E-05
52,1,6505.23730,6493.66455,6487.66650,5.32680770E-06
52,2,6505.23730,6487.66650,6478.66357,5.32680770E-06
52,3,6505.23730,6478.66357,6470.09863,5.32680770E-06
52,4,6505.23730,6470.09863,6464.61084,5.32680770E-06
52,5,6505.23730,6464.61084,6461.77783,5.32680770E-06
52,6,6505.23730,6461.77783,6461.50635,5.32680770E-06
52,7,6505.23730,6461.50635,6464.13770,5.32680770E-06
52,8,6505.23730,6464.13770,6469.57861,5.32680770E-06
52,9,6505.23730,6469.57861,6470.63965,5.32680770E-06
52,10,6505.23730,6470.63965,6470.13721,5.32680770E-06
52,11,6505.23730,6470.13721,6473.92871,5.32680770E-06
52,12,6505.23730,6473.92871,6479.87549,5.32680770E-06
52,13,6505.23730,6479.87549,6484.00342,5.32680770E-06
52,14,6505.23730,6484.00342,6500.57568,5.32680770E-06
52,15,6505.23730,6500.57568,6494.28955,5.32680770E-06
52,16,6505.23730,6494.28955,6497.97803,5.32680770E-06
52,17,6505.23730,6497.97803,6497.37500,5.32680770E-06
52,18,6505.23730,6497.37500,6492.37646,5.32680770E-06
52,19,6505.23730,6492.37646,6496.60693,5.32680770E-06
52,20,6505.23730,6496.60693,6505.23730,5.32680770E-06
53,1,6510.87891,6505.23730,6503.72803,2.28728648E-04
53,2,6510.87891,6503.72803,6508.74951,2.28728648E-04
53,3,6510.87891,6508.74951,6503.62256,2.28728648E-04
53,4,6510.87891,6503.62256,6503.00293,2.28728648E-04
53,5,6510.87891,6503.00293,6503.56689,2.28728648E-04
53,6,6510.87891,6503.56689,6506.16797,2.28728648E-04
53,7,6510.87891,6506.16797,6508.38818,2.28728648E-04
53,8,6510.87891,6508.38818,6508.19971,2.28728648E-04
53,9,6510.87891,6508.19971,6505.62305,2.28728648E-04
53,10,6510.87891,6505.62305,6505.45361,2.28728648E-04
53,11,6510.87891,6505.45361,6503.07520,2.28728648E-04
53,12,6510.87891,6503.07520,6504.98291,2.28728648E-04
53,13,6510.87891,6504.98291,6508.15820,2.28728648E-04
53,14,6510.87891,6508.15820,6510.29004,2.28728648E-04
53,15,6510.87891,6510.29004,6511.76367,2.28728648E-04
53,16,6510.87891,6511.76367,6511.26758,2.28728648E-04
53,17,6510.87891,6511.26758,6508.45752,2.28728648E-04
53,18,6510.87891,6508.45752,6508.04346,2.28728648E-04
53,19,6510.87891,6508.04346,6509.72998,2.28728648E-04
53,20,6510.87891,6509.72998,6510.87891,2.28728648E-04
54,1,6465.34033,6510.87891,6509.97949,5.87168961E-06
54,2,6465.34033,6509.97949,6505.33887,5.87168961E-06
54,3,6465.34033,6505.33887,6497.18652,5.87168961E-06
54,4,6465.34033,6497.18652,6493.75098,5.87168961E-06
54,5,6465.34033,6493.75098,6489.80518,5.87168961E-06
54,6,6465.34033,6489.80518,6482.44287,5.87168961E-06
54,7,6465.34033,6482.44287,6481.09375,5.87168961E-06
54,8,6465.34033,6481.09375,6488.01807,5.87168961E-06
54,9,6465.34033,6488.01807,6490.66699,5.87168961E-06
54,10,6465.34033,6490.66699,6488.68457,5.87168961E-06
54,11,6465.34033,6488.68457,6480.15186,5.87168961E-06
54,12,6465.34033,6480.15186,6474.73682,5.87168961E-06
54,13,6465.34033,6474.73682,6468.16064,5.87168961E-06
54,14,6465.34033,6468.16064,6467.96191,5.87168961E-06
54,15,6465.34033,6467.96191,6467.20508,5.87168961E-06
54,16,6465.34033,6467.20508,6470.62939,5.87168961E-06
54,17,6465.34033,6470.62939,6467.87646,5.87168961E-06
54,18,6465.34033,6467.87646,6465.94531,5.87168961E-06
54,19,6465.34033,6465.94531,6460.36670,5.87168961E-06
54,20,6465.34033,6460.36670,6465.34033,5.87168961E-06
55,1,6476.81299,6465.34033,6465.17676,2.59981898E-05
55,2,6476.81299,6465.17676,6467.10254,2.59981898E-05
55,3,6476.81299,6467.10254,6469.47314,2.59981898E-05
55,4,6476.81299,6469.47314,6477.34229,2.59981898E-05
55,5,6476.81299,6477.34229,6477.86768,2.59981898E-05
55,6,6476.81299,6477.86768,6478.41162,2.59981898E-05
55,7,6476.81299,6478.41162,6473.85400,2.59981898E-05
55,8,6476.81299,6473.85400,6476.19629,2.59981898E-05
55,9,6476.81299,6476.19629,6477.79199,2.59981898E-05
55,10,6476.81299,6477.79199,6486.01416,2.59981898E-05
55,11,6476.81299,6486.01416,6489.08838,2.59981898E-05
55,12,6476.81299,6489.08838,6498.39844,2.59981898E-05
55,13,6476.81299,6498.39844,6502.26172,2.59981898E-05
55,14,6476.81299,6502.26172,6503.63867,2.59981898E-05
55,15,6476.81299,6503.63867,6500.68848,2.59981898E-05
55,16,6476.81299,6500.68848,6495.45850,2.59981898E-05
55,17,6476.81299,6495.45850,6492.11768,2.59981898E-05
55,18,6476.81299,6492.11768,6484.93506,2.59981898E-05
55,19,6476.81299,6484.93506,6477.29883,2.59981898E-05
55,20,6476.81299,6477.29883,6476.81299,2.59981898E-05
56,1,6493.57031,6476.81299,6476.53027,1.05917179E-05
56,2,6493.57031,6476.53027,6477.12256,1.05917179E-05
56,3,6493.57031,6477.12256,6475.71240,1.05917179E-05
56,4,6493.57031,6475.71240,6480.42725,1.05917179E-05
56,5,6493.57031,6480.42725,6485.32617,1.05917179E-05
56,6,6493.57031,6485.32617,6489.79932,1.05917179E-05
56,7,6493.57031,6489.79932,6491.96582,1.05917179E-05
56,8,6493.57031,6491.96582,6498.64453,1.05917179E-05
56,9,6493.57031,6498.64453,6510.61230,1.05917179E-05
56,10,6493.57031,6510.61230,6527.33203,1.05917179E-05
56,11,6493.57031,6527.33203,6530.97656,1.05917179E-05
56,12,6493.57031,6530.97656,6533.51562,1.05917179E-05
56,13,6493.57031,6533.51562,6534.85840,1.05917179E-05
56,14,6493.57031,6534.85840,6536.59814,1.05917179E-05
56,15,6493.57031,6536.59814,6522.99756,1.05917179E-05
56,16,6493.57031,6522.99756,6506.61670,1.05917179E-05
56,17,6493.57031,6506.61670,6497.85498,1.05917179E-05
56,18,6493.57031,6497.85498,6500.09229,1.05917179E-05
56,19,6493.57031,6500.09229,6497.38623,1.05917179E-05
56,20,6493.57031,6497.38623,6493.57031,1.05917179E-05
57,1,6511.82666,6513.55371,6520.35059,7.09044616E-06
57,2,6511.82666,6520.35059,6529.58984,7.09044616E-06
57,3,6511.82666,6529.58984,6523.04492,7.09044616E-06
57,4,6511.82666,6523.04492,6505.12744,7.09044616E-06
57,5,6511.82666,6505.12744,6502.42383,7.09044616E-06
57,6,6511.82666,6502.42383,6508.36670,7.09044616E-06
57,7,6511.82666,6508.36670,6505.45068,7.09044616E-06
57,8,6511.82666,6505.45068,6491.97656,7.09044616E-06
57,9,6511.82666,6491.97656,6480.66211,7.09044616E-06
57,10,6511.82666,6480.66211,6486.91309,7.09044616E-06
57,11,6511.82666,6486.91309,6498.95947,7.09044616E-06
57,12,6511.82666,6498.95947,6498.84717,7.09044616E-06
57,13,6511.82666,6498.84717,6497.97852,7.09044616E-06
57,14,6511.82666,6497.97852,6504.76709,7.09044616E-06
57,15,6511.82666,6504.76709,6513.66455,7.09044616E-06
57,16,6511.82666,6513.66455,6513.23633,7.09044616E-06
57,17,6511.82666,6513.23633,6513.41309,7.09044616E-06
57,18,6511.82666,6513.41309,6505.61426,7.09044616E-06
57,19,6511.82666,6505.61426,6507.39600,7.09044616E-06
57,20,6511.82666,6507.39600,6511.82666,7.09044616E-06
58,1,6522.40234,6511.82666,6524.19385,3.51182789E-05
58,2,6522.40234,6524.19385,6510.75342,3.51182789E-05
58,3,6522.40234,6510.75342,6486.24658,3.51182789E-05
58,4,6522.40234,6486.24658,6496.15527,3.51182789E-05
58,5,6522.40234,6496.15527,6523.51270,3.51182789E-05
58,6,6522.40234,6523.51270,6515.50098,3.51182789E-05
58,7,6522.40234,6515.50098,6505.55518,3.51182789E-05
58,8,6522.40234,6505.55518,6532.36475,3.51182789E-05
58,9,6522.40234,6532.36475,6529.54297,3.51182789E-05
58,10,6522.40234,6529.54297,6503.48340,3.51182789E-05
58,11,6522.40234,6503.48340,6508.72559,3.51182789E-05
58,12,6522.40234,6508.72559,6522.01123,3.51182789E-05
58,13,6522.40234,6522.01123,6556.84473,3.51182789E-05
58,14,6522.40234,6556.84473,6548.00293,3.51182789E-05
58,15,6522.40234,6548.00293,6501.66650,3.51182789E-05
58,16,6522.40234,6501.66650,6472.45361,3.51182789E-05
58,17,6522.40234,6472.45361,6510.38623,3.51182789E-05
58,18,6522.40234,6510.38623,6542.69629,3.51182789E-05
58,19,6522.40234,6542.69629,6517.59521,3.51182789E-05
58,20,6522.40234,6517.59521,6522.40234,3.51182789E-05
