i,k,old_q,old_q_ch_in,old_q_ch_out,qlat_ch_old
1,1,0.00000000,0.00000000,0.00000000,-4.37615113E-03
1,2,0.00000000,0.00000000,0.00000000,-4.37615113E-03
1,3,0.00000000,0.00000000,0.00000000,-4.37615113E-03
1,4,0.00000000,0.00000000,0.00000000,-4.37615113E-03
1,5,0.00000000,0.00000000,0.00000000,-4.37615113E-03
1,6,0.00000000,0.00000000,0.00000000,-4.37615113E-03
1,7,0.00000000,0.00000000,0.00000000,-4.37615113E-03
1,8,0.00000000,0.00000000,0.00000000,-4.37615113E-03
1,9,0.00000000,0.00000000,0.00000000,-4.37615113E-03
1,10,0.00000000,0.00000000,0.00000000,-4.37615113E-03
1,11,0.00000000,0.00000000,0.00000000,-4.37615113E-03
1,12,0.00000000,0.00000000,0.00000000,-4.37615113E-03
1,13,0.00000000,0.00000000,0.00000000,-4.37615113E-03
1,14,0.00000000,0.00000000,0.00000000,-4.37615113E-03
1,15,0.00000000,0.00000000,0.00000000,-4.37615113E-03
1,16,0.00000000,0.00000000,0.00000000,-4.37615113E-03
1,17,0.00000000,0.00000000,0.00000000,-4.37615113E-03
1,18,0.00000000,0.00000000,0.00000000,-4.37615113E-03
1,19,0.00000000,0.00000000,0.00000000,-4.37615113E-03
1,20,0.00000000,0.00000000,0.00000000,-4.37615113E-03
2,1,0.00000000,0.00000000,0.00000000,-6.76269308E-02
2,2,0.00000000,0.00000000,0.00000000,-6.76269308E-02
2,3,0.00000000,0.00000000,0.00000000,-6.76269308E-02
2,4,0.00000000,0.00000000,0.00000000,-6.76269308E-02
2,5,0.00000000,0.00000000,0.00000000,-6.76269308E-02
2,6,0.00000000,0.00000000,0.00000000,-6.76269308E-02
2,7,0.00000000,0.00000000,0.00000000,-6.76269308E-02
2,8,0.00000000,0.00000000,0.00000000,-6.76269308E-02
2,9,0.00000000,0.00000000,0.00000000,-6.76269308E-02
2,10,0.00000000,0.00000000,0.00000000,-6.76269308E-02
2,11,0.00000000,0.00000000,0.00000000,-6.76269308E-02
2,12,0.00000000,0.00000000,0.00000000,-6.76269308E-02
2,13,0.00000000,0.00000000,0.00000000,-6.76269308E-02
2,14,0.00000000,0.00000000,0.00000000,-6.76269308E-02
2,15,0.00000000,0.00000000,0.00000000,-6.76269308E-02
2,16,0.00000000,0.00000000,0.00000000,-6.76269308E-02
2,17,0.00000000,0.00000000,0.00000000,-6.76269308E-02
2,18,0.00000000,0.00000000,0.00000000,-6.76269308E-02
2,19,0.00000000,0.00000000,0.00000000,-6.76269308E-02
2,20,0.00000000,0.00000000,0.00000000,-6.76269308E-02
3,1,1075.18274,0.00000000,54.0340576,8.07770120E-04
3,2,1075.18274,54.0340576,108.068115,8.07770120E-04
3,3,1075.18274,108.068115,162.102173,8.07770120E-04
3,4,1075.18274,162.102173,216.136215,8.07770120E-04
3,5,1075.18274,216.136215,270.170288,8.07770120E-04
3,6,1075.18274,270.170288,324.204224,8.07770120E-04
3,7,1075.18274,324.204224,378.239197,8.07770120E-04
3,8,1075.18274,378.239197,432.266479,8.07770120E-04
3,9,1075.18274,432.266479,486.340515,8.07770120E-04
3,10,1075.18274,486.340515,540.184692,8.07770120E-04
3,11,1075.18274,540.184692,594.944763,8.07770120E-04
3,12,1075.18274,594.944763,646.762573,8.07770120E-04
3,13,1075.18274,646.762573,706.084717,8.07770120E-04
3,14,1075.18274,706.084717,750.668701,8.07770120E-04
3,15,1075.18274,750.668701,816.158875,8.07770120E-04
3,16,1075.18274,816.158875,863.629395,8.07770120E-04
3,17,1075.18274,863.629395,913.324341,8.07770120E-04
3,18,1075.18274,913.324341,977.042480,8.07770120E-04
3,19,1075.18274,977.042480,1030.62866,8.07770120E-04
3,20,1075.18274,1030.62866,1075.18274,8.07770120E-04
4,1,327.902771,0.00000000,16.4859772,2.68307223E-04
4,2,327.902771,16.4859772,32.6440544,2.68307223E-04
4,3,327.902771,32.6440544,49.6090546,2.68307223E-04
4,4,327.902771,49.6090546,65.9863205,2.68307223E-04
4,5,327.902771,65.9863205,81.8794022,2.68307223E-04
4,6,327.902771,81.8794022,98.1687317,2.68307223E-04
4,7,327.902771,98.1687317,115.065216,2.68307223E-04
4,8,327.902771,115.065216,132.051331,2.68307223E-04
4,9,327.902771,132.051331,148.580231,2.68307223E-04
4,10,327.902771,148.580231,164.568390,2.68307223E-04
4,11,327.902771,164.568390,180.370239,2.68307223E-04
4,12,327.902771,180.370239,196.443222,2.68307223E-04
4,13,327.902771,196.443222,213.030228,2.68307223E-04
4,14,327.902771,213.030228,230.045807,2.68307223E-04
4,15,327.902771,230.045807,247.171371,2.68307223E-04
4,16,327.902771,247.171371,264.051788,2.68307223E-04
4,17,327.902771,264.051788,280.472504,2.68307223E-04
4,18,327.902771,280.472504,296.439575,2.68307223E-04
4,19,327.902771,296.439575,312.152466,2.68307223E-04
4,20,327.902771,312.152466,327.902771,2.68307223E-04
5,1,0.00000000,0.00000000,0.00000000,-6.53709048E-06
5,2,0.00000000,0.00000000,0.00000000,-6.53709048E-06
5,3,0.00000000,0.00000000,0.00000000,-6.53709048E-06
5,4,0.00000000,0.00000000,0.00000000,-6.53709048E-06
5,5,0.00000000,0.00000000,0.00000000,-6.53709048E-06
5,6,0.00000000,0.00000000,0.00000000,-6.53709048E-06
5,7,0.00000000,0.00000000,0.00000000,-6.53709048E-06
5,8,0.00000000,0.00000000,0.00000000,-6.53709048E-06
5,9,0.00000000,0.00000000,0.00000000,-6.53709048E-06
5,10,0.00000000,0.00000000,0.00000000,-6.53709048E-06
5,11,0.00000000,0.00000000,0.00000000,-6.53709048E-06
5,12,0.00000000,0.00000000,0.00000000,-6.53709048E-06
5,13,0.00000000,0.00000000,0.00000000,-6.53709048E-06
5,14,0.00000000,0.00000000,0.00000000,-6.53709048E-06
5,15,0.00000000,0.00000000,0.00000000,-6.53709048E-06
5,16,0.00000000,0.00000000,0.00000000,-6.53709048E-06
5,17,0.00000000,0.00000000,0.00000000,-6.53709048E-06
5,18,0.00000000,0.00000000,0.00000000,-6.53709048E-06
5,19,0.00000000,0.00000000,0.00000000,-6.53709048E-06
5,20,0.00000000,0.00000000,0.00000000,-6.53709048E-06
6,1,0.00000000,0.00000000,0.00000000,-5.07280056E-05
6,2,0.00000000,0.00000000,0.00000000,-5.07280056E-05
6,3,0.00000000,0.00000000,0.00000000,-5.07280056E-05
6,4,0.00000000,0.00000000,0.00000000,-5.07280056E-05
6,5,0.00000000,0.00000000,0.00000000,-5.07280056E-05
6,6,0.00000000,0.00000000,0.00000000,-5.07280056E-05
6,7,0.00000000,0.00000000,0.00000000,-5.07280056E-05
6,8,0.00000000,0.00000000,0.00000000,-5.07280056E-05
6,9,0.00000000,0.00000000,0.00000000,-5.07280056E-05
6,10,0.00000000,0.00000000,0.00000000,-5.07280056E-05
6,11,0.00000000,0.00000000,0.00000000,-5.07280056E-05
6,12,0.00000000,0.00000000,0.00000000,-5.07280056E-05
6,13,0.00000000,0.00000000,0.00000000,-5.07280056E-05
6,14,0.00000000,0.00000000,0.00000000,-5.07280056E-05
6,15,0.00000000,0.00000000,0.00000000,-5.07280056E-05
6,16,0.00000000,0.00000000,0.00000000,-5.07280056E-05
6,17,0.00000000,0.00000000,0.00000000,-5.07280056E-05
6,18,0.00000000,0.00000000,0.00000000,-5.07280056E-05
6,19,0.00000000,0.00000000,0.00000000,-5.07280056E-05
6,20,0.00000000,0.00000000,0.00000000,-5.07280056E-05
7,1,3.36420648E-02,0.00000000,1.94579270E-03,1.48669898E-07
7,2,3.36420648E-02,1.94579270E-03,4.00037225E-03,1.48669898E-07
7,3,3.36420648E-02,4.00037225E-03,5.59026469E-03,1.48669898E-07
7,4,3.36420648E-02,5.59026469E-03,8.14852677E-03,1.48669898E-07
7,5,3.36420648E-02,8.14852677E-03,9.86699201E-03,1.48669898E-07
7,6,3.36420648E-02,9.86699201E-03,1.14027383E-02,1.48669898E-07
7,7,3.36420648E-02,1.14027383E-02,1.35079175E-02,1.48669898E-07
7,8,3.36420648E-02,1.35079175E-02,1.59788504E-02,1.48669898E-07
7,9,3.36420648E-02,1.59788504E-02,1.71165131E-02,1.48669898E-07
7,10,3.36420648E-02,1.71165131E-02,2.25696526E-02,1.48669898E-07
7,11,3.36420648E-02,2.25696526E-02,1.69642270E-02,1.48669898E-07
7,12,3.36420648E-02,1.69642270E-02,2.39425898E-02,1.48669898E-07
7,13,3.36420648E-02,2.39425898E-02,2.85529010E-02,1.48669898E-07
7,14,3.36420648E-02,2.85529010E-02,2.75219902E-02,1.48669898E-07
7,15,3.36420648E-02,2.75219902E-02,2.67207548E-02,1.48669898E-07
7,16,3.36420648E-02,2.67207548E-02,3.11723612E-02,1.48669898E-07
7,17,3.36420648E-02,3.11723612E-02,2.98710987E-02,1.48669898E-07
7,18,3.36420648E-02,2.98710987E-02,4.35556360E-02,1.48669898E-07
7,19,3.36420648E-02,4.35556360E-02,3.83599959E-02,1.48669898E-07
7,20,3.36420648E-02,3.83599959E-02,3.36420648E-02,1.48669898E-07
8,1,0.00000000,0.00000000,0.00000000,-1.54906607E-04
8,2,0.00000000,0.00000000,0.00000000,-1.54906607E-04
8,3,0.00000000,0.00000000,0.00000000,-1.54906607E-04
8,4,0.00000000,0.00000000,0.00000000,-1.54906607E-04
8,5,0.00000000,0.00000000,0.00000000,-1.54906607E-04
8,6,0.00000000,0.00000000,0.00000000,-1.54906607E-04
8,7,0.00000000,0.00000000,0.00000000,-1.54906607E-04
8,8,0.00000000,0.00000000,0.00000000,-1.54906607E-04
8,9,0.00000000,0.00000000,0.00000000,-1.54906607E-04
8,10,0.00000000,0.00000000,0.00000000,-1.54906607E-04
8,11,0.00000000,0.00000000,0.00000000,-1.54906607E-04
8,12,0.00000000,0.00000000,0.00000000,-1.54906607E-04
8,13,0.00000000,0.00000000,0.00000000,-1.54906607E-04
8,14,0.00000000,0.00000000,0.00000000,-1.54906607E-04
8,15,0.00000000,0.00000000,0.00000000,-1.54906607E-04
8,16,0.00000000,0.00000000,0.00000000,-1.54906607E-04
8,17,0.00000000,0.00000000,0.00000000,-1.54906607E-04
8,18,0.00000000,0.00000000,0.00000000,-1.54906607E-04
8,19,0.00000000,0.00000000,0.00000000,-1.54906607E-04
8,20,0.00000000,0.00000000,0.00000000,-1.54906607E-04
9,1,131.395676,0.00000000,6.61225796,1.01958145E-03
9,2,131.395676,6.61225796,13.1279802,1.01958145E-03
9,3,131.395676,13.1279802,19.5968552,1.01958145E-03
9,4,131.395676,19.5968552,26.2098579,1.01958145E-03
9,5,131.395676,26.2098579,32.9336472,1.01958145E-03
9,6,131.395676,32.9336472,39.6312828,1.01958145E-03
9,7,131.395676,39.6312828,46.2051010,1.01958145E-03
9,8,131.395676,46.2051010,52.6498566,1.01958145E-03
9,9,131.395676,52.6498566,59.0328407,1.01958145E-03
9,10,131.395676,59.0328407,65.4447021,1.01958145E-03
9,11,131.395676,65.4447021,71.9551849,1.01958145E-03
9,12,131.395676,71.9551849,78.5894623,1.01958145E-03
9,13,131.395676,78.5894623,85.3265686,1.01958145E-03
9,14,131.395676,85.3265686,92.1134186,1.01958145E-03
9,15,131.395676,92.1134186,98.8854980,1.01958145E-03
9,16,131.395676,98.8854980,105.586494,1.01958145E-03
9,17,131.395676,105.586494,112.182098,1.01958145E-03
9,18,131.395676,112.182098,118.665894,1.01958145E-03
9,19,131.395676,118.665894,125.057434,1.01958145E-03
9,20,131.395676,125.057434,131.395676,1.01958145E-03
10,1,0.00000000,0.00000000,0.00000000,-1.57222777E-04
10,2,0.00000000,0.00000000,0.00000000,-1.57222777E-04
10,3,0.00000000,0.00000000,0.00000000,-1.57222777E-04
10,4,0.00000000,0.00000000,0.00000000,-1.57222777E-04
10,5,0.00000000,0.00000000,0.00000000,-1.57222777E-04
10,6,0.00000000,0.00000000,0.00000000,-1.57222777E-04
10,7,0.00000000,0.00000000,0.00000000,-1.57222777E-04
10,8,0.00000000,0.00000000,0.00000000,-1.57222777E-04
10,9,0.00000000,0.00000000,0.00000000,-1.57222777E-04
10,10,0.00000000,0.00000000,0.00000000,-1.57222777E-04
10,11,0.00000000,0.00000000,0.00000000,-1.57222777E-04
10,12,0.00000000,0.00000000,0.00000000,-1.57222777E-04
10,13,0.00000000,0.00000000,0.00000000,-1.57222777E-04
10,14,0.00000000,0.00000000,0.00000000,-1.57222777E-04
10,15,0.00000000,0.00000000,0.00000000,-1.57222777E-04
10,16,0.00000000,0.00000000,0.00000000,-1.57222777E-04
10,17,0.00000000,0.00000000,0.00000000,-1.57222777E-04
10,18,0.00000000,0.00000000,0.00000000,-1.57222777E-04
10,19,0.00000000,0.00000000,0.00000000,-1.57222777E-04
10,20,0.00000000,0.00000000,0.00000000,-1.57222777E-04
11,1,12.5229731,0.00000000,0.628589153,1.07196520E-05
11,2,12.5229731,0.628589153,1.25981855,1.07196520E-05
11,3,12.5229731,1.25981855,1.88256133,1.07196520E-05
11,4,12.5229731,1.88256133,2.51314735,1.07196520E-05
11,5,12.5229731,2.51314735,3.15958023,1.07196520E-05
11,6,12.5229731,3.15958023,3.76770163,1.07196520E-05
11,7,12.5229731,3.76770163,4.38469648,1.07196520E-05
11,8,12.5229731,4.38469648,5.03591442,1.07196520E-05
11,9,12.5229731,5.03591442,5.66396332,1.07196520E-05
11,10,12.5229731,5.66396332,6.30124092,1.07196520E-05
11,11,12.5229731,6.30124092,6.93618679,1.07196520E-05
11,12,12.5229731,6.93618679,7.53933954,1.07196520E-05
11,13,12.5229731,7.53933954,8.13317108,1.07196520E-05
11,14,12.5229731,8.13317108,8.77416229,1.07196520E-05
11,15,12.5229731,8.77416229,9.44284248,1.07196520E-05
11,16,12.5229731,9.44284248,10.1344109,1.07196520E-05
11,17,12.5229731,10.1344109,10.7174616,1.07196520E-05
11,18,12.5229731,10.7174616,11.3224516,1.07196520E-05
11,19,12.5229731,11.3224516,11.9089298,1.07196520E-05
11,20,12.5229731,11.9089298,12.5229731,1.07196520E-05
12,1,6.44749962E-04,0.00000000,3.26207955E-05,7.79538878E-10
12,2,6.44749962E-04,3.26207955E-05,6.19057828E-05,7.79538878E-10
12,3,6.44749962E-04,6.19057828E-05,1.02777776E-04,7.79538878E-10
12,4,6.44749962E-04,1.02777776E-04,1.25800623E-04,7.79538878E-10
12,5,6.44749962E-04,1.25800623E-04,1.55843096E-04,7.79538878E-10
12,6,6.44749962E-04,1.55843096E-04,1.95424713E-04,7.79538878E-10
12,7,6.44749962E-04,1.95424713E-04,2.32240971E-04,7.79538878E-10
12,8,6.44749962E-04,2.32240971E-04,2.60962930E-04,7.79538878E-10
12,9,6.44749962E-04,2.60962930E-04,2.86416733E-04,7.79538878E-10
12,10,6.44749962E-04,2.86416733E-04,3.15509096E-04,7.79538878E-10
12,11,6.44749962E-04,3.15509096E-04,3.50619928E-04,7.79538878E-10
12,12,6.44749962E-04,3.50619928E-04,3.88987159E-04,7.79538878E-10
12,13,6.44749962E-04,3.88987159E-04,4.25983832E-04,7.79538878E-10
12,14,6.44749962E-04,4.25983832E-04,4.58594412E-04,7.79538878E-10
12,15,6.44749962E-04,4.58594412E-04,4.86894744E-04,7.79538878E-10
12,16,6.44749962E-04,4.86894744E-04,5.13380510E-04,7.79538878E-10
12,17,6.44749962E-04,5.13380510E-04,5.41190384E-04,7.79538878E-10
12,18,6.44749962E-04,5.41190384E-04,5.72440564E-04,7.79538878E-10
12,19,6.44749962E-04,5.72440564E-04,6.07418013E-04,7.79538878E-10
12,20,6.44749962E-04,6.07418013E-04,6.44749962E-04,7.79538878E-10
13,1,0.00000000,0.00000000,0.00000000,-2.29120246E-06
13,2,0.00000000,0.00000000,0.00000000,-2.29120246E-06
13,3,0.00000000,0.00000000,0.00000000,-2.29120246E-06
13,4,0.00000000,0.00000000,0.00000000,-2.29120246E-06
13,5,0.00000000,0.00000000,0.00000000,-2.29120246E-06
13,6,0.00000000,0.00000000,0.00000000,-2.29120246E-06
13,7,0.00000000,0.00000000,0.00000000,-2.29120246E-06
13,8,0.00000000,0.00000000,0.00000000,-2.29120246E-06
13,9,0.00000000,0.00000000,0.00000000,-2.29120246E-06
13,10,0.00000000,0.00000000,0.00000000,-2.29120246E-06
13,11,0.00000000,0.00000000,0.00000000,-2.29120246E-06
13,12,0.00000000,0.00000000,0.00000000,-2.29120246E-06
13,13,0.00000000,0.00000000,0.00000000,-2.29120246E-06
13,14,0.00000000,0.00000000,0.00000000,-2.29120246E-06
13,15,0.00000000,0.00000000,0.00000000,-2.29120246E-06
13,16,0.00000000,0.00000000,0.00000000,-2.29120246E-06
13,17,0.00000000,0.00000000,0.00000000,-2.29120246E-06
13,18,0.00000000,0.00000000,0.00000000,-2.29120246E-06
13,19,0.00000000,0.00000000,0.00000000,-2.29120246E-06
13,20,0.00000000,0.00000000,0.00000000,-2.29120246E-06
14,1,18.8424587,0.00000000,2.48105836,1.83253840E-04
14,2,18.8424587,2.48105836,4.92453146,1.83253840E-04
14,3,18.8424587,4.92453146,7.27933073,1.83253840E-04
14,4,18.8424587,7.27933073,9.48079872,1.83253840E-04
14,5,18.8424587,9.48079872,11.4660492,1.83253840E-04
14,6,18.8424587,11.4660492,13.1883316,1.83253840E-04
14,7,18.8424587,13.1883316,14.6252003,1.83253840E-04
14,8,18.8424587,14.6252003,15.7792854,1.83253840E-04
14,9,18.8424587,15.7792854,16.6734715,1.83253840E-04
14,10,18.8424587,16.6734715,17.3434238,1.83253840E-04
14,11,18.8424587,17.3434238,17.8300953,1.83253840E-04
14,12,18.8424587,17.8300953,18.1738014,1.83253840E-04
14,13,18.8424587,18.1738014,18.4104443,1.83253840E-04
14,14,18.8424587,18.4104443,18.5697250,1.83253840E-04
14,15,18.8424587,18.5697250,18.6748333,1.83253840E-04
14,16,18.8424587,18.6748333,18.7430248,1.83253840E-04
14,17,18.8424587,18.7430248,18.7866573,1.83253840E-04
14,18,18.8424587,18.7866573,18.8142738,1.83253840E-04
14,19,18.8424587,18.8142738,18.8316174,1.83253840E-04
14,20,18.8424587,18.8316174,18.8424587,1.83253840E-04
15,1,1304.69299,1206.57837,1210.00781,3.33155913E-04
15,2,1304.69299,1210.00781,1215.48193,3.33155913E-04
15,3,1304.69299,1215.48193,1219.60205,3.33155913E-04
15,4,1304.69299,1219.60205,1230.16870,3.33155913E-04
15,5,1304.69299,1230.16870,1236.36182,3.33155913E-04
15,6,1304.69299,1236.36182,1240.88574,3.33155913E-04
15,7,1304.69299,1240.88574,1248.22583,3.33155913E-04
15,8,1304.69299,1248.22583,1257.35449,3.33155913E-04
15,9,1304.69299,1257.35449,1265.13232,3.33155913E-04
15,10,1304.69299,1265.13232,1270.48755,3.33155913E-04
15,11,1304.69299,1270.48755,1274.73901,3.33155913E-04
15,12,1304.69299,1274.73901,1279.56592,3.33155913E-04
15,13,1304.69299,1279.56592,1285.36035,3.33155913E-04
15,14,1304.69299,1285.36035,1291.14160,3.33155913E-04
15,15,1304.69299,1291.14160,1295.55835,3.33155913E-04
15,16,1304.69299,1295.55835,1297.95825,3.33155913E-04
15,17,1304.69299,1297.95825,1298.80603,3.33155913E-04
15,18,1304.69299,1298.80603,1299.37854,3.33155913E-04
15,19,1304.69299,1299.37854,1301.05945,3.33155913E-04
15,20,1304.69299,1301.05945,1304.69299,3.33155913E-04
16,1,0.00000000,0.00000000,0.00000000,-4.45951358E-04
16,2,0.00000000,0.00000000,0.00000000,-4.45951358E-04
16,3,0.00000000,0.00000000,0.00000000,-4.45951358E-04
16,4,0.00000000,0.00000000,0.00000000,-4.45951358E-04
16,5,0.00000000,0.00000000,0.00000000,-4.45951358E-04
16,6,0.00000000,0.00000000,0.00000000,-4.45951358E-04
16,7,0.00000000,0.00000000,0.00000000,-4.45951358E-04
16,8,0.00000000,0.00000000,0.00000000,-4.45951358E-04
16,9,0.00000000,0.00000000,0.00000000,-4.45951358E-04
16,10,0.00000000,0.00000000,0.00000000,-4.45951358E-04
16,11,0.00000000,0.00000000,0.00000000,-4.45951358E-04
16,12,0.00000000,0.00000000,0.00000000,-4.45951358E-04
16,13,0.00000000,0.00000000,0.00000000,-4.45951358E-04
16,14,0.00000000,0.00000000,0.00000000,-4.45951358E-04
16,15,0.00000000,0.00000000,0.00000000,-4.45951358E-04
16,16,0.00000000,0.00000000,0.00000000,-4.45951358E-04
16,17,0.00000000,0.00000000,0.00000000,-4.45951358E-04
16,18,0.00000000,0.00000000,0.00000000,-4.45951358E-04
16,19,0.00000000,0.00000000,0.00000000,-4.45951358E-04
16,20,0.00000000,0.00000000,0.00000000,-4.45951358E-04
17,1,2426.92163,6.44749962E-04,125.268929,2.15386436E-03
17,2,2426.92163,125.268929,230.350876,2.15386436E-03
17,3,2426.92163,230.350876,389.288452,2.15386436E-03
17,4,2426.92163,389.288452,495.552917,2.15386436E-03
17,5,2426.92163,495.552917,591.753601,2.15386436E-03
17,6,2426.92163,591.753601,718.095581,2.15386436E-03
17,7,2426.92163,718.095581,865.069946,2.15386436E-03
17,8,2426.92163,865.069946,1004.62897,2.15386436E-03
17,9,2426.92163,1004.62897,1122.37305,2.15386436E-03
17,10,2426.92163,1122.37305,1224.44019,2.15386436E-03
17,11,2426.92163,1224.44019,1326.92847,2.15386436E-03
17,12,2426.92163,1326.92847,1442.74927,2.15386436E-03
17,13,2426.92163,1442.74927,1574.80884,2.15386436E-03
17,14,2426.92163,1574.80884,1716.75122,2.15386436E-03
17,15,2426.92163,1716.75122,1858.16162,2.15386436E-03
17,16,2426.92163,1858.16162,1990.25073,2.15386436E-03
17,17,2426.92163,1990.25073,2109.38818,2.15386436E-03
17,18,2426.92163,2109.38818,2217.66406,2.15386436E-03
17,19,2426.92163,2217.66406,2321.12207,2.15386436E-03
17,20,2426.92163,2321.12207,2426.92163,2.15386436E-03
18,1,129.408783,12.5229731,18.4034195,6.05088542E-04
18,2,129.408783,18.4034195,24.2741127,6.05088542E-04
18,3,129.408783,24.2741127,30.2285500,6.05088542E-04
18,4,129.408783,30.2285500,35.8812370,6.05088542E-04
18,5,129.408783,35.8812370,41.7035713,6.05088542E-04
18,6,129.408783,41.7035713,47.7089996,6.05088542E-04
18,7,129.408783,47.7089996,53.0153542,6.05088542E-04
18,8,129.408783,53.0153542,59.0535812,6.05088542E-04
18,9,129.408783,59.0535812,65.1374741,6.05088542E-04
18,10,129.408783,65.1374741,70.9826050,6.05088542E-04
18,11,129.408783,70.9826050,76.7302551,6.05088542E-04
18,12,129.408783,76.7302551,82.6435547,6.05088542E-04
18,13,129.408783,82.6435547,88.7027664,6.05088542E-04
18,14,129.408783,88.7027664,94.6539841,6.05088542E-04
18,15,129.408783,94.6539841,100.795120,6.05088542E-04
18,16,129.408783,100.795120,106.721336,6.05088542E-04
18,17,129.408783,106.721336,112.437469,6.05088542E-04
18,18,129.408783,112.437469,118.150970,6.05088542E-04
18,19,129.408783,118.150970,123.656487,6.05088542E-04
18,20,129.408783,123.656487,129.408783,6.05088542E-04
19,1,1.85504779E-02,0.00000000,1.09685562E-03,3.44363151E-08
19,2,1.85504779E-02,1.09685562E-03,2.19371053E-03,3.44363151E-08
19,3,1.85504779E-02,2.19371053E-03,3.29058198E-03,3.44363151E-08
19,4,1.85504779E-02,3.29058198E-03,4.38723667E-03,3.44363151E-08
19,5,1.85504779E-02,4.38723667E-03,5.48581081E-03,3.44363151E-08
19,6,1.85504779E-02,5.48581081E-03,6.57201139E-03,3.44363151E-08
19,7,1.85504779E-02,6.57201139E-03,7.71783991E-03,3.44363151E-08
19,8,1.85504779E-02,7.71783991E-03,8.64793546E-03,3.44363151E-08
19,9,1.85504779E-02,8.64793546E-03,1.01504950E-02,3.44363151E-08
19,10,1.85504779E-02,1.01504950E-02,1.06307659E-02,3.44363151E-08
19,11,1.85504779E-02,1.06307659E-02,1.19247371E-02,3.44363151E-08
19,12,1.85504779E-02,1.19247371E-02,1.46472985E-02,3.44363151E-08
19,13,1.85504779E-02,1.46472985E-02,1.15398169E-02,3.44363151E-08
19,14,1.85504779E-02,1.15398169E-02,1.65432282E-02,3.44363151E-08
19,15,1.85504779E-02,1.65432282E-02,2.07384545E-02,3.44363151E-08
19,16,1.85504779E-02,2.07384545E-02,8.57679639E-03,3.44363151E-08
19,17,1.85504779E-02,8.57679639E-03,2.45383717E-02,3.44363151E-08
19,18,1.85504779E-02,2.45383717E-02,2.18619052E-02,3.44363151E-08
19,19,1.85504779E-02,2.18619052E-02,1.79663002E-02,3.44363151E-08
19,20,1.85504779E-02,1.79663002E-02,1.85504779E-02,3.44363151E-08
20,1,1309.38940,1304.69299,1304.64124,-1.07859921E-06
20,2,1309.38940,1304.64124,1304.66577,-1.07859921E-06
20,3,1309.38940,1304.66577,1304.74280,-1.07859921E-06
20,4,1309.38940,1304.74280,1304.86743,-1.07859921E-06
20,5,1309.38940,1304.86743,1305.03809,-1.07859921E-06
20,6,1309.38940,1305.03809,1305.25134,-1.07859921E-06
20,7,1309.38940,1305.25134,1305.49792,-1.07859921E-06
20,8,1309.38940,1305.49792,1305.76990,-1.07859921E-06
20,9,1309.38940,1305.76990,1306.05969,-1.07859921E-06
20,10,1309.38940,1306.05969,1306.36011,-1.07859921E-06
20,11,1309.38940,1306.36011,1306.66821,-1.07859921E-06
20,12,1309.38940,1306.66821,1306.98059,-1.07859921E-06
20,13,1309.38940,1306.98059,1307.29565,-1.07859921E-06
20,14,1309.38940,1307.29565,1307.61304,-1.07859921E-06
20,15,1309.38940,1307.61304,1307.93054,-1.07859921E-06
20,16,1309.38940,1307.93054,1308.24524,-1.07859921E-06
20,17,1309.38940,1308.24524,1308.55286,-1.07859921E-06
20,18,1309.38940,1308.55286,1308.84998,-1.07859921E-06
20,19,1309.38940,1308.84998,1309.13086,-1.07859921E-06
20,20,1309.38940,1309.13086,1309.38940,-1.07859921E-06
21,1,2402.08325,2426.92163,2418.94116,-1.11832902E-04
21,2,2402.08325,2418.94116,2415.46216,-1.11832902E-04
21,3,2402.08325,2415.46216,2414.89624,-1.11832902E-04
21,4,2402.08325,2414.89624,2416.03906,-1.11832902E-04
21,5,2402.08325,2416.03906,2418.00024,-1.11832902E-04
21,6,2402.08325,2418.00024,2420.14160,-1.11832902E-04
21,7,2402.08325,2420.14160,2422.03052,-1.11832902E-04
21,8,2402.08325,2422.03052,2423.39185,-1.11832902E-04
21,9,2402.08325,2423.39185,2424.07983,-1.11832902E-04
21,10,2402.08325,2424.07983,2424.04419,-1.11832902E-04
21,11,2402.08325,2424.04419,2423.30249,-1.11832902E-04
21,12,2402.08325,2423.30249,2421.92139,-1.11832902E-04
21,13,2402.08325,2421.92139,2420.00488,-1.11832902E-04
21,14,2402.08325,2420.00488,2417.67285,-1.11832902E-04
21,15,2402.08325,2417.67285,2415.05762,-1.11832902E-04
21,16,2402.08325,2415.05762,2412.29126,-1.11832902E-04
21,17,2402.08325,2412.29126,2409.50000,-1.11832902E-04
21,18,2402.08325,2409.50000,2406.80273,-1.11832902E-04
21,19,2402.08325,2406.80273,2404.30151,-1.11832902E-04
21,20,2402.08325,2404.30151,2402.08325,-1.11832902E-04
22,1,234.973557,129.408783,127.859612,1.58824259E-04
22,2,234.973557,127.859612,132.746277,1.58824259E-04
22,3,234.973557,132.746277,184.377197,1.58824259E-04
22,4,234.973557,184.377197,133.277969,1.58824259E-04
22,5,234.973557,133.277969,104.295967,1.58824259E-04
22,6,234.973557,104.295967,122.457359,1.58824259E-04
22,7,234.973557,122.457359,160.414185,1.58824259E-04
22,8,234.973557,160.414185,191.256866,1.58824259E-04
22,9,234.973557,191.256866,202.800964,1.58824259E-04
22,10,234.973557,202.800964,195.998505,1.58824259E-04
22,11,234.973557,195.998505,178.829391,1.58824259E-04
22,12,234.973557,178.829391,160.660583,1.58824259E-04
22,13,234.973557,160.660583,148.696152,1.58824259E-04
22,14,234.973557,148.696152,146.548065,1.58824259E-04
22,15,234.973557,146.548065,154.344131,1.58824259E-04
22,16,234.973557,154.344131,169.684586,1.58824259E-04
22,17,234.973557,169.684586,188.879028,1.58824259E-04
22,18,234.973557,188.879028,208.081573,1.58824259E-04
22,19,234.973557,208.081573,224.122101,1.58824259E-04
22,20,234.973557,224.122101,234.973557,1.58824259E-04
23,1,3.78044987,1.85504779E-02,0.238120601,3.05438516E-05
23,2,3.78044987,0.238120601,0.428926229,3.05438516E-05
23,3,3.78044987,0.428926229,0.506740749,3.05438516E-05
23,4,3.78044987,0.506740749,0.684998214,3.05438516E-05
23,5,3.78044987,0.684998214,0.468757689,3.05438516E-05
23,6,3.78044987,0.468757689,1.40005708,3.05438516E-05
23,7,3.78044987,1.40005708,1.58885932,3.05438516E-05
23,8,3.78044987,1.58885932,1.65697718,3.05438516E-05
23,9,3.78044987,1.65697718,1.83225870,3.05438516E-05
23,10,3.78044987,1.83225870,2.00537467,3.05438516E-05
23,11,3.78044987,2.00537467,2.00204182,3.05438516E-05
23,12,3.78044987,2.00204182,1.87442970,3.05438516E-05
23,13,3.78044987,1.87442970,1.92474556,3.05438516E-05
23,14,3.78044987,1.92474556,2.43281007,3.05438516E-05
23,15,3.78044987,2.43281007,2.26229739,3.05438516E-05
23,16,3.78044987,2.26229739,3.96820879,3.05438516E-05
23,17,3.78044987,3.96820879,3.36845279,3.05438516E-05
23,18,3.78044987,3.36845279,2.94941640,3.05438516E-05
23,19,3.78044987,2.94941640,3.49805212,3.05438516E-05
23,20,3.78044987,3.49805212,3.78044987,3.05438516E-05
24,1,2449.47876,2402.08325,2397.82202,-6.83564792E-07
24,2,2449.47876,2397.82202,2405.92676,-6.83564792E-07
24,3,2449.47876,2405.92676,2417.94946,-6.83564792E-07
24,4,2449.47876,2417.94946,2431.41577,-6.83564792E-07
24,5,2449.47876,2431.41577,2445.09058,-6.83564792E-07
24,6,2449.47876,2445.09058,2457.25562,-6.83564792E-07
24,7,2449.47876,2457.25562,2467.71875,-6.83564792E-07
24,8,2449.47876,2467.71875,2474.57324,-6.83564792E-07
24,9,2449.47876,2474.57324,2476.34131,-6.83564792E-07
24,10,2449.47876,2476.34131,2476.02319,-6.83564792E-07
24,11,2449.47876,2476.02319,2472.61768,-6.83564792E-07
24,12,2449.47876,2472.61768,2468.69995,-6.83564792E-07
24,13,2449.47876,2468.69995,2462.39990,-6.83564792E-07
24,14,2449.47876,2462.39990,2456.10400,-6.83564792E-07
24,15,2449.47876,2456.10400,2451.34375,-6.83564792E-07
24,16,2449.47876,2451.34375,2449.48975,-6.83564792E-07
24,17,2449.47876,2449.48975,2447.26880,-6.83564792E-07
24,18,2449.47876,2447.26880,2447.73096,-6.83564792E-07
24,19,2449.47876,2447.73096,2448.89404,-6.83564792E-07
24,20,2449.47876,2448.89404,2449.47876,-6.83564792E-07
25,1,192.920395,234.973557,243.291748,9.52248884E-05
25,2,192.920395,243.291748,251.507172,9.52248884E-05
25,3,192.920395,251.507172,253.535034,9.52248884E-05
25,4,192.920395,253.535034,251.498611,9.52248884E-05
25,5,192.920395,251.498611,206.297760,9.52248884E-05
25,6,192.920395,206.297760,191.760681,9.52248884E-05
25,7,192.920395,191.760681,195.492737,9.52248884E-05
25,8,192.920395,195.492737,208.120407,9.52248884E-05
25,9,192.920395,208.120407,223.385437,9.52248884E-05
25,10,192.920395,223.385437,237.364609,9.52248884E-05
25,11,192.920395,237.364609,247.848267,9.52248884E-05
25,12,192.920395,247.848267,253.850433,9.52248884E-05
25,13,192.920395,253.850433,255.226013,9.52248884E-05
25,14,192.920395,255.226013,252.377365,9.52248884E-05
25,15,192.920395,252.377365,246.032028,9.52248884E-05
25,16,192.920395,246.032028,237.078125,9.52248884E-05
25,17,192.920395,237.078125,226.446640,9.52248884E-05
25,18,192.920395,226.446640,215.030121,9.52248884E-05
25,19,192.920395,215.030121,203.629028,9.52248884E-05
25,20,192.920395,203.629028,192.920395,9.52248884E-05
26,1,66.7355652,3.78044987,6.72874737,4.96361718E-05
26,2,66.7355652,6.72874737,10.1513157,4.96361718E-05
26,3,66.7355652,10.1513157,12.8509502,4.96361718E-05
26,4,66.7355652,12.8509502,16.7389622,4.96361718E-05
26,5,66.7355652,16.7389622,19.0487461,4.96361718E-05
26,6,66.7355652,19.0487461,23.0893059,4.96361718E-05
26,7,66.7355652,23.0893059,25.2882710,4.96361718E-05
26,8,66.7355652,25.2882710,29.5025196,4.96361718E-05
26,9,66.7355652,29.5025196,31.4755383,4.96361718E-05
26,10,66.7355652,31.4755383,35.9092827,4.96361718E-05
26,11,66.7355652,35.9092827,37.8273582,4.96361718E-05
26,12,66.7355652,37.8273582,42.6545906,4.96361718E-05
26,13,66.7355652,42.6545906,42.9800529,4.96361718E-05
26,14,66.7355652,42.9800529,50.3698158,4.96361718E-05
26,15,66.7355652,50.3698158,49.3896141,4.96361718E-05
26,16,66.7355652,49.3896141,52.4008141,4.96361718E-05
26,17,66.7355652,52.4008141,62.7434845,4.96361718E-05
26,18,66.7355652,62.7434845,55.8914108,4.96361718E-05
26,19,66.7355652,55.8914108,64.3260803,4.96361718E-05
26,20,66.7355652,64.3260803,66.7355652,4.96361718E-05
27,1,2401.47534,2449.47876,2444.44165,-2.21406954E-04
27,2,2401.47534,2444.44165,2434.87085,-2.21406954E-04
27,3,2401.47534,2434.87085,2430.83984,-2.21406954E-04
27,4,2401.47534,2430.83984,2422.01025,-2.21406954E-04
27,5,2401.47534,2422.01025,2408.52417,-2.21406954E-04
27,6,2401.47534,2408.52417,2393.07422,-2.21406954E-04
27,7,2401.47534,2393.07422,2378.01855,-2.21406954E-04
27,8,2401.47534,2378.01855,2364.75586,-2.21406954E-04
27,9,2401.47534,2364.75586,2353.92676,-2.21406954E-04
27,10,2401.47534,2353.92676,2345.78540,-2.21406954E-04
27,11,2401.47534,2345.78540,2340.45459,-2.21406954E-04
27,12,2401.47534,2340.45459,2338.03076,-2.21406954E-04
27,13,2401.47534,2338.03076,2338.58911,-2.21406954E-04
27,14,2401.47534,2338.58911,2342.11133,-2.21406954E-04
27,15,2401.47534,2342.11133,2348.40869,-2.21406954E-04
27,16,2401.47534,2348.40869,2357.07251,-2.21406954E-04
27,17,2401.47534,2357.07251,2367.46802,-2.21406954E-04
27,18,2401.47534,2367.46802,2378.77002,-2.21406954E-04
27,19,2401.47534,2378.77002,2390.14404,-2.21406954E-04
27,20,2401.47534,2390.14404,2401.47534,-2.21406954E-04
28,1,0.00000000,192.920395,114.384995,-6.01656153E-04
28,2,0.00000000,114.384995,131.051239,-6.01656153E-04
28,3,0.00000000,131.051239,124.691711,-6.01656153E-04
28,4,0.00000000,124.691711,82.1249542,-6.01656153E-04
28,5,0.00000000,82.1249542,0.00000000,-6.01656153E-04
28,6,0.00000000,0.00000000,0.00000000,-6.01656153E-04
28,7,0.00000000,0.00000000,0.00000000,-6.01656153E-04
28,8,0.00000000,0.00000000,0.00000000,-6.01656153E-04
28,9,0.00000000,0.00000000,0.00000000,-6.01656153E-04
28,10,0.00000000,0.00000000,0.00000000,-6.01656153E-04
28,11,0.00000000,0.00000000,0.00000000,-6.01656153E-04
28,12,0.00000000,0.00000000,0.00000000,-6.01656153E-04
28,13,0.00000000,0.00000000,0.00000000,-6.01656153E-04
28,14,0.00000000,0.00000000,0.00000000,-6.01656153E-04
28,15,0.00000000,0.00000000,0.00000000,-6.01656153E-04
28,16,0.00000000,0.00000000,0.00000000,-6.01656153E-04
28,17,0.00000000,0.00000000,0.00000000,-6.01656153E-04
28,18,0.00000000,0.00000000,0.00000000,-6.01656153E-04
28,19,0.00000000,0.00000000,0.00000000,-6.01656153E-04
28,20,0.00000000,0.00000000,0.00000000,-6.01656153E-04
29,1,0.00000000,66.7692108,66.1351624,-9.88097163E-04
29,2,0.00000000,66.1351624,49.0904007,-9.88097163E-04
29,3,0.00000000,49.0904007,31.4457722,-9.88097163E-04
29,4,0.00000000,31.4457722,8.44283867,-9.88097163E-04
29,5,0.00000000,8.44283867,2.92946243,-9.88097163E-04
29,6,0.00000000,2.92946243,0.00000000,-9.88097163E-04
29,7,0.00000000,0.00000000,0.00000000,-9.88097163E-04
29,8,0.00000000,0.00000000,0.00000000,-9.88097163E-04
29,9,0.00000000,0.00000000,0.00000000,-9.88097163E-04
29,10,0.00000000,0.00000000,0.00000000,-9.88097163E-04
29,11,0.00000000,0.00000000,0.00000000,-9.88097163E-04
29,12,0.00000000,0.00000000,0.00000000,-9.88097163E-04
29,13,0.00000000,0.00000000,0.00000000,-9.88097163E-04
29,14,0.00000000,0.00000000,0.00000000,-9.88097163E-04
29,15,0.00000000,0.00000000,0.00000000,-9.88097163E-04
29,16,0.00000000,0.00000000,0.00000000,-9.88097163E-04
29,17,0.00000000,0.00000000,0.00000000,-9.88097163E-04
29,18,0.00000000,0.00000000,0.00000000,-9.88097163E-04
29,19,0.00000000,0.00000000,0.00000000,-9.88097163E-04
29,20,0.00000000,0.00000000,0.00000000,-9.88097163E-04
30,1,2365.87817,2401.47534,2424.35767,4.29329230E-05
30,2,2365.87817,2424.35767,2434.92603,4.29329230E-05
30,3,2365.87817,2434.92603,2410.15894,4.29329230E-05
30,4,2365.87817,2410.15894,2371.31030,4.29329230E-05
30,5,2365.87817,2371.31030,2334.40161,4.29329230E-05
30,6,2365.87817,2334.40161,2306.59741,4.29329230E-05
30,7,2365.87817,2306.59741,2292.90942,4.29329230E-05
30,8,2365.87817,2292.90942,2296.86304,4.29329230E-05
30,9,2365.87817,2296.86304,2317.72729,4.29329230E-05
30,10,2365.87817,2317.72729,2349.51978,4.29329230E-05
30,11,2365.87817,2349.51978,2383.10547,4.29329230E-05
30,12,2365.87817,2383.10547,2409.78101,4.29329230E-05
30,13,2365.87817,2409.78101,2424.20630,4.29329230E-05
30,14,2365.87817,2424.20630,2425.49365,4.29329230E-05
30,15,2365.87817,2425.49365,2416.49585,4.29329230E-05
30,16,2365.87817,2416.49585,2402.04492,4.29329230E-05
30,17,2365.87817,2402.04492,2387.06128,4.29329230E-05
30,18,2365.87817,2387.06128,2375.17749,4.29329230E-05
30,19,2365.87817,2375.17749,2368.13110,4.29329230E-05
30,20,2365.87817,2368.13110,2365.87817,4.29329230E-05
31,1,343.110962,327.902771,327.905823,4.40705844E-05
31,2,343.110962,327.905823,330.342072,4.40705844E-05
31,3,343.110962,330.342072,330.472046,4.40705844E-05
31,4,343.110962,330.472046,331.615265,4.40705844E-05
31,5,343.110962,331.615265,329.595093,4.40705844E-05
31,6,343.110962,329.595093,331.076111,4.40705844E-05
31,7,343.110962,331.076111,335.784302,4.40705844E-05
31,8,343.110962,335.784302,336.788300,4.40705844E-05
31,9,343.110962,336.788300,338.335541,4.40705844E-05
31,10,343.110962,338.335541,340.102661,4.40705844E-05
31,11,343.110962,340.102661,336.500580,4.40705844E-05
31,12,343.110962,336.500580,344.882660,4.40705844E-05
31,13,343.110962,344.882660,334.924500,4.40705844E-05
31,14,343.110962,334.924500,334.267853,4.40705844E-05
31,15,343.110962,334.267853,356.595795,4.40705844E-05
31,16,343.110962,356.595795,350.382080,4.40705844E-05
31,17,343.110962,350.382080,331.293762,4.40705844E-05
31,18,343.110962,331.293762,346.009125,4.40705844E-05
31,19,343.110962,346.009125,349.798096,4.40705844E-05
31,20,343.110962,349.798096,343.110962,4.40705844E-05
32,1,546.622681,2384.72070,2298.83423,7.33484421E-06
32,2,546.622681,2298.83423,1919.05920,7.33484421E-06
32,3,546.622681,1919.05920,1281.80469,7.33484421E-06
32,4,546.622681,1281.80469,646.537231,7.33484421E-06
32,5,546.622681,646.537231,236.641968,7.33484421E-06
32,6,546.622681,236.641968,62.9196320,7.33484421E-06
32,7,546.622681,62.9196320,22.2367325,7.33484421E-06
32,8,546.622681,22.2367325,34.9949379,7.33484421E-06
32,9,546.622681,34.9949379,76.0350647,7.33484421E-06
32,10,546.622681,76.0350647,147.322632,7.33484421E-06
32,11,546.622681,147.322632,253.635651,7.33484421E-06
32,12,546.622681,253.635651,391.762054,7.33484421E-06
32,13,546.622681,391.762054,547.090454,7.33484421E-06
32,14,546.622681,547.090454,695.370667,7.33484421E-06
32,15,546.622681,695.370667,809.143494,7.33484421E-06
32,16,546.622681,809.143494,866.435974,7.33484421E-06
32,17,546.622681,866.435974,857.861450,7.33484421E-06
32,18,546.622681,857.861450,789.017944,7.33484421E-06
32,19,546.622681,789.017944,677.531677,7.33484421E-06
32,20,546.622681,677.531677,546.622681,7.33484421E-06
33,1,370.875336,343.110962,338.262634,8.39024651E-05
33,2,370.875336,338.262634,352.821381,8.39024651E-05
33,3,370.875336,352.821381,344.866425,8.39024651E-05
33,4,370.875336,344.866425,340.730103,8.39024651E-05
33,5,370.875336,340.730103,347.969696,8.39024651E-05
33,6,370.875336,347.969696,358.890625,8.39024651E-05
33,7,370.875336,358.890625,364.968689,8.39024651E-05
33,8,370.875336,364.968689,363.314453,8.39024651E-05
33,9,370.875336,363.314453,356.151031,8.39024651E-05
33,10,370.875336,356.151031,347.504028,8.39024651E-05
33,11,370.875336,347.504028,342.339661,8.39024651E-05
33,12,370.875336,342.339661,340.058075,8.39024651E-05
33,13,370.875336,340.058075,343.172150,8.39024651E-05
33,14,370.875336,343.172150,349.920319,8.39024651E-05
33,15,370.875336,349.920319,357.615631,8.39024651E-05
33,16,370.875336,357.615631,364.466644,8.39024651E-05
33,17,370.875336,364.466644,369.541351,8.39024651E-05
33,18,370.875336,369.541351,372.386261,8.39024651E-05
33,19,370.875336,372.386261,372.797058,8.39024651E-05
33,20,370.875336,372.797058,370.875336,8.39024651E-05
34,1,169.305115,546.622681,519.127258,6.59336774E-06
34,2,169.305115,519.127258,491.949677,6.59336774E-06
34,3,169.305115,491.949677,465.249268,6.59336774E-06
34,4,169.305115,465.249268,439.170166,6.59336774E-06
34,5,169.305115,439.170166,413.841187,6.59336774E-06
34,6,169.305115,413.841187,389.375458,6.59336774E-06
34,7,169.305115,389.375458,365.870880,6.59336774E-06
34,8,169.305115,365.870880,343.410248,6.59336774E-06
34,9,169.305115,343.410248,322.062286,6.59336774E-06
34,10,169.305115,322.062286,301.882263,6.59336774E-06
34,11,169.305115,301.882263,282.913208,6.59336774E-06
34,12,169.305115,282.913208,265.186890,6.59336774E-06
34,13,169.305115,265.186890,248.725250,6.59336774E-06
34,14,169.305115,248.725250,233.541656,6.59336774E-06
34,15,169.305115,233.541656,219.642365,6.59336774E-06
34,16,169.305115,219.642365,207.027924,6.59336774E-06
34,17,169.305115,207.027924,195.694458,6.59336774E-06
34,18,169.305115,195.694458,185.635193,6.59336774E-06
34,19,169.305115,185.635193,176.841675,6.59336774E-06
34,20,169.305115,176.841675,169.305115,6.59336774E-06
35,1,0.00000000,169.305115,159.252213,-4.01782617E-03
35,2,0.00000000,159.252213,148.989319,-4.01782617E-03
35,3,0.00000000,148.989319,136.309387,-4.01782617E-03
35,4,0.00000000,136.309387,142.984543,-4.01782617E-03
35,5,0.00000000,142.984543,84.3190384,-4.01782617E-03
35,6,0.00000000,84.3190384,166.282501,-4.01782617E-03
35,7,0.00000000,166.282501,31.8963871,-4.01782617E-03
35,8,0.00000000,31.8963871,147.886017,-4.01782617E-03
35,9,0.00000000,147.886017,30.6526585,-4.01782617E-03
35,10,0.00000000,30.6526585,54.3117599,-4.01782617E-03
35,11,0.00000000,54.3117599,94.1237106,-4.01782617E-03
35,12,0.00000000,94.1237106,59.3332443,-4.01782617E-03
35,13,0.00000000,59.3332443,30.5191021,-4.01782617E-03
35,14,0.00000000,30.5191021,30.0454311,-4.01782617E-03
35,15,0.00000000,30.0454311,20.8721485,-4.01782617E-03
35,16,0.00000000,20.8721485,11.1088524,-4.01782617E-03
35,17,0.00000000,11.1088524,0.00000000,-4.01782617E-03
35,18,0.00000000,0.00000000,0.00000000,-4.01782617E-03
35,19,0.00000000,0.00000000,0.00000000,-4.01782617E-03
35,20,0.00000000,0.00000000,0.00000000,-4.01782617E-03
36,1,8926.01172,0.00000000,347.153656,8.63927271E-05
36,2,8926.01172,347.153656,1133.57263,8.63927271E-05
36,3,8926.01172,1133.57263,2348.93896,8.63927271E-05
36,4,8926.01172,2348.93896,3890.41943,8.63927271E-05
36,5,8926.01172,3890.41943,5604.40967,8.63927271E-05
36,6,8926.01172,5604.40967,7326.11963,8.63927271E-05
36,7,8926.01172,7326.11963,8909.20312,8.63927271E-05
36,8,8926.01172,8909.20312,10243.3613,8.63927271E-05
36,9,8926.01172,10243.3613,11261.1748,8.63927271E-05
36,10,8926.01172,11261.1748,11936.9053,8.63927271E-05
36,11,8926.01172,11936.9053,12280.2021,8.63927271E-05
36,12,8926.01172,12280.2021,12327.3701,8.63927271E-05
36,13,8926.01172,12327.3701,12132.0908,8.63927271E-05
36,14,8926.01172,12132.0908,11756.9072,8.63927271E-05
36,15,8926.01172,11756.9072,11266.1787,8.63927271E-05
36,16,8926.01172,11266.1787,10720.7695,8.63927271E-05
36,17,8926.01172,10720.7695,10174.4492,8.63927271E-05
36,18,8926.01172,10174.4492,9671.81934,8.63927271E-05
36,19,8926.01172,9671.81934,9247.45898,8.63927271E-05
36,20,8926.01172,9247.45898,8926.01172,8.63927271E-05
37,1,22546.4805,8926.01172,8583.29199,-1.24338968E-03
37,2,22546.4805,8583.29199,8506.29004,-1.24338968E-03
37,3,22546.4805,8506.29004,8699.48926,-1.24338968E-03
37,4,22546.4805,8699.48926,9143.02246,-1.24338968E-03
37,5,22546.4805,9143.02246,9800.78320,-1.24338968E-03
37,6,22546.4805,9800.78320,10627.9941,-1.24338968E-03
37,7,22546.4805,10627.9941,11577.5244,-1.24338968E-03
37,8,22546.4805,11577.5244,12604.6025,-1.24338968E-03
37,9,22546.4805,12604.6025,13669.8848,-1.24338968E-03
37,10,22546.4805,13669.8848,14741.0020,-1.24338968E-03
37,11,22546.4805,14741.0020,15792.9033,-1.24338968E-03
37,12,22546.4805,15792.9033,16807.2520,-1.24338968E-03
37,13,22546.4805,16807.2520,17771.2363,-1.24338968E-03
37,14,22546.4805,17771.2363,18676.0742,-1.24338968E-03
37,15,22546.4805,18676.0742,19515.4727,-1.24338968E-03
37,16,22546.4805,19515.4727,20284.2734,-1.24338968E-03
37,17,22546.4805,20284.2734,20977.4707,-1.24338968E-03
37,18,22546.4805,20977.4707,21589.6172,-1.24338968E-03
37,19,22546.4805,21589.6172,22114.7129,-1.24338968E-03
37,20,22546.4805,22114.7129,22546.4805,-1.24338968E-03
38,1,20732.7285,22546.4805,23173.7363,2.46034815E-05
38,2,20732.7285,23173.7363,23472.1445,2.46034815E-05
38,3,20732.7285,23472.1445,23429.1094,2.46034815E-05
38,4,20732.7285,23429.1094,23059.6621,2.46034815E-05
38,5,20732.7285,23059.6621,22410.5391,2.46034815E-05
38,6,20732.7285,22410.5391,21554.2578,2.46034815E-05
38,7,20732.7285,21554.2578,20577.0020,2.46034815E-05
38,8,20732.7285,20577.0020,19565.2949,2.46034815E-05
38,9,20732.7285,19565.2949,18595.1094,2.46034815E-05
38,10,20732.7285,18595.1094,17725.6641,2.46034815E-05
38,11,20732.7285,17725.6641,16998.8789,2.46034815E-05
38,12,20732.7285,16998.8789,16443.2969,2.46034815E-05
38,13,20732.7285,16443.2969,16080.3340,2.46034815E-05
38,14,20732.7285,16080.3340,15930.2129,2.46034815E-05
38,15,20732.7285,15930.2129,16015.6738,2.46034815E-05
38,16,20732.7285,16015.6738,16362.2773,2.46034815E-05
38,17,20732.7285,16362.2773,16995.2598,2.46034815E-05
38,18,20732.7285,16995.2598,17933.7559,2.46034815E-05
38,19,20732.7285,17933.7559,19183.9160,2.46034815E-05
38,20,20732.7285,19183.9160,20732.7285,2.46034815E-05
39,1,38453.8086,20732.7285,22114.4609,4.07340508E-08
39,2,38453.8086,22114.4609,23619.6387,4.07340508E-08
39,3,38453.8086,23619.6387,25210.6777,4.07340508E-08
39,4,38453.8086,25210.6777,26845.9863,4.07340508E-08
39,5,38453.8086,26845.9863,28483.2363,4.07340508E-08
39,6,38453.8086,28483.2363,30081.3457,4.07340508E-08
39,7,38453.8086,30081.3457,31601.8047,4.07340508E-08
39,8,38453.8086,31601.8047,33010.0781,4.07340508E-08
39,9,38453.8086,33010.0781,34277.2031,4.07340508E-08
39,10,38453.8086,34277.2031,35381.4336,4.07340508E-08
39,11,38453.8086,35381.4336,36309.3164,4.07340508E-08
39,12,38453.8086,36309.3164,37056.2031,4.07340508E-08
39,13,38453.8086,37056.2031,37626.0508,4.07340508E-08
39,14,38453.8086,37626.0508,38030.7227,4.07340508E-08
39,15,38453.8086,38030.7227,38289.0156,4.07340508E-08
39,16,38453.8086,38289.0156,38425.7969,4.07340508E-08
39,17,38453.8086,38425.7969,38471.3672,4.07340508E-08
39,18,38453.8086,38471.3672,38461.6211,4.07340508E-08
39,19,38453.8086,38461.6211,38438.8945,4.07340508E-08
39,20,38453.8086,38438.8945,38453.8086,4.07340508E-08
40,1,44792.6914,38453.8086,38639.9922,2.27440558E-02
40,2,44792.6914,38639.9922,38833.4180,2.27440558E-02
40,3,44792.6914,38833.4180,39034.8320,2.27440558E-02
40,4,44792.6914,39034.8320,39244.8398,2.27440558E-02
40,5,44792.6914,39244.8398,39463.9648,2.27440558E-02
40,6,44792.6914,39463.9648,39692.7344,2.27440558E-02
40,7,44792.6914,39692.7344,39931.7656,2.27440558E-02
40,8,44792.6914,39931.7656,40181.8594,2.27440558E-02
40,9,44792.6914,40181.8594,40444.0781,2.27440558E-02
40,10,44792.6914,40444.0781,40719.8047,2.27440558E-02
40,11,44792.6914,40719.8047,41010.7930,2.27440558E-02
40,12,44792.6914,41010.7930,41319.1719,2.27440558E-02
40,13,44792.6914,41319.1719,41647.4688,2.27440558E-02
40,14,44792.6914,41647.4688,41998.5938,2.27440558E-02
40,15,44792.6914,41998.5938,42375.8398,2.27440558E-02
40,16,44792.6914,42375.8398,42782.8438,2.27440558E-02
40,17,44792.6914,42782.8438,43223.5820,2.27440558E-02
40,18,44792.6914,43223.5820,43702.3516,2.27440558E-02
40,19,44792.6914,43702.3516,44223.7500,2.27440558E-02
40,20,44792.6914,44223.7500,44792.6914,2.27440558E-02
41,1,71603.0312,44792.6914,45218.5742,-2.24787277E-06
41,2,71603.0312,45218.5742,45697.0117,-2.24787277E-06
41,3,71603.0312,45697.0117,46233.5273,-2.24787277E-06
41,4,71603.0312,46233.5273,46834.0859,-2.24787277E-06
41,5,71603.0312,46834.0859,47505.1211,-2.24787277E-06
41,6,71603.0312,47505.1211,48253.5273,-2.24787277E-06
41,7,71603.0312,48253.5273,49086.5625,-2.24787277E-06
41,8,71603.0312,49086.5625,50011.8789,-2.24787277E-06
41,9,71603.0312,50011.8789,51037.4961,-2.24787277E-06
41,10,71603.0312,51037.4961,52171.7852,-2.24787277E-06
41,11,71603.0312,52171.7852,53423.4805,-2.24787277E-06
41,12,71603.0312,53423.4805,54801.6641,-2.24787277E-06
41,13,71603.0312,54801.6641,56315.8008,-2.24787277E-06
41,14,71603.0312,56315.8008,57975.7695,-2.24787277E-06
41,15,71603.0312,57975.7695,59791.8398,-2.24787277E-06
41,16,71603.0312,59791.8398,61774.7227,-2.24787277E-06
41,17,71603.0312,61774.7227,63935.5469,-2.24787277E-06
41,18,71603.0312,63935.5469,66285.8516,-2.24787277E-06
41,19,71603.0312,66285.8516,68837.5859,-2.24787277E-06
41,20,71603.0312,68837.5859,71603.0312,-2.24787277E-06
42,1,119887.711,71603.0312,73225.8672,1.20323326E-03
42,2,119887.711,73225.8672,74919.2969,1.20323326E-03
42,3,119887.711,74919.2969,76685.4609,1.20323326E-03
42,4,119887.711,76685.4609,78526.4844,1.20323326E-03
42,5,119887.711,78526.4844,80444.5312,1.20323326E-03
42,6,119887.711,80444.5312,82441.7578,1.20323326E-03
42,7,119887.711,82441.7578,84520.3359,1.20323326E-03
42,8,119887.711,84520.3359,86682.3906,1.20323326E-03
42,9,119887.711,86682.3906,88930.0703,1.20323326E-03
42,10,119887.711,88930.0703,91265.4922,1.20323326E-03
42,11,119887.711,91265.4922,93690.7578,1.20323326E-03
42,12,119887.711,93690.7578,96207.9219,1.20323326E-03
42,13,119887.711,96207.9219,98819.0078,1.20323326E-03
42,14,119887.711,98819.0078,101526.016,1.20323326E-03
42,15,119887.711,101526.016,104330.898,1.20323326E-03
42,16,119887.711,104330.898,107235.555,1.20323326E-03
42,17,119887.711,107235.555,110241.812,1.20323326E-03
42,18,119887.711,110241.812,113351.461,1.20323326E-03
42,19,119887.711,113351.461,116566.211,1.20323326E-03
42,20,119887.711,116566.211,119887.711,1.20323326E-03
43,1,1576596.88,119887.711,143514.250,-4.11630890E-06
43,2,1576596.88,143514.250,171486.000,-4.11630890E-06
43,3,1576596.88,171486.000,203942.344,-4.11630890E-06
43,4,1576596.88,203942.344,240975.578,-4.11630890E-06
43,5,1576596.88,240975.578,282671.406,-4.11630890E-06
43,6,1576596.88,282671.406,329145.750,-4.11630890E-06
43,7,1576596.88,329145.750,380569.781,-4.11630890E-06
43,8,1576596.88,380569.781,437177.188,-4.11630890E-06
43,9,1576596.88,437177.188,499253.719,-4.11630890E-06
43,10,1576596.88,499253.719,567110.750,-4.11630890E-06
43,11,1576596.88,567110.750,641047.938,-4.11630890E-06
43,12,1576596.88,641047.938,721310.312,-4.11630890E-06
43,13,1576596.88,721310.312,808047.438,-4.11630890E-06
43,14,1576596.88,808047.438,901276.875,-4.11630890E-06
43,15,1576596.88,901276.875,1000857.00,-4.11630890E-06
43,16,1576596.88,1000857.00,1106469.75,-4.11630890E-06
43,17,1576596.88,1106469.75,1217613.12,-4.11630890E-06
43,18,1576596.88,1217613.12,1333606.62,-4.11630890E-06
43,19,1576596.88,1333606.62,1453600.75,-4.11630890E-06
43,20,1576596.88,1453600.75,1576596.88,-4.11630890E-06
44,1,2092719.62,1576596.88,1602160.75,-2.00451235E-03
44,2,2092719.62,1602160.75,1627815.38,-2.00451235E-03
44,3,2092719.62,1627815.38,1653550.50,-2.00451235E-03
44,4,2092719.62,1653550.50,1679355.88,-2.00451235E-03
44,5,2092719.62,1679355.88,1705220.62,-2.00451235E-03
44,6,2092719.62,1705220.62,1731134.25,-2.00451235E-03
44,7,2092719.62,1731134.25,1757085.62,-2.00451235E-03
44,8,2092719.62,1757085.62,1783064.12,-2.00451235E-03
44,9,2092719.62,1783064.12,1809058.62,-2.00451235E-03
44,10,2092719.62,1809058.62,1835057.12,-2.00451235E-03
44,11,2092719.62,1835057.12,1861048.62,-2.00451235E-03
44,12,2092719.62,1861048.62,1887021.38,-2.00451235E-03
44,13,2092719.62,1887021.38,1912964.12,-2.00451235E-03
44,14,2092719.62,1912964.12,1938864.50,-2.00451235E-03
44,15,2092719.62,1938864.50,1964711.12,-2.00451235E-03
44,16,2092719.62,1964711.12,1990492.12,-2.00451235E-03
44,17,2092719.62,1990492.12,2016195.38,-2.00451235E-03
44,18,2092719.62,2016195.38,2041809.00,-2.00451235E-03
44,19,2092719.62,2041809.00,2067321.12,-2.00451235E-03
44,20,2092719.62,2067321.12,2092719.62,-2.00451235E-03
45,1,2969979.50,2092719.62,2155074.25,1.36774506E-05
45,2,2969979.50,2155074.25,2216441.50,1.36774506E-05
45,3,2969979.50,2216441.50,2276640.50,1.36774506E-05
45,4,2969979.50,2276640.50,2335493.00,1.36774506E-05
45,5,2969979.50,2335493.00,2392824.00,1.36774506E-05
45,6,2969979.50,2392824.00,2448463.00,1.36774506E-05
45,7,2969979.50,2448463.00,2502244.50,1.36774506E-05
45,8,2969979.50,2502244.50,2554008.00,1.36774506E-05
45,9,2969979.50,2554008.00,2603600.25,1.36774506E-05
45,10,2969979.50,2603600.25,2650875.00,1.36774506E-05
45,11,2969979.50,2650875.00,2695692.25,1.36774506E-05
45,12,2969979.50,2695692.25,2737922.25,1.36774506E-05
45,13,2969979.50,2737922.25,2777442.75,1.36774506E-05
45,14,2969979.50,2777442.75,2814141.00,1.36774506E-05
45,15,2969979.50,2814141.00,2847913.50,1.36774506E-05
45,16,2969979.50,2847913.50,2878667.00,1.36774506E-05
45,17,2969979.50,2878667.00,2906318.50,1.36774506E-05
45,18,2969979.50,2906318.50,2930794.25,1.36774506E-05
45,19,2969979.50,2930794.25,2952031.75,1.36774506E-05
45,20,2969979.50,2952031.75,2969979.50,1.36774506E-05
46,1,3005571.00,2969979.50,2974703.50,2.87570771E-07
46,2,3005571.00,2974703.50,2979120.50,2.87570771E-07
46,3,3005571.00,2979120.50,2983229.75,2.87570771E-07
46,4,3005571.00,2983229.75,2987030.00,2.87570771E-07
46,5,3005571.00,2987030.00,2990520.50,2.87570771E-07
46,6,3005571.00,2990520.50,2993701.25,2.87570771E-07
46,7,3005571.00,2993701.25,2996571.25,2.87570771E-07
46,8,3005571.00,2996571.25,2999130.50,2.87570771E-07
46,9,3005571.00,2999130.50,3001378.50,2.87570771E-07
46,10,3005571.00,3001378.50,3003315.50,2.87570771E-07
46,11,3005571.00,3003315.50,3004941.00,2.87570771E-07
46,12,3005571.00,3004941.00,3006254.50,2.87570771E-07
46,13,3005571.00,3006254.50,3007256.25,2.87570771E-07
46,14,3005571.00,3007256.25,3007946.75,2.87570771E-07
46,15,3005571.00,3007946.75,3008326.00,2.87570771E-07
46,16,3005571.00,3008326.00,3008394.50,2.87570771E-07
46,17,3005571.00,3008394.50,3008152.50,2.87570771E-07
46,18,3005571.00,3008152.50,3007601.00,2.87570771E-07
46,19,3005571.00,3007601.00,3006740.50,2.87570771E-07
46,20,3005571.00,3006740.50,3005571.00,2.87570771E-07
47,1,3006858.50,3006880.50,3006883.00,8.21938957E-05
47,2,3006858.50,3006883.00,3006889.25,8.21938957E-05
47,3,3006858.50,3006889.25,3006884.25,8.21938957E-05
47,4,3006858.50,3006884.25,3006892.75,8.21938957E-05
47,5,3006858.50,3006892.75,3006888.25,8.21938957E-05
47,6,3006858.50,3006888.25,3006902.25,8.21938957E-05
47,7,3006858.50,3006902.25,3006879.00,8.21938957E-05
47,8,3006858.50,3006879.00,3006910.00,8.21938957E-05
47,9,3006858.50,3006910.00,3006877.75,8.21938957E-05
47,10,3006858.50,3006877.75,3006887.75,8.21938957E-05
47,11,3006858.50,3006887.75,3006899.75,8.21938957E-05
47,12,3006858.50,3006899.75,3006879.00,8.21938957E-05
47,13,3006858.50,3006879.00,3006861.25,8.21938957E-05
47,14,3006858.50,3006861.25,3006877.75,8.21938957E-05
47,15,3006858.50,3006877.75,3006906.25,8.21938957E-05
47,16,3006858.50,3006906.25,3006898.25,8.21938957E-05
47,17,3006858.50,3006898.25,3006859.00,8.21938957E-05
47,18,3006858.50,3006859.00,3006852.50,8.21938957E-05
47,19,3006858.50,3006852.50,3006850.50,8.21938957E-05
47,20,3006858.50,3006850.50,3006858.50,8.21938957E-05
48,1,3006834.00,3006858.50,3006869.00,2.68786564E-04
48,2,3006834.00,3006869.00,3006838.50,2.68786564E-04
48,3,3006834.00,3006838.50,3006829.50,2.68786564E-04
48,4,3006834.00,3006829.50,3006832.25,2.68786564E-04
48,5,3006834.00,3006832.25,3006835.50,2.68786564E-04
48,6,3006834.00,3006835.50,3006842.50,2.68786564E-04
48,7,3006834.00,3006842.50,3006846.75,2.68786564E-04
48,8,3006834.00,3006846.75,3006830.00,2.68786564E-04
48,9,3006834.00,3006830.00,3006786.75,2.68786564E-04
48,10,3006834.00,3006786.75,3006811.50,2.68786564E-04
48,11,3006834.00,3006811.50,3006769.25,2.68786564E-04
48,12,3006834.00,3006769.25,3006796.75,2.68786564E-04
48,13,3006834.00,3006796.75,3006809.50,2.68786564E-04
48,14,3006834.00,3006809.50,3006721.50,2.68786564E-04
48,15,3006834.00,3006721.50,3006879.00,2.68786564E-04
48,16,3006834.00,3006879.00,3006664.00,2.68786564E-04
48,17,3006834.00,3006664.00,3006768.25,2.68786564E-04
48,18,3006834.00,3006768.25,3006500.75,2.68786564E-04
48,19,3006834.00,3006500.75,3006972.25,2.68786564E-04
48,20,3006834.00,3006972.25,3006834.00,2.68786564E-04
49,1,3006044.50,3006834.00,3006170.00,3.30251083E-07
49,2,3006044.50,3006170.00,3006811.25,3.30251083E-07
49,3,3006044.50,3006811.25,3006984.25,3.30251083E-07
49,4,3006044.50,3006984.25,3006507.75,3.30251083E-07
49,5,3006044.50,3006507.75,3006336.75,3.30251083E-07
49,6,3006044.50,3006336.75,3007114.00,3.30251083E-07
49,7,3006044.50,3007114.00,3006919.25,3.30251083E-07
49,8,3006044.50,3006919.25,3006493.00,3.30251083E-07
49,9,3006044.50,3006493.00,3006212.50,3.30251083E-07
49,10,3006044.50,3006212.50,3006366.75,3.30251083E-07
49,11,3006044.50,3006366.75,3006192.25,3.30251083E-07
49,12,3006044.50,3006192.25,3007456.00,3.30251083E-07
49,13,3006044.50,3007456.00,3006992.75,3.30251083E-07
49,14,3006044.50,3006992.75,3006146.50,3.30251083E-07
49,15,3006044.50,3006146.50,3006353.50,3.30251083E-07
49,16,3006044.50,3006353.50,3006731.00,3.30251083E-07
49,17,3006044.50,3006731.00,3006823.25,3.30251083E-07
49,18,3006044.50,3006823.25,3006659.25,3.30251083E-07
49,19,3006044.50,3006659.25,3006244.75,3.30251083E-07
49,20,3006044.50,3006244.75,3006044.50,3.30251083E-07
50,1,3015140.50,3006415.50,3007278.75,1.74765121E-02
50,2,3015140.50,3007278.75,3008017.00,1.74765121E-02
50,3,3015140.50,3008017.00,3007723.75,1.74765121E-02
50,4,3015140.50,3007723.75,3007297.00,1.74765121E-02
50,5,3015140.50,3007297.00,3007848.50,1.74765121E-02
50,6,3015140.50,3007848.50,3008531.75,1.74765121E-02
50,7,3015140.50,3008531.75,3008599.75,1.74765121E-02
50,8,3015140.50,3008599.75,3008606.00,1.74765121E-02
50,9,3015140.50,3008606.00,3009816.00,1.74765121E-02
50,10,3015140.50,3009816.00,3009910.00,1.74765121E-02
50,11,3015140.50,3009910.00,3010725.00,1.74765121E-02
50,12,3015140.50,3010725.00,3008685.25,1.74765121E-02
50,13,3015140.50,3008685.25,3009718.50,1.74765121E-02
50,14,3015140.50,3009718.50,3010976.00,1.74765121E-02
50,15,3015140.50,3010976.00,3010734.50,1.74765121E-02
50,16,3015140.50,3010734.50,3011568.50,1.74765121E-02
50,17,3015140.50,3011568.50,3010965.00,1.74765121E-02
50,18,3015140.50,3010965.00,3011861.00,1.74765121E-02
50,19,3015140.50,3011861.00,3010115.00,1.74765121E-02
50,20,3015140.50,3010115.00,3015140.50,1.74765121E-02
51,1,3014476.50,3015140.50,3011266.50,1.51973858E-03
51,2,3014476.50,3011266.50,3012010.00,1.51973858E-03
51,3,3014476.50,3012010.00,3010513.75,1.51973858E-03
51,4,3014476.50,3010513.75,3011394.00,1.51973858E-03
51,5,3014476.50,3011394.00,3014135.00,1.51973858E-03
51,6,3014476.50,3014135.00,3013177.75,1.51973858E-03
51,7,3014476.50,3013177.75,3011607.75,1.51973858E-03
51,8,3014476.50,3011607.75,3012126.50,1.51973858E-03
51,9,3014476.50,3012126.50,3013344.00,1.51973858E-03
51,10,3014476.50,3013344.00,3011867.00,1.51973858E-03
51,11,3014476.50,3011867.00,3010522.75,1.51973858E-03
51,12,3014476.50,3010522.75,3012607.00,1.51973858E-03
51,13,3014476.50,3012607.00,3012868.00,1.51973858E-03
51,14,3014476.50,3012868.00,3011601.75,1.51973858E-03
51,15,3014476.50,3011601.75,3014012.25,1.51973858E-03
51,16,3014476.50,3014012.25,3014839.25,1.51973858E-03
51,17,3014476.50,3014839.25,3010715.50,1.51973858E-03
51,18,3014476.50,3010715.50,3010259.50,1.51973858E-03
51,19,3014476.50,3010259.50,3014625.00,1.51973858E-03
51,20,3014476.50,3014625.00,3014476.50,1.51973858E-03
52,1,3008200.50,3014476.50,3009537.75,-5.05729998E-03
52,2,3008200.50,3009537.75,3011118.00,-5.05729998E-03
52,3,3008200.50,3011118.00,3014254.25,-5.05729998E-03
52,4,3008200.50,3014254.25,3011661.00,-5.05729998E-03
52,5,3008200.50,3011661.00,3009514.25,-5.05729998E-03
52,6,3008200.50,3009514.25,3013146.50,-5.05729998E-03
52,7,3008200.50,3013146.50,3012898.00,-5.05729998E-03
52,8,3008200.50,3012898.00,3009038.50,-5.05729998E-03
52,9,3008200.50,3009038.50,3008999.25,-5.05729998E-03
52,10,3008200.50,3008999.25,3013018.50,-5.05729998E-03
52,11,3008200.50,3013018.50,3011995.25,-5.05729998E-03
52,12,3008200.50,3011995.25,3006959.00,-5.05729998E-03
52,13,3008200.50,3006959.00,3007849.00,-5.05729998E-03
52,14,3008200.50,3007849.00,3011964.75,-5.05729998E-03
52,15,3008200.50,3011964.75,3012685.25,-5.05729998E-03
52,16,3008200.50,3012685.25,3010111.25,-5.05729998E-03
52,17,3008200.50,3010111.25,3007560.75,-5.05729998E-03
52,18,3008200.50,3007560.75,3008712.75,-5.05729998E-03
52,19,3008200.50,3008712.75,3008487.00,-5.05729998E-03
52,20,3008200.50,3008487.00,3008200.50,-5.05729998E-03
53,1,2999780.00,3008200.50,3008133.50,-3.36702317E-02
53,2,2999780.00,3008133.50,3007996.00,-3.36702317E-02
53,3,2999780.00,3007996.00,3008032.75,-3.36702317E-02
53,4,2999780.00,3008032.75,3007745.50,-3.36702317E-02
53,5,2999780.00,3007745.50,3006722.75,-3.36702317E-02
53,6,2999780.00,3006722.75,3010768.50,-3.36702317E-02
53,7,2999780.00,3010768.50,3007165.25,-3.36702317E-02
53,8,2999780.00,3007165.25,3004204.25,-3.36702317E-02
53,9,2999780.00,3004204.25,3004232.75,-3.36702317E-02
53,10,2999780.00,3004232.75,3006290.50,-3.36702317E-02
53,11,2999780.00,3006290.50,3008764.25,-3.36702317E-02
53,12,2999780.00,3008764.25,3010459.75,-3.36702317E-02
53,13,2999780.00,3010459.75,3010885.00,-3.36702317E-02
53,14,2999780.00,3010885.00,3008023.75,-3.36702317E-02
53,15,2999780.00,3008023.75,3008661.50,-3.36702317E-02
53,16,2999780.00,3008661.50,3010890.00,-3.36702317E-02
53,17,2999780.00,3010890.00,3009417.50,-3.36702317E-02
53,18,2999780.00,3009417.50,3005445.75,-3.36702317E-02
53,19,2999780.00,3005445.75,3001595.25,-3.36702317E-02
53,20,2999780.00,3001595.25,2999780.00,-3.36702317E-02
54,1,3000666.50,2999780.00,3008421.50,-1.28035841E-03
54,2,3000666.50,3008421.50,3017447.75,-1.28035841E-03
54,3,3000666.50,3017447.75,3016021.00,-1.28035841E-03
54,4,3000666.50,3016021.00,2994072.00,-1.28035841E-03
54,5,3000666.50,2994072.00,2991571.00,-1.28035841E-03
54,6,3000666.50,2991571.00,3008212.75,-1.28035841E-03
54,7,3000666.50,3008212.75,3021099.50,-1.28035841E-03
54,8,3000666.50,3021099.50,3018320.25,-1.28035841E-03
54,9,3000666.50,3018320.25,3005623.75,-1.28035841E-03
54,10,3000666.50,3005623.75,2995118.75,-1.28035841E-03
54,11,3000666.50,2995118.75,2993998.25,-1.28035841E-03
54,12,3000666.50,2993998.25,3001004.75,-1.28035841E-03
54,13,3000666.50,3001004.75,3010081.50,-1.28035841E-03
54,14,3000666.50,3010081.50,3016197.00,-1.28035841E-03
54,15,3000666.50,3016197.00,3015052.00,-1.28035841E-03
54,16,3000666.50,3015052.00,3009226.50,-1.28035841E-03
54,17,3000666.50,3009226.50,3002953.75,-1.28035841E-03
54,18,3000666.50,3002953.75,2998884.25,-1.28035841E-03
54,19,3000666.50,2998884.25,2998169.00,-1.28035841E-03
54,20,3000666.50,2998169.00,3000666.50,-1.28035841E-03
55,1,3008663.75,3000666.50,3004262.25,-3.72172636E-03
55,2,3008663.75,3004262.25,3008183.00,-3.72172636E-03
55,3,3008663.75,3008183.00,3010969.50,-3.72172636E-03
55,4,3008663.75,3010969.50,3011941.00,-3.72172636E-03
55,5,3008663.75,3011941.00,3010828.25,-3.72172636E-03
55,6,3008663.75,3010828.25,3008286.50,-3.72172636E-03
55,7,3008663.75,3008286.50,3004974.25,-3.72172636E-03
55,8,3008663.75,3004974.25,3001482.75,-3.72172636E-03
55,9,3008663.75,3001482.75,2998785.00,-3.72172636E-03
55,10,3008663.75,2998785.00,2997774.50,-3.72172636E-03
55,11,3008663.75,2997774.50,2998794.50,-3.72172636E-03
55,12,3008663.75,2998794.50,3001448.25,-3.72172636E-03
55,13,3008663.75,3001448.25,3004969.50,-3.72172636E-03
55,14,3008663.75,3004969.50,3008657.25,-3.72172636E-03
55,15,3008663.75,3008657.25,3011700.75,-3.72172636E-03
55,16,3008663.75,3011700.75,3013506.00,-3.72172636E-03
55,17,3008663.75,3013506.00,3013890.00,-3.72172636E-03
55,18,3008663.75,3013890.00,3013009.75,-3.72172636E-03
55,19,3008663.75,3013009.75,3011162.25,-3.72172636E-03
55,20,3008663.75,3011162.25,3008663.75,-3.72172636E-03
56,1,3006660.00,3008663.75,3004927.75,-5.16115688E-04
56,2,3006660.00,3004927.75,3001354.00,-5.16115688E-04
56,3,3006660.00,3001354.00,2998792.00,-5.16115688E-04
56,4,3006660.00,2998792.00,2997794.00,-5.16115688E-04
56,5,3006660.00,2997794.00,2998832.50,-5.16115688E-04
56,6,3006660.00,2998832.50,3001486.00,-5.16115688E-04
56,7,3006660.00,3001486.00,3004371.50,-5.16115688E-04
56,8,3006660.00,3004371.50,3007146.50,-5.16115688E-04
56,9,3006660.00,3007146.50,3009225.00,-5.16115688E-04
56,10,3006660.00,3009225.00,3009909.25,-5.16115688E-04
56,11,3006660.00,3009909.25,3008240.25,-5.16115688E-04
56,12,3006660.00,3008240.25,3007466.00,-5.16115688E-04
56,13,3006660.00,3007466.00,3003093.50,-5.16115688E-04
56,14,3006660.00,3003093.50,3004050.50,-5.16115688E-04
56,15,3006660.00,3004050.50,2998842.25,-5.16115688E-04
56,16,3006660.00,2998842.25,3001454.50,-5.16115688E-04
56,17,3006660.00,3001454.50,3000611.50,-5.16115688E-04
56,18,3006660.00,3000611.50,2997943.50,-5.16115688E-04
56,19,3006660.00,2997943.50,3001110.25,-5.16115688E-04
56,20,3006660.00,3001110.25,3006660.00,-5.16115688E-04
57,1,3006760.25,3006660.00,3008005.50,-2.79041228E-06
57,2,3006760.25,3008005.50,3007619.75,-2.79041228E-06
57,3,3006760.25,3007619.75,3009993.25,-2.79041228E-06
57,4,3006760.25,3009993.25,3012043.00,-2.79041228E-06
57,5,3006760.25,3012043.00,3010735.00,-2.79041228E-06
57,6,3006760.25,3010735.00,3007624.50,-2.79041228E-06
57,7,3006760.25,3007624.50,3007187.25,-2.79041228E-06
57,8,3006760.25,3007187.25,3006238.00,-2.79041228E-06
57,9,3006760.25,3006238.00,3002972.75,-2.79041228E-06
57,10,3006760.25,3002972.75,2999472.75,-2.79041228E-06
57,11,3006760.25,2999472.75,2995970.25,-2.79041228E-06
57,12,3006760.25,2995970.25,2997097.50,-2.79041228E-06
57,13,3006760.25,2997097.50,3000546.00,-2.79041228E-06
57,14,3006760.25,3000546.00,3001996.75,-2.79041228E-06
57,15,3006760.25,3001996.75,3001986.75,-2.79041228E-06
57,16,3006760.25,3001986.75,3003673.50,-2.79041228E-06
57,17,3006760.25,3003673.50,3007184.50,-2.79041228E-06
57,18,3006760.25,3007184.50,3009504.25,-2.79041228E-06
57,19,3006760.25,3009504.25,3008902.75,-2.79041228E-06
57,20,3006760.25,3008902.75,3006760.25,-2.79041228E-06
58,1,2982682.75,3006760.25,3001952.00,-3.32304202E-02
58,2,2982682.75,3001952.00,3001913.25,-3.32304202E-02
58,3,2982682.75,3001913.25,3000759.50,-3.32304202E-02
58,4,2982682.75,3000759.50,3000947.50,-3.32304202E-02
58,5,2982682.75,3000947.50,3001595.50,-3.32304202E-02
58,6,2982682.75,3001595.50,2998479.25,-3.32304202E-02
58,7,2982682.75,2998479.25,2994867.75,-3.32304202E-02
58,8,2982682.75,2994867.75,2993702.00,-3.32304202E-02
58,9,2982682.75,2993702.00,2994111.75,-3.32304202E-02
58,10,2982682.75,2994111.75,2998989.25,-3.32304202E-02
58,11,2982682.75,2998989.25,2998320.75,-3.32304202E-02
58,12,2982682.75,2998320.75,2988882.50,-3.32304202E-02
58,13,2982682.75,2988882.50,2985998.50,-3.32304202E-02
58,14,2982682.75,2985998.50,2986192.00,-3.32304202E-02
58,15,2982682.75,2986192.00,2990526.25,-3.32304202E-02
58,16,2982682.75,2990526.25,2997943.75,-3.32304202E-02
58,17,2982682.75,2997943.75,2988255.50,-3.32304202E-02
58,18,2982682.75,2988255.50,2978058.25,-3.32304202E-02
58,19,2982682.75,2978058.25,2981500.00,-3.32304202E-02
58,20,2982682.75,2981500.00,2982682.75,-3.32304202E-02
