i,k,old_q,old_q_ch_in,old_q_ch_out,qlat_ch_old
1,1,60.4663849,0.00000000,3.05233216,7.02701218E-05
1,2,60.4663849,3.05233216,6.10326004,7.02701218E-05
1,3,60.4663849,6.10326004,9.16229439,7.02701218E-05
1,4,60.4663849,9.16229439,12.1980324,7.02701218E-05
1,5,60.4663849,12.1980324,15.2596512,7.02701218E-05
1,6,60.4663849,15.2596512,18.3593426,7.02701218E-05
1,7,60.4663849,18.3593426,21.2794361,7.02701218E-05
1,8,60.4663849,21.2794361,24.5138588,7.02701218E-05
1,9,60.4663849,24.5138588,27.3302822,7.02701218E-05
1,10,60.4663849,27.3302822,30.6837196,7.02701218E-05
1,11,60.4663849,30.6837196,33.5940971,7.02701218E-05
1,12,60.4663849,33.5940971,36.4980278,7.02701218E-05
1,13,60.4663849,36.4980278,39.4964180,7.02701218E-05
1,14,60.4663849,39.4964180,43.0562325,7.02701218E-05
1,15,60.4663849,43.0562325,45.9382591,7.02701218E-05
1,16,60.4663849,45.9382591,48.2972641,7.02701218E-05
1,17,60.4663849,48.2972641,52.0648499,7.02701218E-05
1,18,60.4663849,52.0648499,55.7399559,7.02701218E-05
1,19,60.4663849,55.7399559,56.9728928,7.02701218E-05
1,20,60.4663849,56.9728928,60.4663849,7.02701218E-05
2,1,15.2708530,0.00000000,0.769329071,3.10370815E-05
2,2,15.2708530,0.769329071,1.55834103,3.10370815E-05
2,3,15.2708530,1.55834103,2.24721217,3.10370815E-05
2,4,15.2708530,2.24721217,3.13565350,3.10370815E-05
2,5,15.2708530,3.13565350,3.89108133,3.10370815E-05
2,6,15.2708530,3.89108133,4.57663441,3.10370815E-05
2,7,15.2708530,4.57663441,5.34249973,3.10370815E-05
2,8,15.2708530,5.34249973,6.16852379,3.10370815E-05
2,9,15.2708530,6.16852379,7.00950527,3.10370815E-05
2,10,15.2708530,7.00950527,7.67508507,3.10370815E-05
2,11,15.2708530,7.67508507,8.47226715,3.10370815E-05
2,12,15.2708530,8.47226715,9.19505024,3.10370815E-05
2,13,15.2708530,9.19505024,9.95365334,3.10370815E-05
2,14,15.2708530,9.95365334,10.7930841,3.10370815E-05
2,15,15.2708530,10.7930841,11.6256905,3.10370815E-05
2,16,15.2708530,11.6256905,12.4435768,3.10370815E-05
2,17,15.2708530,12.4435768,13.1564503,3.10370815E-05
2,18,15.2708530,13.1564503,13.8026552,3.10370815E-05
2,19,15.2708530,13.8026552,14.4604940,3.10370815E-05
2,20,15.2708530,14.4604940,15.2708530,3.10370815E-05
3,1,10.0315666,0.00000000,0.501517832,7.49732999E-06
3,2,10.0315666,0.501517832,1.00303566,7.49732999E-06
3,3,10.0315666,1.00303566,1.50455344,7.49732999E-06
3,4,10.0315666,1.50455344,2.00607109,7.49732999E-06
3,5,10.0315666,2.00607109,2.50758934,7.49732999E-06
3,6,10.0315666,2.50758934,3.00910664,7.49732999E-06
3,7,10.0315666,3.00910664,3.51062632,7.49732999E-06
3,8,10.0315666,3.51062632,4.01213455,7.49732999E-06
3,9,10.0315666,4.01213455,4.51370764,7.49732999E-06
3,10,10.0315666,4.51370764,5.01497507,7.49732999E-06
3,11,10.0315666,5.01497507,5.51737595,7.49732999E-06
3,12,10.0315666,5.51737595,6.01649284,7.49732999E-06
3,13,10.0315666,6.01649284,6.52279902,7.49732999E-06
3,14,10.0315666,6.52279902,7.01825428,7.49732999E-06
3,15,10.0315666,7.01825428,7.52165079,7.49732999E-06
3,16,10.0315666,7.52165079,8.03238010,7.49732999E-06
3,17,10.0315666,8.03238010,8.51709270,7.49732999E-06
3,18,10.0315666,8.51709270,9.02343750,7.49732999E-06
3,19,10.0315666,9.02343750,9.54268360,7.49732999E-06
3,20,10.0315666,9.54268360,10.0315666,7.49732999E-06
4,1,61.6247330,0.00000000,3.09610748,5.04987329E-05
4,2,61.6247330,3.09610748,6.18531990,5.04987329E-05
4,3,61.6247330,6.18531990,9.24410439,5.04987329E-05
4,4,61.6247330,9.24410439,12.5353470,5.04987329E-05
4,5,61.6247330,12.5353470,15.2462711,5.04987329E-05
4,6,61.6247330,15.2462711,18.6482105,5.04987329E-05
4,7,61.6247330,18.6482105,21.7755184,5.04987329E-05
4,8,61.6247330,21.7755184,24.6212158,5.04987329E-05
4,9,61.6247330,24.6212158,27.7634621,5.04987329E-05
4,10,61.6247330,27.7634621,31.0905113,5.04987329E-05
4,11,61.6247330,31.0905113,34.2996864,5.04987329E-05
4,12,61.6247330,34.2996864,36.8147011,5.04987329E-05
4,13,61.6247330,36.8147011,40.2631798,5.04987329E-05
4,14,61.6247330,40.2631798,43.1136131,5.04987329E-05
4,15,61.6247330,43.1136131,45.9397087,5.04987329E-05
4,16,61.6247330,45.9397087,50.4720802,5.04987329E-05
4,17,61.6247330,50.4720802,52.6910172,5.04987329E-05
4,18,61.6247330,52.6910172,55.6673698,5.04987329E-05
4,19,61.6247330,55.6673698,58.6079636,5.04987329E-05
4,20,61.6247330,58.6079636,61.6247330,5.04987329E-05
5,1,7.01626205,0.00000000,0.352184832,5.99817031E-06
5,2,7.01626205,0.352184832,0.704363704,5.99817031E-06
5,3,7.01626205,0.704363704,1.05660427,5.99817031E-06
5,4,7.01626205,1.05660427,1.40847063,5.99817031E-06
5,5,7.01626205,1.40847063,1.76177430,5.99817031E-06
5,6,7.01626205,1.76177430,2.11160421,5.99817031E-06
5,7,7.01626205,2.11160421,2.46599507,5.99817031E-06
5,8,7.01626205,2.46599507,2.82012796,5.99817031E-06
5,9,7.01626205,2.82012796,3.16448021,5.99817031E-06
5,10,7.01626205,3.16448021,3.52429390,5.99817031E-06
5,11,7.01626205,3.52429390,3.87211013,5.99817031E-06
5,12,7.01626205,3.87211013,4.24221563,5.99817031E-06
5,13,7.01626205,4.24221563,4.54597092,5.99817031E-06
5,14,7.01626205,4.54597092,4.96185446,5.99817031E-06
5,15,7.01626205,4.96185446,5.25148058,5.99817031E-06
5,16,7.01626205,5.25148058,5.67957449,5.99817031E-06
5,17,7.01626205,5.67957449,5.95007086,5.99817031E-06
5,18,7.01626205,5.95007086,6.35654068,5.99817031E-06
5,19,7.01626205,6.35654068,6.67940712,5.99817031E-06
5,20,7.01626205,6.67940712,7.01626205,5.99817031E-06
6,1,10.2350845,0.00000000,0.511960864,3.38323262E-05
6,2,10.2350845,0.511960864,1.02312088,3.38323262E-05
6,3,10.2350845,1.02312088,1.52590191,3.38323262E-05
6,4,10.2350845,1.52590191,2.07715321,3.38323262E-05
6,5,10.2350845,2.07715321,2.52146816,3.38323262E-05
6,6,10.2350845,2.52146816,3.07481599,3.38323262E-05
6,7,10.2350845,3.07481599,3.60667562,3.38323262E-05
6,8,10.2350845,3.60667562,4.07871246,3.38323262E-05
6,9,10.2350845,4.07871246,4.58049679,3.38323262E-05
6,10,10.2350845,4.58049679,5.12931538,3.38323262E-05
6,11,10.2350845,5.12931538,5.67003584,3.38323262E-05
6,12,10.2350845,5.67003584,6.14639378,3.38323262E-05
6,13,10.2350845,6.14639378,6.59409761,3.38323262E-05
6,14,10.2350845,6.59409761,7.18686390,3.38323262E-05
6,15,10.2350845,7.18686390,7.56102800,3.38323262E-05
6,16,10.2350845,7.56102800,8.27352142,3.38323262E-05
6,17,10.2350845,8.27352142,8.73493290,3.38323262E-05
6,18,10.2350845,8.73493290,9.25363731,3.38323262E-05
6,19,10.2350845,9.25363731,9.72843170,3.38323262E-05
6,20,10.2350845,9.72843170,10.2350845,3.38323262E-05
7,1,1.23722553,0.00000000,6.24389872E-02,4.74460739E-06
7,2,1.23722553,6.24389872E-02,0.124754176,4.74460739E-06
7,3,1.23722553,0.124754176,0.187416479,4.74460739E-06
7,4,1.23722553,0.187416479,0.250201702,4.74460739E-06
7,5,1.23722553,0.250201702,0.309951127,4.74460739E-06
7,6,1.23722553,0.309951127,0.377940655,4.74460739E-06
7,7,1.23722553,0.377940655,0.434047699,4.74460739E-06
7,8,1.23722553,0.434047699,0.500586569,4.74460739E-06
7,9,1.23722553,0.500586569,0.564163327,4.74460739E-06
7,10,1.23722553,0.564163327,0.620889604,4.74460739E-06
7,11,1.23722553,0.620889604,0.683064163,4.74460739E-06
7,12,1.23722553,0.683064163,0.757302940,4.74460739E-06
7,13,1.23722553,0.757302940,0.801738203,4.74460739E-06
7,14,1.23722553,0.801738203,0.895654798,4.74460739E-06
7,15,1.23722553,0.895654798,0.920308888,4.74460739E-06
7,16,1.23722553,0.920308888,0.979355752,4.74460739E-06
7,17,1.23722553,0.979355752,1.08799613,4.74460739E-06
7,18,1.23722553,1.08799613,1.12645602,4.74460739E-06
7,19,1.23722553,1.12645602,1.17685151,4.74460739E-06
7,20,1.23722553,1.17685151,1.23722553,4.74460739E-06
8,1,1.94794679,0.00000000,9.74089950E-02,1.29932705E-05
8,2,1.94794679,9.74089950E-02,0.194672540,1.29932705E-05
8,3,1.94794679,0.194672540,0.290281981,1.29932705E-05
8,4,1.94794679,0.290281981,0.395281106,1.29932705E-05
8,5,1.94794679,0.395281106,0.479772747,1.29932705E-05
8,6,1.94794679,0.479772747,0.584884822,1.29932705E-05
8,7,1.94794679,0.584884822,0.686300874,1.29932705E-05
8,8,1.94794679,0.686300874,0.776190996,1.29932705E-05
8,9,1.94794679,0.776190996,0.871389389,1.29932705E-05
8,10,1.94794679,0.871389389,0.975723386,1.29932705E-05
8,11,1.94794679,0.975723386,1.07864511,1.29932705E-05
8,12,1.94794679,1.07864511,1.17052436,1.29932705E-05
8,13,1.94794679,1.17052436,1.25362444,1.29932705E-05
8,14,1.94794679,1.25362444,1.36827350,1.29932705E-05
8,15,1.94794679,1.36827350,1.43854022,1.29932705E-05
8,16,1.94794679,1.43854022,1.57263446,1.29932705E-05
8,17,1.94794679,1.57263446,1.66207910,1.29932705E-05
8,18,1.94794679,1.66207910,1.76125765,1.29932705E-05
8,19,1.94794679,1.76125765,1.85166240,1.29932705E-05
8,20,1.94794679,1.85166240,1.94794679,1.29932705E-05
9,1,1.76400387,0.00000000,8.66498202E-02,1.35109467E-05
9,2,1.76400387,8.66498202E-02,0.178388849,1.35109467E-05
9,3,1.76400387,0.178388849,0.252305865,1.35109467E-05
9,4,1.76400387,0.252305865,0.349006116,1.35109467E-05
9,5,1.76400387,0.349006116,0.445126414,1.35109467E-05
9,6,1.76400387,0.445126414,0.523893952,1.35109467E-05
9,7,1.76400387,0.523893952,0.604011595,1.35109467E-05
9,8,1.76400387,0.604011595,0.691341698,1.35109467E-05
9,9,1.76400387,0.691341698,0.777390838,1.35109467E-05
9,10,1.76400387,0.777390838,0.891889691,1.35109467E-05
9,11,1.76400387,0.891889691,0.947301447,1.35109467E-05
9,12,1.76400387,0.947301447,1.04203415,1.35109467E-05
9,13,1.76400387,1.04203415,1.14300215,1.35109467E-05
9,14,1.76400387,1.14300215,1.21820307,1.35109467E-05
9,15,1.76400387,1.21820307,1.29129910,1.35109467E-05
9,16,1.76400387,1.29129910,1.38077855,1.35109467E-05
9,17,1.76400387,1.38077855,1.48366368,1.35109467E-05
9,18,1.76400387,1.48366368,1.58226180,1.35109467E-05
9,19,1.76400387,1.58226180,1.67454863,1.35109467E-05
9,20,1.76400387,1.67454863,1.76400387,1.35109467E-05
10,1,0.576733947,0.00000000,2.82839704E-02,5.83650535E-06
10,2,0.576733947,2.82839704E-02,5.84980398E-02,5.83650535E-06
10,3,0.576733947,5.84980398E-02,8.24752301E-02,5.83650535E-06
10,4,0.576733947,8.24752301E-02,0.113251269,5.83650535E-06
10,5,0.576733947,0.113251269,0.146420285,5.83650535E-06
10,6,0.576733947,0.146420285,0.170868993,5.83650535E-06
10,7,0.576733947,0.170868993,0.197880998,5.83650535E-06
10,8,0.576733947,0.197880998,0.226263031,5.83650535E-06
10,9,0.576733947,0.226263031,0.254198968,5.83650535E-06
10,10,0.576733947,0.254198968,0.288018525,5.83650535E-06
10,11,0.576733947,0.288018525,0.314493328,5.83650535E-06
10,12,0.576733947,0.314493328,0.338049471,5.83650535E-06
10,13,0.576733947,0.338049471,0.372772664,5.83650535E-06
10,14,0.576733947,0.372772664,0.400615782,5.83650535E-06
10,15,0.576733947,0.400615782,0.424010664,5.83650535E-06
10,16,0.576733947,0.424010664,0.450265378,5.83650535E-06
10,17,0.576733947,0.450265378,0.481471688,5.83650535E-06
10,18,0.576733947,0.481471688,0.515347123,5.83650535E-06
10,19,0.576733947,0.515347123,0.545223057,5.83650535E-06
10,20,0.576733947,0.545223057,0.576733947,5.83650535E-06
11,1,6.81972313,0.00000000,0.344621360,5.87286331E-06
11,2,6.81972313,0.344621360,0.688529909,5.87286331E-06
11,3,6.81972313,0.688529909,1.03432667,5.87286331E-06
11,4,6.81972313,1.03432667,1.38137722,5.87286331E-06
11,5,6.81972313,1.38137722,1.70988679,5.87286331E-06
11,6,6.81972313,1.70988679,2.08640385,5.87286331E-06
11,7,6.81972313,2.08640385,2.39608264,5.87286331E-06
11,8,6.81972313,2.39608264,2.76114964,5.87286331E-06
11,9,6.81972313,2.76114964,3.11529851,5.87286331E-06
11,10,6.81972313,3.11529851,3.43051362,5.87286331E-06
11,11,6.81972313,3.43051362,3.76113105,5.87286331E-06
11,12,6.81972313,3.76113105,4.18899107,5.87286331E-06
11,13,6.81972313,4.18899107,4.41233683,5.87286331E-06
11,14,6.81972313,4.41233683,4.94355917,5.87286331E-06
11,15,6.81972313,4.94355917,5.12005091,5.87286331E-06
11,16,6.81972313,5.12005091,5.36418438,5.87286331E-06
11,17,6.81972313,5.36418438,5.98523903,5.87286331E-06
11,18,6.81972313,5.98523903,6.25484371,5.87286331E-06
11,19,6.81972313,6.25484371,6.50491142,5.87286331E-06
11,20,6.81972313,6.50491142,6.81972313,5.87286331E-06
12,1,2.56656408,0.00000000,0.128156483,3.09633788E-06
12,2,2.56656408,0.128156483,0.255962551,3.09633788E-06
12,3,2.56656408,0.255962551,0.383752286,3.09633788E-06
12,4,2.56656408,0.383752286,0.516547680,3.09633788E-06
12,5,2.56656408,0.516547680,0.632172346,3.09633788E-06
12,6,2.56656408,0.632172346,0.775297701,3.09633788E-06
12,7,2.56656408,0.775297701,0.896665275,3.09633788E-06
12,8,2.56656408,0.896665275,1.01890326,3.09633788E-06
12,9,2.56656408,1.01890326,1.15638590,3.09633788E-06
12,10,2.56656408,1.15638590,1.28877306,3.09633788E-06
12,11,2.56656408,1.28877306,1.40586877,3.09633788E-06
12,12,2.56656408,1.40586877,1.52214026,3.09633788E-06
12,13,2.56656408,1.52214026,1.67870927,3.09633788E-06
12,14,2.56656408,1.67870927,1.76938796,3.09633788E-06
12,15,2.56656408,1.76938796,1.95093298,3.09633788E-06
12,16,2.56656408,1.95093298,2.07365036,3.09633788E-06
12,17,2.56656408,2.07365036,2.14342380,3.09633788E-06
12,18,2.56656408,2.14342380,2.30049276,3.09633788E-06
12,19,2.56656408,2.30049276,2.42338777,3.09633788E-06
12,20,2.56656408,2.42338777,2.56656408,3.09633788E-06
13,1,22.7277679,0.00000000,1.13814116,1.38895657E-05
13,2,22.7277679,1.13814116,2.27369642,1.38895657E-05
13,3,22.7277679,2.27369642,3.41504669,1.38895657E-05
13,4,22.7277679,3.41504669,4.56607342,1.38895657E-05
13,5,22.7277679,4.56607342,5.64004135,1.38895657E-05
13,6,22.7277679,5.64004135,6.89313602,1.38895657E-05
13,7,22.7277679,6.89313602,7.91861820,1.38895657E-05
13,8,22.7277679,7.91861820,9.10329247,1.38895657E-05
13,9,22.7277679,9.10329247,10.2969694,1.38895657E-05
13,10,22.7277679,10.2969694,11.3624935,1.38895657E-05
13,11,22.7277679,11.3624935,12.3664103,1.38895657E-05
13,12,22.7277679,12.3664103,13.8680344,1.38895657E-05
13,13,22.7277679,13.8680344,14.5242405,1.38895657E-05
13,14,22.7277679,14.5242405,16.2751961,1.38895657E-05
13,15,22.7277679,16.2751961,17.1710052,1.38895657E-05
13,16,22.7277679,17.1710052,17.6115875,1.38895657E-05
13,17,22.7277679,17.6115875,19.4908504,1.38895657E-05
13,18,22.7277679,19.4908504,20.8367748,1.38895657E-05
13,19,22.7277679,20.8367748,21.5350132,1.38895657E-05
13,20,22.7277679,21.5350132,22.7277679,1.38895657E-05
14,1,49.3463478,0.00000000,0.480721653,3.54442454E-05
14,2,49.3463478,0.480721653,0.957931519,3.54442454E-05
14,3,49.3463478,0.957931519,1.42766464,3.54442454E-05
14,4,49.3463478,1.42766464,1.88697243,3.54442454E-05
14,5,49.3463478,1.88697243,2.33776641,3.54442454E-05
14,6,49.3463478,2.33776641,2.79119229,3.54442454E-05
14,7,49.3463478,2.79119229,3.27156472,3.54442454E-05
14,8,49.3463478,3.27156472,3.81921911,3.54442454E-05
14,9,49.3463478,3.81921911,4.49204254,3.54442454E-05
14,10,49.3463478,4.49204254,5.36573601,3.54442454E-05
14,11,49.3463478,5.36573601,6.53294897,3.54442454E-05
14,12,49.3463478,6.53294897,8.10136986,3.54442454E-05
14,13,49.3463478,8.10136986,10.1906824,3.54442454E-05
14,14,49.3463478,10.1906824,12.9282150,3.54442454E-05
14,15,49.3463478,12.9282150,16.4431190,3.54442454E-05
14,16,49.3463478,16.4431190,20.8590794,3.54442454E-05
14,17,49.3463478,20.8590794,26.2859707,3.54442454E-05
14,18,49.3463478,26.2859707,32.8111458,3.54442454E-05
14,19,49.3463478,32.8111458,40.4913635,3.54442454E-05
14,20,49.3463478,40.4913635,49.3463478,3.54442454E-05
15,1,12.8447599,11.7955704,11.7895346,3.03469119E-06
15,2,12.8447599,11.7895346,11.8234329,3.03469119E-06
15,3,12.8447599,11.8234329,11.9394865,3.03469119E-06
15,4,12.8447599,11.9394865,11.9585571,3.03469119E-06
15,5,12.8447599,11.9585571,11.9590759,3.03469119E-06
15,6,12.8447599,11.9590759,11.9964275,3.03469119E-06
15,7,12.8447599,11.9964275,12.1400566,3.03469119E-06
15,8,12.8447599,12.1400566,12.1146955,3.03469119E-06
15,9,12.8447599,12.1146955,12.1839733,3.03469119E-06
15,10,12.8447599,12.1839733,12.3376913,3.03469119E-06
15,11,12.8447599,12.3376913,12.2242756,3.03469119E-06
15,12,12.8447599,12.2242756,12.3639517,3.03469119E-06
15,13,12.8447599,12.3639517,12.4034328,3.03469119E-06
15,14,12.8447599,12.4034328,12.2030210,3.03469119E-06
15,15,12.8447599,12.2030210,12.5504208,3.03469119E-06
15,16,12.8447599,12.5504208,12.9037104,3.03469119E-06
15,17,12.8447599,12.9037104,12.5827999,3.03469119E-06
15,18,12.8447599,12.5827999,12.4755592,3.03469119E-06
15,19,12.8447599,12.4755592,12.5468769,3.03469119E-06
15,20,12.8447599,12.5468769,12.8447599,3.03469119E-06
16,1,3.73389101,1.94794679,2.00769901,9.97076768E-06
16,2,3.73389101,2.00769901,2.09940553,9.97076768E-06
16,3,3.73389101,2.09940553,2.21887541,9.97076768E-06
16,4,3.73389101,2.21887541,2.31799769,9.97076768E-06
16,5,3.73389101,2.31799769,2.31810212,9.97076768E-06
16,6,3.73389101,2.31810212,2.36218047,9.97076768E-06
16,7,3.73389101,2.36218047,2.62305999,9.97076768E-06
16,8,3.73389101,2.62305999,2.60397553,9.97076768E-06
16,9,3.73389101,2.60397553,2.74262786,9.97076768E-06
16,10,3.73389101,2.74262786,2.71909475,9.97076768E-06
16,11,3.73389101,2.71909475,2.74829888,9.97076768E-06
16,12,3.73389101,2.74829888,2.95592070,9.97076768E-06
16,13,3.73389101,2.95592070,3.08948827,9.97076768E-06
16,14,3.73389101,3.08948827,3.24134922,9.97076768E-06
16,15,3.73389101,3.24134922,3.06674743,9.97076768E-06
16,16,3.73389101,3.06674743,3.14920974,9.97076768E-06
16,17,3.73389101,3.14920974,3.35877419,9.97076768E-06
16,18,3.73389101,3.35877419,3.42853713,9.97076768E-06
16,19,3.73389101,3.42853713,3.68753362,9.97076768E-06
16,20,3.73389101,3.68753362,3.73389101,9.97076768E-06
17,1,20.9473896,2.56656408,3.51100540,1.64016037E-05
17,2,20.9473896,3.51100540,4.47937441,1.64016037E-05
17,3,20.9473896,4.47937441,5.32124376,1.64016037E-05
17,4,20.9473896,5.32124376,6.27450705,1.64016037E-05
17,5,20.9473896,6.27450705,7.15790653,1.64016037E-05
17,6,20.9473896,7.15790653,8.19066048,1.64016037E-05
17,7,20.9473896,8.19066048,9.17393970,1.64016037E-05
17,8,20.9473896,9.17393970,9.97474480,1.64016037E-05
17,9,20.9473896,9.97474480,11.1121950,1.64016037E-05
17,10,20.9473896,11.1121950,12.0563250,1.64016037E-05
17,11,20.9473896,12.0563250,12.3168459,1.64016037E-05
17,12,20.9473896,12.3168459,13.4652300,1.64016037E-05
17,13,20.9473896,13.4652300,15.3842363,1.64016037E-05
17,14,20.9473896,15.3842363,15.9799862,1.64016037E-05
17,15,20.9473896,15.9799862,15.7410822,1.64016037E-05
17,16,20.9473896,15.7410822,17.3064537,1.64016037E-05
17,17,20.9473896,17.3064537,18.7958736,1.64016037E-05
17,18,20.9473896,18.7958736,19.8708267,1.64016037E-05
17,19,20.9473896,19.8708267,20.2283630,1.64016037E-05
17,20,20.9473896,20.2283630,20.9473896,1.64016037E-05
18,1,8.35677147,6.81972313,6.80649281,7.68189693E-06
18,2,8.35677147,6.80649281,7.15317202,7.68189693E-06
18,3,8.35677147,7.15317202,6.99939680,7.68189693E-06
18,4,8.35677147,6.99939680,7.01809120,7.68189693E-06
18,5,8.35677147,7.01809120,7.25265408,7.68189693E-06
18,6,8.35677147,7.25265408,7.44694185,7.68189693E-06
18,7,8.35677147,7.44694185,7.48330259,7.68189693E-06
18,8,8.35677147,7.48330259,7.43284130,7.68189693E-06
18,9,8.35677147,7.43284130,7.41623163,7.68189693E-06
18,10,8.35677147,7.41623163,7.49549818,7.68189693E-06
18,11,8.35677147,7.49549818,7.66033602,7.68189693E-06
18,12,8.35677147,7.66033602,7.86453676,7.68189693E-06
18,13,8.35677147,7.86453676,8.06182957,7.68189693E-06
18,14,8.35677147,8.06182957,8.22130394,7.68189693E-06
18,15,8.35677147,8.22130394,8.32524681,7.68189693E-06
18,16,8.35677147,8.32524681,8.37929344,7.68189693E-06
18,17,8.35677147,8.37929344,8.37693405,7.68189693E-06
18,18,8.35677147,8.37693405,8.34050274,7.68189693E-06
18,19,8.35677147,8.34050274,8.34391689,7.68189693E-06
18,20,8.35677147,8.34391689,8.35677147,7.68189693E-06
19,1,4.97886276,3.73389101,3.43043351,2.35269886E-06
19,2,4.97886276,3.43043351,3.88084388,2.35269886E-06
19,3,4.97886276,3.88084388,3.90525889,2.35269886E-06
19,4,4.97886276,3.90525889,3.71416044,2.35269886E-06
19,5,4.97886276,3.71416044,4.05832148,2.35269886E-06
19,6,4.97886276,4.05832148,4.10994196,2.35269886E-06
19,7,4.97886276,4.10994196,4.03026915,2.35269886E-06
19,8,4.97886276,4.03026915,4.10732365,2.35269886E-06
19,9,4.97886276,4.10732365,4.59272957,2.35269886E-06
19,10,4.97886276,4.59272957,3.99425316,2.35269886E-06
19,11,4.97886276,3.99425316,4.60926819,2.35269886E-06
19,12,4.97886276,4.60926819,4.49101973,2.35269886E-06
19,13,4.97886276,4.49101973,4.44470263,2.35269886E-06
19,14,4.97886276,4.44470263,4.74115849,2.35269886E-06
19,15,4.97886276,4.74115849,4.73409939,2.35269886E-06
19,16,4.97886276,4.73409939,4.85345507,2.35269886E-06
19,17,4.97886276,4.85345507,4.76238632,2.35269886E-06
19,18,4.97886276,4.76238632,4.88034105,2.35269886E-06
19,19,4.97886276,4.88034105,5.20393848,2.35269886E-06
19,20,4.97886276,5.20393848,4.97886276,2.35269886E-06
20,1,13.5742540,13.4214935,13.3543873,7.43609064E-07
20,2,13.5742540,13.3543873,13.1371365,7.43609064E-07
20,3,13.5742540,13.1371365,13.2578392,7.43609064E-07
20,4,13.5742540,13.2578392,13.4356899,7.43609064E-07
20,5,13.5742540,13.4356899,13.3835554,7.43609064E-07
20,6,13.5742540,13.3835554,13.1580305,7.43609064E-07
20,7,13.5742540,13.1580305,13.0731192,7.43609064E-07
20,8,13.5742540,13.0731192,13.0823288,7.43609064E-07
20,9,13.5742540,13.0823288,13.3250246,7.43609064E-07
20,10,13.5742540,13.3250246,13.3956213,7.43609064E-07
20,11,13.5742540,13.3956213,13.3686218,7.43609064E-07
20,12,13.5742540,13.3686218,13.2411699,7.43609064E-07
20,13,13.5742540,13.2411699,12.9369602,7.43609064E-07
20,14,13.5742540,12.9369602,12.6595469,7.43609064E-07
20,15,13.5742540,12.6595469,12.7493925,7.43609064E-07
20,16,13.5742540,12.7493925,12.8372984,7.43609064E-07
20,17,13.5742540,12.8372984,13.0545292,7.43609064E-07
20,18,13.5742540,13.0545292,13.0793829,7.43609064E-07
20,19,13.5742540,13.0793829,13.4354668,7.43609064E-07
20,20,13.5742540,13.4354668,13.5742540,7.43609064E-07
21,1,22.5412521,20.9473896,20.6512852,2.12121595E-05
21,2,22.5412521,20.6512852,20.6153774,2.12121595E-05
21,3,22.5412521,20.6153774,20.8488388,2.12121595E-05
21,4,22.5412521,20.8488388,21.0344696,2.12121595E-05
21,5,22.5412521,21.0344696,21.2694969,2.12121595E-05
21,6,22.5412521,21.2694969,21.6924973,2.12121595E-05
21,7,22.5412521,21.6924973,21.7867374,2.12121595E-05
21,8,22.5412521,21.7867374,21.7240372,2.12121595E-05
21,9,22.5412521,21.7240372,22.4714413,2.12121595E-05
21,10,22.5412521,22.4714413,22.3784752,2.12121595E-05
21,11,22.5412521,22.3784752,22.2241325,2.12121595E-05
21,12,22.5412521,22.2241325,22.4353695,2.12121595E-05
21,13,22.5412521,22.4353695,22.7617645,2.12121595E-05
21,14,22.5412521,22.7617645,22.8907375,2.12121595E-05
21,15,22.5412521,22.8907375,22.7487030,2.12121595E-05
21,16,22.5412521,22.7487030,22.4654713,2.12121595E-05
21,17,22.5412521,22.4654713,22.2304287,2.12121595E-05
21,18,22.5412521,22.2304287,22.1633720,2.12121595E-05
21,19,22.5412521,22.1633720,22.2867279,2.12121595E-05
21,20,22.5412521,22.2867279,22.5412521,2.12121595E-05
22,1,14.5924273,8.35677147,8.63882542,1.33673811E-05
22,2,14.5924273,8.63882542,9.10589218,1.33673811E-05
22,3,14.5924273,9.10589218,9.31317997,1.33673811E-05
22,4,14.5924273,9.31317997,9.29431152,1.33673811E-05
22,5,14.5924273,9.29431152,9.56884098,1.33673811E-05
22,6,14.5924273,9.56884098,10.0406637,1.33673811E-05
22,7,14.5924273,10.0406637,10.5409374,1.33673811E-05
22,8,14.5924273,10.5409374,11.1236353,1.33673811E-05
22,9,14.5924273,11.1236353,11.3879299,1.33673811E-05
22,10,14.5924273,11.3879299,11.4686003,1.33673811E-05
22,11,14.5924273,11.4686003,11.6551552,1.33673811E-05
22,12,14.5924273,11.6551552,12.4024353,1.33673811E-05
22,13,14.5924273,12.4024353,13.0882616,1.33673811E-05
22,14,14.5924273,13.0882616,13.3531713,1.33673811E-05
22,15,14.5924273,13.3531713,13.3874168,1.33673811E-05
22,16,14.5924273,13.3874168,13.2366705,1.33673811E-05
22,17,14.5924273,13.2366705,13.0820856,1.33673811E-05
22,18,14.5924273,13.0820856,13.2975092,1.33673811E-05
22,19,14.5924273,13.2975092,13.9174671,1.33673811E-05
22,20,14.5924273,13.9174671,14.5924273,1.33673811E-05
23,1,8.27137280,4.97886276,5.21481943,2.25287749E-05
23,2,8.27137280,5.21481943,5.44630718,2.25287749E-05
23,3,8.27137280,5.44630718,5.58949280,2.25287749E-05
23,4,8.27137280,5.58949280,5.60232496,2.25287749E-05
23,5,8.27137280,5.60232496,5.43537617,2.25287749E-05
23,6,8.27137280,5.43537617,5.54587030,2.25287749E-05
23,7,8.27137280,5.54587030,5.65432835,2.25287749E-05
23,8,8.27137280,5.65432835,6.01261854,2.25287749E-05
23,9,8.27137280,6.01261854,6.26234627,2.25287749E-05
23,10,8.27137280,6.26234627,6.08349085,2.25287749E-05
23,11,8.27137280,6.08349085,6.25091743,2.25287749E-05
23,12,8.27137280,6.25091743,6.80843639,2.25287749E-05
23,13,8.27137280,6.80843639,7.14699650,2.25287749E-05
23,14,8.27137280,7.14699650,7.31448698,2.25287749E-05
23,15,8.27137280,7.31448698,7.36583710,2.25287749E-05
23,16,8.27137280,7.36583710,7.42472553,2.25287749E-05
23,17,8.27137280,7.42472553,7.85697556,2.25287749E-05
23,18,8.27137280,7.85697556,8.18977547,2.25287749E-05
23,19,8.27137280,8.18977547,8.18985271,2.25287749E-05
23,20,8.27137280,8.18985271,8.27137280,2.25287749E-05
24,1,24.8705883,22.5412521,23.2300758,5.21261290E-06
24,2,24.8705883,23.2300758,23.6055031,5.21261290E-06
24,3,24.8705883,23.6055031,24.2625618,5.21261290E-06
24,4,24.8705883,24.2625618,24.8850136,5.21261290E-06
24,5,24.8705883,24.8850136,24.2978840,5.21261290E-06
24,6,24.8705883,24.2978840,23.4928036,5.21261290E-06
24,7,24.8705883,23.4928036,23.6899681,5.21261290E-06
24,8,24.8705883,23.6899681,24.6935387,5.21261290E-06
24,9,24.8705883,24.6935387,24.8143234,5.21261290E-06
24,10,24.8705883,24.8143234,24.0224552,5.21261290E-06
24,11,24.8705883,24.0224552,23.4439735,5.21261290E-06
24,12,24.8705883,23.4439735,23.2706280,5.21261290E-06
24,13,24.8705883,23.2706280,23.5715446,5.21261290E-06
24,14,24.8705883,23.5715446,23.8744774,5.21261290E-06
24,15,24.8705883,23.8744774,24.0512791,5.21261290E-06
24,16,24.8705883,24.0512791,24.2054520,5.21261290E-06
24,17,24.8705883,24.2054520,24.4177532,5.21261290E-06
24,18,24.8705883,24.4177532,24.6612148,5.21261290E-06
24,19,24.8705883,24.6612148,24.8582592,5.21261290E-06
24,20,24.8705883,24.8582592,24.8705883,5.21261290E-06
25,1,40.0911293,37.3201942,37.0515060,1.10564697E-05
25,2,40.0911293,37.0515060,37.4723015,1.10564697E-05
25,3,40.0911293,37.4723015,37.4350929,1.10564697E-05
25,4,40.0911293,37.4350929,37.8348923,1.10564697E-05
25,5,40.0911293,37.8348923,37.4862175,1.10564697E-05
25,6,40.0911293,37.4862175,37.4727707,1.10564697E-05
25,7,40.0911293,37.4727707,38.2055206,1.10564697E-05
25,8,40.0911293,38.2055206,38.8783493,1.10564697E-05
25,9,40.0911293,38.8783493,39.0977211,1.10564697E-05
25,10,40.0911293,39.0977211,38.5043602,1.10564697E-05
25,11,40.0911293,38.5043602,37.4492378,1.10564697E-05
25,12,40.0911293,37.4492378,37.3558693,1.10564697E-05
25,13,40.0911293,37.3558693,37.9722900,1.10564697E-05
25,14,40.0911293,37.9722900,38.7332077,1.10564697E-05
25,15,40.0911293,38.7332077,39.1602592,1.10564697E-05
25,16,40.0911293,39.1602592,39.2369919,1.10564697E-05
25,17,40.0911293,39.2369919,39.4755592,1.10564697E-05
25,18,40.0911293,39.4755592,39.7544708,1.10564697E-05
25,19,40.0911293,39.7544708,39.2767181,1.10564697E-05
25,20,40.0911293,39.2767181,40.0911293,1.10564697E-05
26,1,12.5296974,8.27137280,7.55600500,3.85850763E-06
26,2,12.5296974,7.55600500,8.24857521,3.85850763E-06
26,3,12.5296974,8.24857521,8.56797981,3.85850763E-06
26,4,12.5296974,8.56797981,8.94098854,3.85850763E-06
26,5,12.5296974,8.94098854,8.85120583,3.85850763E-06
26,6,12.5296974,8.85120583,8.87991714,3.85850763E-06
26,7,12.5296974,8.87991714,10.0072479,3.85850763E-06
26,8,12.5296974,10.0072479,10.0862904,3.85850763E-06
26,9,12.5296974,10.0862904,9.53124046,3.85850763E-06
26,10,12.5296974,9.53124046,9.98555756,3.85850763E-06
26,11,12.5296974,9.98555756,11.3664627,3.85850763E-06
26,12,12.5296974,11.3664627,10.5179176,3.85850763E-06
26,13,12.5296974,10.5179176,10.6264057,3.85850763E-06
26,14,12.5296974,10.6264057,10.8087807,3.85850763E-06
26,15,12.5296974,10.8087807,11.6146755,3.85850763E-06
26,16,12.5296974,11.6146755,11.9157505,3.85850763E-06
26,17,12.5296974,11.9157505,11.8715248,3.85850763E-06
26,18,12.5296974,11.8715248,12.4325752,3.85850763E-06
26,19,12.5296974,12.4325752,12.2458248,3.85850763E-06
26,20,12.5296974,12.2458248,12.5296974,3.85850763E-06
27,1,34.0657616,24.8705883,25.7377625,2.99874737E-05
27,2,34.0657616,25.7377625,26.5995255,2.99874737E-05
27,3,34.0657616,26.5995255,27.9845161,2.99874737E-05
27,4,34.0657616,27.9845161,28.8773842,2.99874737E-05
27,5,34.0657616,28.8773842,28.9756031,2.99874737E-05
27,6,34.0657616,28.9756031,28.4490910,2.99874737E-05
27,7,34.0657616,28.4490910,27.7240162,2.99874737E-05
27,8,34.0657616,27.7240162,27.5742931,2.99874737E-05
27,9,34.0657616,27.5742931,28.0543270,2.99874737E-05
27,10,34.0657616,28.0543270,29.5707474,2.99874737E-05
27,11,34.0657616,29.5707474,31.0578671,2.99874737E-05
27,12,34.0657616,31.0578671,31.6315575,2.99874737E-05
27,13,34.0657616,31.6315575,32.7278900,2.99874737E-05
27,14,34.0657616,32.7278900,33.3268776,2.99874737E-05
27,15,34.0657616,33.3268776,36.2886391,2.99874737E-05
27,16,34.0657616,36.2886391,35.4031334,2.99874737E-05
27,17,34.0657616,35.4031334,36.0895119,2.99874737E-05
27,18,34.0657616,36.0895119,35.9253044,2.99874737E-05
27,19,34.0657616,35.9253044,33.7586555,2.99874737E-05
27,20,34.0657616,33.7586555,34.0657616,2.99874737E-05
28,1,69.3697586,40.0911293,41.8015594,2.19103204E-05
28,2,69.3697586,41.8015594,41.7245789,2.19103204E-05
28,3,69.3697586,41.7245789,43.0438385,2.19103204E-05
28,4,69.3697586,43.0438385,44.9530296,2.19103204E-05
28,5,69.3697586,44.9530296,47.0679245,2.19103204E-05
28,6,69.3697586,47.0679245,51.8459740,2.19103204E-05
28,7,69.3697586,51.8459740,48.7491798,2.19103204E-05
28,8,69.3697586,48.7491798,52.3089905,2.19103204E-05
28,9,69.3697586,52.3089905,52.6693382,2.19103204E-05
28,10,69.3697586,52.6693382,53.7734871,2.19103204E-05
28,11,69.3697586,53.7734871,58.9401932,2.19103204E-05
28,12,69.3697586,58.9401932,59.6741714,2.19103204E-05
28,13,69.3697586,59.6741714,59.5114098,2.19103204E-05
28,14,69.3697586,59.5114098,61.5904808,2.19103204E-05
28,15,69.3697586,61.5904808,59.6547394,2.19103204E-05
28,16,69.3697586,59.6547394,64.3359451,2.19103204E-05
28,17,69.3697586,64.3359451,69.5098190,2.19103204E-05
28,18,69.3697586,69.5098190,70.8498535,2.19103204E-05
28,19,69.3697586,70.8498535,67.1015167,2.19103204E-05
28,20,69.3697586,67.1015167,69.3697586,2.19103204E-05
29,1,13.4228382,13.7669230,13.7657223,4.48695846E-06
29,2,13.4228382,13.7657223,13.7275038,4.48695846E-06
29,3,13.4228382,13.7275038,13.6453972,4.48695846E-06
29,4,13.4228382,13.6453972,13.9893150,4.48695846E-06
29,5,13.4228382,13.9893150,14.4742508,4.48695846E-06
29,6,13.4228382,14.4742508,14.8602238,4.48695846E-06
29,7,13.4228382,14.8602238,14.4765329,4.48695846E-06
29,8,13.4228382,14.4765329,14.4822884,4.48695846E-06
29,9,13.4228382,14.4822884,14.8296547,4.48695846E-06
29,10,13.4228382,14.8296547,14.9934902,4.48695846E-06
29,11,13.4228382,14.9934902,15.7528296,4.48695846E-06
29,12,13.4228382,15.7528296,15.5029240,4.48695846E-06
29,13,13.4228382,15.5029240,16.4078178,4.48695846E-06
29,14,13.4228382,16.4078178,17.0921917,4.48695846E-06
29,15,13.4228382,17.0921917,16.5120735,4.48695846E-06
29,16,13.4228382,16.5120735,16.1283607,4.48695846E-06
29,17,13.4228382,16.1283607,15.9234838,4.48695846E-06
29,18,13.4228382,15.9234838,15.3628769,4.48695846E-06
29,19,13.4228382,15.3628769,14.2564030,4.48695846E-06
29,20,13.4228382,14.2564030,13.4228382,4.48695846E-06
30,1,45.3352509,34.0657616,38.0925751,9.38431003E-06
30,2,45.3352509,38.0925751,36.3008881,9.38431003E-06
30,3,45.3352509,36.3008881,35.8485222,9.38431003E-06
30,4,45.3352509,35.8485222,37.6800537,9.38431003E-06
30,5,45.3352509,37.6800537,38.5012207,9.38431003E-06
30,6,45.3352509,38.5012207,41.8356895,9.38431003E-06
30,7,45.3352509,41.8356895,40.0484962,9.38431003E-06
30,8,45.3352509,40.0484962,35.9877815,9.38431003E-06
30,9,45.3352509,35.9877815,38.0101852,9.38431003E-06
30,10,45.3352509,38.0101852,37.7651634,9.38431003E-06
30,11,45.3352509,37.7651634,37.3804893,9.38431003E-06
30,12,45.3352509,37.3804893,39.9843864,9.38431003E-06
30,13,45.3352509,39.9843864,44.8326187,9.38431003E-06
30,14,45.3352509,44.8326187,43.9881058,9.38431003E-06
30,15,45.3352509,43.9881058,42.3562889,9.38431003E-06
30,16,45.3352509,42.3562889,37.8778992,9.38431003E-06
30,17,45.3352509,37.8778992,37.9003143,9.38431003E-06
30,18,45.3352509,37.9003143,41.5822525,9.38431003E-06
30,19,45.3352509,41.5822525,43.0675621,9.38431003E-06
30,20,45.3352509,43.0675621,45.3352509,9.38431003E-06
31,1,81.7748947,75.0475693,75.0455399,3.37236770E-06
31,2,81.7748947,75.0455399,74.7456970,3.37236770E-06
31,3,81.7748947,74.7456970,75.3359833,3.37236770E-06
31,4,81.7748947,75.3359833,74.2179337,3.37236770E-06
31,5,81.7748947,74.2179337,79.8185043,3.37236770E-06
31,6,81.7748947,79.8185043,78.9016876,3.37236770E-06
31,7,81.7748947,78.9016876,78.2423248,3.37236770E-06
31,8,81.7748947,78.2423248,78.5534744,3.37236770E-06
31,9,81.7748947,78.5534744,79.3711929,3.37236770E-06
31,10,81.7748947,79.3711929,75.9362946,3.37236770E-06
31,11,81.7748947,75.9362946,74.3977203,3.37236770E-06
31,12,81.7748947,74.3977203,78.9246368,3.37236770E-06
31,13,81.7748947,78.9246368,80.2681046,3.37236770E-06
31,14,81.7748947,80.2681046,76.9302444,3.37236770E-06
31,15,81.7748947,76.9302444,74.3869858,3.37236770E-06
31,16,81.7748947,74.3869858,77.3826065,3.37236770E-06
31,17,81.7748947,77.3826065,78.9517212,3.37236770E-06
31,18,81.7748947,78.9517212,82.8898849,3.37236770E-06
31,19,81.7748947,82.8898849,82.6404877,3.37236770E-06
31,20,81.7748947,82.6404877,81.7748947,3.37236770E-06
32,1,1102.05896,94.6815948,112.121323,4.15776549E-06
32,2,1102.05896,112.121323,136.967422,4.15776549E-06
32,3,1102.05896,136.967422,167.281006,4.15776549E-06
32,4,1102.05896,167.281006,212.886917,4.15776549E-06
32,5,1102.05896,212.886917,286.790405,4.15776549E-06
32,6,1102.05896,286.790405,401.114807,4.15776549E-06
32,7,1102.05896,401.114807,562.434082,4.15776549E-06
32,8,1102.05896,562.434082,768.146851,4.15776549E-06
32,9,1102.05896,768.146851,1003.05841,4.15776549E-06
32,10,1102.05896,1003.05841,1238.53015,4.15776549E-06
32,11,1102.05896,1238.53015,1437.96680,4.15776549E-06
32,12,1102.05896,1437.96680,1568.82910,4.15776549E-06
32,13,1102.05896,1568.82910,1615.37500,4.15776549E-06
32,14,1102.05896,1615.37500,1584.31543,4.15776549E-06
32,15,1102.05896,1584.31543,1500.07324,4.15776549E-06
32,16,1102.05896,1500.07324,1393.23950,4.15776549E-06
32,17,1102.05896,1393.23950,1289.35559,4.15776549E-06
32,18,1102.05896,1289.35559,1203.38037,4.15776549E-06
32,19,1102.05896,1203.38037,1140.71948,4.15776549E-06
32,20,1102.05896,1140.71948,1102.05896,4.15776549E-06
33,1,94.8146591,88.7911530,87.0147858,3.12370830E-05
33,2,94.8146591,87.0147858,86.5117722,3.12370830E-05
33,3,94.8146591,86.5117722,83.8145599,3.12370830E-05
33,4,94.8146591,83.8145599,81.9494476,3.12370830E-05
33,5,94.8146591,81.9494476,83.8634338,3.12370830E-05
33,6,94.8146591,83.8634338,86.1006622,3.12370830E-05
33,7,94.8146591,86.1006622,85.4494324,3.12370830E-05
33,8,94.8146591,85.4494324,87.1902008,3.12370830E-05
33,9,94.8146591,87.1902008,87.7683716,3.12370830E-05
33,10,94.8146591,87.7683716,90.8118744,3.12370830E-05
33,11,94.8146591,90.8118744,88.3220291,3.12370830E-05
33,12,94.8146591,88.3220291,89.0669098,3.12370830E-05
33,13,94.8146591,89.0669098,85.5188751,3.12370830E-05
33,14,94.8146591,85.5188751,87.3225021,3.12370830E-05
33,15,94.8146591,87.3225021,87.4732208,3.12370830E-05
33,16,94.8146591,87.4732208,87.5173340,3.12370830E-05
33,17,94.8146591,87.5173340,92.0499878,3.12370830E-05
33,18,94.8146591,92.0499878,93.6265106,3.12370830E-05
33,19,94.8146591,93.6265106,92.3876419,3.12370830E-05
33,20,94.8146591,92.3876419,94.8146591,3.12370830E-05
34,1,1244.73547,1102.05896,1096.99268,2.86054774E-06
34,2,1244.73547,1096.99268,1092.95154,2.86054774E-06
34,3,1244.73547,1092.95154,1089.96069,2.86054774E-06
34,4,1244.73547,1089.96069,1088.05237,2.86054774E-06
34,5,1244.73547,1088.05237,1087.26599,2.86054774E-06
34,6,1244.73547,1087.26599,1087.64685,2.86054774E-06
34,7,1244.73547,1087.64685,1089.24561,2.86054774E-06
34,8,1244.73547,1089.24561,1092.11707,2.86054774E-06
34,9,1244.73547,1092.11707,1096.31848,2.86054774E-06
34,10,1244.73547,1096.31848,1101.90808,2.86054774E-06
34,11,1244.73547,1101.90808,1108.94409,2.86054774E-06
34,12,1244.73547,1108.94409,1117.48254,2.86054774E-06
34,13,1244.73547,1117.48254,1127.57605,2.86054774E-06
34,14,1244.73547,1127.57605,1139.27209,2.86054774E-06
34,15,1244.73547,1139.27209,1152.61121,2.86054774E-06
34,16,1244.73547,1152.61121,1167.62622,2.86054774E-06
34,17,1244.73547,1167.62622,1184.33997,2.86054774E-06
34,18,1244.73547,1184.33997,1202.76453,2.86054774E-06
34,19,1244.73547,1202.76453,1222.90063,2.86054774E-06
34,20,1244.73547,1222.90063,1244.73547,2.86054774E-06
35,1,1251.33936,1244.73547,1245.03113,8.12314611E-05
35,2,1251.33936,1245.03113,1245.32092,8.12314611E-05
35,3,1251.33936,1245.32092,1245.64282,8.12314611E-05
35,4,1251.33936,1245.64282,1245.99365,8.12314611E-05
35,5,1251.33936,1245.99365,1246.35107,8.12314611E-05
35,6,1251.33936,1246.35107,1246.69568,8.12314611E-05
35,7,1251.33936,1246.69568,1247.06494,8.12314611E-05
35,8,1251.33936,1247.06494,1247.41943,8.12314611E-05
35,9,1251.33936,1247.41943,1247.69128,8.12314611E-05
35,10,1251.33936,1247.69128,1247.86914,8.12314611E-05
35,11,1251.33936,1247.86914,1248.04846,8.12314611E-05
35,12,1251.33936,1248.04846,1248.26038,8.12314611E-05
35,13,1251.33936,1248.26038,1248.49194,8.12314611E-05
35,14,1251.33936,1248.49194,1248.78430,8.12314611E-05
35,15,1251.33936,1248.78430,1249.17651,8.12314611E-05
35,16,1251.33936,1249.17651,1249.64746,8.12314611E-05
35,17,1251.33936,1249.64746,1250.14819,8.12314611E-05
35,18,1251.33936,1250.14819,1250.62964,8.12314611E-05
35,19,1251.33936,1250.62964,1251.06055,8.12314611E-05
35,20,1251.33936,1251.06055,1251.33936,8.12314611E-05
36,1,3443.08081,1320.70911,1382.68225,5.42174384E-05
36,2,3443.08081,1382.68225,1449.98315,5.42174384E-05
36,3,3443.08081,1449.98315,1521.99146,5.42174384E-05
36,4,3443.08081,1521.99146,1598.31030,5.42174384E-05
36,5,3443.08081,1598.31030,1678.82336,5.42174384E-05
36,6,3443.08081,1678.82336,1763.67920,5.42174384E-05
36,7,3443.08081,1763.67920,1853.23291,5.42174384E-05
36,8,3443.08081,1853.23291,1947.96509,5.42174384E-05
36,9,3443.08081,1947.96509,2048.38672,5.42174384E-05
36,10,3443.08081,2048.38672,2154.93359,5.42174384E-05
36,11,3443.08081,2154.93359,2267.86353,5.42174384E-05
36,12,3443.08081,2267.86353,2387.15796,5.42174384E-05
36,13,3443.08081,2387.15796,2512.43970,5.42174384E-05
36,14,3443.08081,2512.43970,2642.92334,5.42174384E-05
36,15,3443.08081,2642.92334,2777.39624,5.42174384E-05
36,16,3443.08081,2777.39624,2914.24023,5.42174384E-05
36,17,3443.08081,2914.24023,3051.49414,5.42174384E-05
36,18,3443.08081,3051.49414,3186.94702,5.42174384E-05
36,19,3443.08081,3186.94702,3318.25610,5.42174384E-05
36,20,3443.08081,3318.25610,3443.08081,5.42174384E-05
37,1,3340.40942,3443.08081,3608.71484,2.19459184E-06
37,2,3340.40942,3608.71484,3752.17505,2.19459184E-06
37,3,3340.40942,3752.17505,3868.52051,2.19459184E-06
37,4,3340.40942,3868.52051,3954.54395,2.19459184E-06
37,5,3340.40942,3954.54395,4008.99121,2.19459184E-06
37,6,3340.40942,4008.99121,4032.52490,2.19459184E-06
37,7,3340.40942,4032.52490,4027.47168,2.19459184E-06
37,8,3340.40942,4027.47168,3997.42969,2.19459184E-06
37,9,3340.40942,3997.42969,3946.82324,2.19459184E-06
37,10,3340.40942,3946.82324,3880.49316,2.19459184E-06
37,11,3340.40942,3880.49316,3803.37817,2.19459184E-06
37,12,3340.40942,3803.37817,3720.31055,2.19459184E-06
37,13,3340.40942,3720.31055,3635.91699,2.19459184E-06
37,14,3340.40942,3635.91699,3554.58862,2.19459184E-06
37,15,3340.40942,3554.58862,3480.47632,2.19459184E-06
37,16,3340.40942,3480.47632,3417.46826,2.19459184E-06
37,17,3340.40942,3417.46826,3369.13110,2.19459184E-06
37,18,3340.40942,3369.13110,3338.59814,2.19459184E-06
37,19,3340.40942,3338.59814,3328.42163,2.19459184E-06
37,20,3340.40942,3328.42163,3340.40942,2.19459184E-06
38,1,3488.08008,3340.40942,3409.33398,3.20418076E-06
38,2,3488.08008,3409.33398,3547.71704,3.20418076E-06
38,3,3488.08008,3547.71704,3746.03027,3.20418076E-06
38,4,3488.08008,3746.03027,3985.29224,3.20418076E-06
38,5,3488.08008,3985.29224,4239.40869,3.20418076E-06
38,6,3488.08008,4239.40869,4479.03711,3.20418076E-06
38,7,3488.08008,4479.03711,4676.13721,3.20418076E-06
38,8,3488.08008,4676.13721,4808.21680,3.20418076E-06
38,9,3488.08008,4808.21680,4861.44189,3.20418076E-06
38,10,3488.08008,4861.44189,4832.15137,3.20418076E-06
38,11,3488.08008,4832.15137,4726.68848,3.20418076E-06
38,12,3488.08008,4726.68848,4559.81982,3.20418076E-06
38,13,3488.08008,4559.81982,4352.19824,3.20418076E-06
38,14,3488.08008,4352.19824,4127.41260,3.20418076E-06
38,15,3488.08008,4127.41260,3909.09790,3.20418076E-06
38,16,3488.08008,3909.09790,3718.46680,3.20418076E-06
38,17,3488.08008,3718.46680,3572.46411,3.20418076E-06
38,18,3488.08008,3572.46411,3482.60986,3.20418076E-06
38,19,3488.08008,3482.60986,3454.53125,3.20418076E-06
38,20,3488.08008,3454.53125,3488.08008,3.20418076E-06
39,1,4724.09473,3488.08008,3554.72705,1.05139964E-06
39,2,4724.09473,3554.72705,3650.04956,1.05139964E-06
39,3,4724.09473,3650.04956,3768.48755,1.05139964E-06
39,4,4724.09473,3768.48755,3903.73462,1.05139964E-06
39,5,4724.09473,3903.73462,4049.08716,1.05139964E-06
39,6,4724.09473,4049.08716,4197.78662,1.05139964E-06
39,7,4724.09473,4197.78662,4343.34229,1.05139964E-06
39,8,4724.09473,4343.34229,4479.81982,1.05139964E-06
39,9,4724.09473,4479.81982,4602.10010,1.05139964E-06
39,10,4724.09473,4602.10010,4706.09082,1.05139964E-06
39,11,4724.09473,4706.09082,4788.88623,1.05139964E-06
39,12,4724.09473,4788.88623,4848.87158,1.05139964E-06
39,13,4724.09473,4848.87158,4885.77197,1.05139964E-06
39,14,4724.09473,4885.77197,4900.63428,1.05139964E-06
39,15,4724.09473,4900.63428,4895.75586,1.05139964E-06
39,16,4724.09473,4895.75586,4874.56494,1.05139964E-06
39,17,4724.09473,4874.56494,4841.44775,1.05139964E-06
39,18,4724.09473,4841.44775,4801.53418,1.05139964E-06
39,19,4724.09473,4801.53418,4760.46094,1.05139964E-06
39,20,4724.09473,4760.46094,4724.09473,1.05139964E-06
40,1,4838.15283,4724.09473,4716.11182,7.75950466E-05
40,2,4838.15283,4716.11182,4708.97510,7.75950466E-05
40,3,4838.15283,4708.97510,4702.79639,7.75950466E-05
40,4,4838.15283,4702.79639,4697.68506,7.75950466E-05
40,5,4838.15283,4697.68506,4693.74707,7.75950466E-05
40,6,4838.15283,4693.74707,4691.08545,7.75950466E-05
40,7,4838.15283,4691.08545,4689.79932,7.75950466E-05
40,8,4838.15283,4689.79932,4689.98730,7.75950466E-05
40,9,4838.15283,4689.98730,4691.74316,7.75950466E-05
40,10,4838.15283,4691.74316,4695.15771,7.75950466E-05
40,11,4838.15283,4695.15771,4700.31836,7.75950466E-05
40,12,4838.15283,4700.31836,4707.31055,7.75950466E-05
40,13,4838.15283,4707.31055,4716.21533,7.75950466E-05
40,14,4838.15283,4716.21533,4727.10986,7.75950466E-05
40,15,4838.15283,4727.10986,4740.06885,7.75950466E-05
40,16,4838.15283,4740.06885,4755.16357,7.75950466E-05
40,17,4838.15283,4755.16357,4772.45947,7.75950466E-05
40,18,4838.15283,4772.45947,4792.01904,7.75950466E-05
40,19,4838.15283,4792.01904,4813.89893,7.75950466E-05
40,20,4838.15283,4813.89893,4838.15283,7.75950466E-05
41,1,5748.89844,4838.15283,4862.80029,1.64947346E-06
41,2,5748.89844,4862.80029,4889.63623,1.64947346E-06
41,3,5748.89844,4889.63623,4918.69141,1.64947346E-06
41,4,5748.89844,4918.69141,4949.99170,1.64947346E-06
41,5,5748.89844,4949.99170,4983.55762,1.64947346E-06
41,6,5748.89844,4983.55762,5019.40283,1.64947346E-06
41,7,5748.89844,5019.40283,5057.53564,1.64947346E-06
41,8,5748.89844,5057.53564,5097.95605,1.64947346E-06
41,9,5748.89844,5097.95605,5140.65771,1.64947346E-06
41,10,5748.89844,5140.65771,5185.62354,1.64947346E-06
41,11,5748.89844,5185.62354,5232.82861,1.64947346E-06
41,12,5748.89844,5232.82861,5282.23779,1.64947346E-06
41,13,5748.89844,5282.23779,5333.80371,1.64947346E-06
41,14,5748.89844,5333.80371,5387.47119,1.64947346E-06
41,15,5748.89844,5387.47119,5443.16943,1.64947346E-06
41,16,5748.89844,5443.16943,5500.81885,1.64947346E-06
41,17,5748.89844,5500.81885,5560.32715,1.64947346E-06
41,18,5748.89844,5560.32715,5621.58887,1.64947346E-06
41,19,5748.89844,5621.58887,5684.48877,1.64947346E-06
41,20,5748.89844,5684.48877,5748.89844,1.64947346E-06
42,1,6509.91992,5748.89844,5784.91260,8.12468625E-06
42,2,6509.91992,5784.91260,5821.31396,8.12468625E-06
42,3,6509.91992,5821.31396,5858.07666,8.12468625E-06
42,4,6509.91992,5858.07666,5895.17334,8.12468625E-06
42,5,6509.91992,5895.17334,5932.57617,8.12468625E-06
42,6,6509.91992,5932.57617,5970.25830,8.12468625E-06
42,7,6509.91992,5970.25830,6008.19092,8.12468625E-06
42,8,6509.91992,6008.19092,6046.34375,8.12468625E-06
42,9,6509.91992,6046.34375,6084.68701,8.12468625E-06
42,10,6509.91992,6084.68701,6123.18994,8.12468625E-06
42,11,6509.91992,6123.18994,6161.82080,8.12468625E-06
42,12,6509.91992,6161.82080,6200.54834,8.12468625E-06
42,13,6509.91992,6200.54834,6239.33936,8.12468625E-06
42,14,6509.91992,6239.33936,6278.16211,8.12468625E-06
42,15,6509.91992,6278.16211,6316.98389,8.12468625E-06
42,16,6509.91992,6316.98389,6355.77148,8.12468625E-06
42,17,6509.91992,6355.77148,6394.49219,8.12468625E-06
42,18,6509.91992,6394.49219,6433.11182,8.12468625E-06
42,19,6509.91992,6433.11182,6471.59912,8.12468625E-06
42,20,6509.91992,6471.59912,6509.91992,8.12468625E-06
43,1,6554.10889,6509.91992,6733.47070,1.76386875E-05
43,2,6554.10889,6733.47070,6940.05127,1.76386875E-05
43,3,6554.10889,6940.05127,7124.55762,1.76386875E-05
43,4,6554.10889,7124.55762,7283.18311,1.76386875E-05
43,5,6554.10889,7283.18311,7413.42725,1.76386875E-05
43,6,6554.10889,7413.42725,7513.98828,1.76386875E-05
43,7,6554.10889,7513.98828,7584.58936,1.76386875E-05
43,8,6554.10889,7584.58936,7625.78125,1.76386875E-05
43,9,6554.10889,7625.78125,7638.76416,1.76386875E-05
43,10,6554.10889,7638.76416,7625.22168,1.76386875E-05
43,11,6554.10889,7625.22168,7587.20508,1.76386875E-05
43,12,6554.10889,7587.20508,7527.02295,1.76386875E-05
43,13,6554.10889,7527.02295,7447.16699,1.76386875E-05
43,14,6554.10889,7447.16699,7350.24170,1.76386875E-05
43,15,6554.10889,7350.24170,7238.89795,1.76386875E-05
43,16,6554.10889,7238.89795,7115.77295,1.76386875E-05
43,17,6554.10889,7115.77295,6983.41797,1.76386875E-05
43,18,6554.10889,6983.41797,6844.24707,1.76386875E-05
43,19,6554.10889,6844.24707,6700.48047,1.76386875E-05
43,20,6554.10889,6700.48047,6554.10889,1.76386875E-05
44,1,5955.84033,6554.10889,6523.92529,5.48102580E-05
44,2,5955.84033,6523.92529,6493.69287,5.48102580E-05
44,3,5955.84033,6493.69287,6463.42822,5.48102580E-05
44,4,5955.84033,6463.42822,6433.14307,5.48102580E-05
44,5,5955.84033,6433.14307,6402.85303,5.48102580E-05
44,6,5955.84033,6402.85303,6372.56982,5.48102580E-05
44,7,5955.84033,6372.56982,6342.30615,5.48102580E-05
44,8,5955.84033,6342.30615,6312.07568,5.48102580E-05
44,9,5955.84033,6312.07568,6281.88965,5.48102580E-05
44,10,5955.84033,6281.88965,6251.75977,5.48102580E-05
44,11,5955.84033,6251.75977,6221.69727,5.48102580E-05
44,12,5955.84033,6221.69727,6191.71240,5.48102580E-05
44,13,5955.84033,6191.71240,6161.81592,5.48102580E-05
44,14,5955.84033,6161.81592,6132.01807,5.48102580E-05
44,15,5955.84033,6132.01807,6102.32764,5.48102580E-05
44,16,5955.84033,6102.32764,6072.75635,5.48102580E-05
44,17,5955.84033,6072.75635,6043.31250,5.48102580E-05
44,18,5955.84033,6043.31250,6014.00537,5.48102580E-05
44,19,5955.84033,6014.00537,5984.84521,5.48102580E-05
44,20,5955.84033,5984.84521,5955.84033,5.48102580E-05
45,1,4869.78955,5955.84033,5884.37012,2.73242094E-05
45,2,4869.78955,5884.37012,5814.06934,2.73242094E-05
45,3,4869.78955,5814.06934,5745.07227,2.73242094E-05
45,4,4869.78955,5745.07227,5677.51172,2.73242094E-05
45,5,4869.78955,5677.51172,5611.51758,2.73242094E-05
45,6,4869.78955,5611.51758,5547.21631,2.73242094E-05
45,7,4869.78955,5547.21631,5484.72754,2.73242094E-05
45,8,4869.78955,5484.72754,5424.16455,2.73242094E-05
45,9,4869.78955,5424.16455,5365.62891,2.73242094E-05
45,10,4869.78955,5365.62891,5309.21289,2.73242094E-05
45,11,4869.78955,5309.21289,5254.99268,2.73242094E-05
45,12,4869.78955,5254.99268,5203.02930,2.73242094E-05
45,13,4869.78955,5203.02930,5153.36426,2.73242094E-05
45,14,4869.78955,5153.36426,5106.02100,2.73242094E-05
45,15,4869.78955,5106.02100,5061.00488,2.73242094E-05
45,16,4869.78955,5061.00488,5018.30127,2.73242094E-05
45,17,4869.78955,5018.30127,4977.87891,2.73242094E-05
45,18,4869.78955,4977.87891,4939.69287,2.73242094E-05
45,19,4869.78955,4939.69287,4903.68506,2.73242094E-05
45,20,4869.78955,4903.68506,4869.78955,2.73242094E-05
46,1,4728.37842,4869.78955,4861.10449,2.14358646E-04
46,2,4728.37842,4861.10449,4852.60254,2.14358646E-04
46,3,4728.37842,4852.60254,4844.28027,2.14358646E-04
46,4,4728.37842,4844.28027,4836.13477,2.14358646E-04
46,5,4728.37842,4836.13477,4828.16455,2.14358646E-04
46,6,4728.37842,4828.16455,4820.36621,2.14358646E-04
46,7,4728.37842,4820.36621,4812.73828,2.14358646E-04
46,8,4728.37842,4812.73828,4805.27832,2.14358646E-04
46,9,4728.37842,4805.27832,4797.98242,2.14358646E-04
46,10,4728.37842,4797.98242,4790.85059,2.14358646E-04
46,11,4728.37842,4790.85059,4783.88086,2.14358646E-04
46,12,4728.37842,4783.88086,4777.07178,2.14358646E-04
46,13,4728.37842,4777.07178,4770.42188,2.14358646E-04
46,14,4728.37842,4770.42188,4763.93262,2.14358646E-04
46,15,4728.37842,4763.93262,4757.60254,2.14358646E-04
46,16,4728.37842,4757.60254,4751.43213,2.14358646E-04
46,17,4728.37842,4751.43213,4745.42334,2.14358646E-04
46,18,4728.37842,4745.42334,4739.57617,2.14358646E-04
46,19,4728.37842,4739.57617,4733.89355,2.14358646E-04
46,20,4728.37842,4733.89355,4728.37842,2.14358646E-04
47,1,4760.80127,4752.18799,4752.45801,5.90637683E-05
47,2,4760.80127,4752.45801,4752.65381,5.90637683E-05
47,3,4760.80127,4752.65381,4753.15869,5.90637683E-05
47,4,4760.80127,4753.15869,4753.46338,5.90637683E-05
47,5,4760.80127,4753.46338,4753.77295,5.90637683E-05
47,6,4760.80127,4753.77295,4754.72119,5.90637683E-05
47,7,4760.80127,4754.72119,4755.55762,5.90637683E-05
47,8,4760.80127,4755.55762,4756.05273,5.90637683E-05
47,9,4760.80127,4756.05273,4755.98975,5.90637683E-05
47,10,4760.80127,4755.98975,4756.42773,5.90637683E-05
47,11,4760.80127,4756.42773,4756.77441,5.90637683E-05
47,12,4760.80127,4756.77441,4757.75928,5.90637683E-05
47,13,4760.80127,4757.75928,4758.01465,5.90637683E-05
47,14,4760.80127,4758.01465,4757.73340,5.90637683E-05
47,15,4760.80127,4757.73340,4756.74658,5.90637683E-05
47,16,4760.80127,4756.74658,4756.35986,5.90637683E-05
47,17,4760.80127,4756.35986,4757.58545,5.90637683E-05
47,18,4760.80127,4757.58545,4759.12109,5.90637683E-05
47,19,4760.80127,4759.12109,4760.35693,5.90637683E-05
47,20,4760.80127,4760.35693,4760.80127,5.90637683E-05
48,1,4786.33887,4760.80127,4761.21680,9.57744196E-05
48,2,4786.33887,4761.21680,4762.96680,9.57744196E-05
48,3,4786.33887,4762.96680,4764.12451,9.57744196E-05
48,4,4786.33887,4764.12451,4765.22998,9.57744196E-05
48,5,4786.33887,4765.22998,4767.35596,9.57744196E-05
48,6,4786.33887,4767.35596,4769.39648,9.57744196E-05
48,7,4786.33887,4769.39648,4770.67969,9.57744196E-05
48,8,4786.33887,4770.67969,4772.00732,9.57744196E-05
48,9,4786.33887,4772.00732,4774.56885,9.57744196E-05
48,10,4786.33887,4774.56885,4775.44238,9.57744196E-05
48,11,4786.33887,4775.44238,4776.28467,9.57744196E-05
48,12,4786.33887,4776.28467,4776.78613,9.57744196E-05
48,13,4786.33887,4776.78613,4777.04932,9.57744196E-05
48,14,4786.33887,4777.04932,4776.60352,9.57744196E-05
48,15,4786.33887,4776.60352,4778.00586,9.57744196E-05
48,16,4786.33887,4778.00586,4781.14746,9.57744196E-05
48,17,4786.33887,4781.14746,4783.67773,9.57744196E-05
48,18,4786.33887,4783.67773,4784.69531,9.57744196E-05
48,19,4786.33887,4784.69531,4784.78857,9.57744196E-05
48,20,4786.33887,4784.78857,4786.33887,9.57744196E-05
49,1,4786.11182,4786.33887,4786.83398,4.72330748E-06
49,2,4786.11182,4786.83398,4787.36572,4.72330748E-06
49,3,4786.11182,4787.36572,4787.57861,4.72330748E-06
49,4,4786.11182,4787.57861,4787.43066,4.72330748E-06
49,5,4786.11182,4787.43066,4788.39355,4.72330748E-06
49,6,4786.11182,4788.39355,4789.21973,4.72330748E-06
49,7,4786.11182,4789.21973,4789.80029,4.72330748E-06
49,8,4786.11182,4789.80029,4789.20410,4.72330748E-06
49,9,4786.11182,4789.20410,4788.66699,4.72330748E-06
49,10,4786.11182,4788.66699,4789.01611,4.72330748E-06
49,11,4786.11182,4789.01611,4788.59424,4.72330748E-06
49,12,4786.11182,4788.59424,4788.37256,4.72330748E-06
49,13,4786.11182,4788.37256,4788.59033,4.72330748E-06
49,14,4786.11182,4788.59033,4787.98926,4.72330748E-06
49,15,4786.11182,4787.98926,4786.74365,4.72330748E-06
49,16,4786.11182,4786.74365,4786.16846,4.72330748E-06
49,17,4786.11182,4786.16846,4787.16846,4.72330748E-06
49,18,4786.11182,4787.16846,4787.28516,4.72330748E-06
49,19,4786.11182,4787.28516,4786.74365,4.72330748E-06
49,20,4786.11182,4786.74365,4786.11182,4.72330748E-06
50,1,4891.12842,4880.92627,4883.54004,5.08564262E-05
50,2,4891.12842,4883.54004,4880.42383,5.08564262E-05
50,3,4891.12842,4880.42383,4878.65283,5.08564262E-05
50,4,4891.12842,4878.65283,4880.67578,5.08564262E-05
50,5,4891.12842,4880.67578,4884.82812,5.08564262E-05
50,6,4891.12842,4884.82812,4884.16064,5.08564262E-05
50,7,4891.12842,4884.16064,4881.86475,5.08564262E-05
50,8,4891.12842,4881.86475,4878.65234,5.08564262E-05
50,9,4891.12842,4878.65234,4880.48926,5.08564262E-05
50,10,4891.12842,4880.48926,4877.57080,5.08564262E-05
50,11,4891.12842,4877.57080,4881.40771,5.08564262E-05
50,12,4891.12842,4881.40771,4880.49072,5.08564262E-05
50,13,4891.12842,4880.49072,4885.82568,5.08564262E-05
50,14,4891.12842,4885.82568,4886.07764,5.08564262E-05
50,15,4891.12842,4886.07764,4885.71729,5.08564262E-05
50,16,4891.12842,4885.71729,4886.31055,5.08564262E-05
50,17,4891.12842,4886.31055,4887.49854,5.08564262E-05
50,18,4891.12842,4887.49854,4891.90918,5.08564262E-05
50,19,4891.12842,4891.90918,4895.58398,5.08564262E-05
50,20,4891.12842,4895.58398,4891.12842,5.08564262E-05
51,1,4901.75830,4891.12842,4887.95850,9.05222441E-06
51,2,4901.75830,4887.95850,4885.63330,9.05222441E-06
51,3,4901.75830,4885.63330,4884.01123,9.05222441E-06
51,4,4901.75830,4884.01123,4885.56250,9.05222441E-06
51,5,4901.75830,4885.56250,4884.66504,9.05222441E-06
51,6,4901.75830,4884.66504,4887.83594,9.05222441E-06
51,7,4901.75830,4887.83594,4887.33154,9.05222441E-06
51,8,4901.75830,4887.33154,4890.66602,9.05222441E-06
51,9,4901.75830,4890.66602,4894.27441,9.05222441E-06
51,10,4901.75830,4894.27441,4896.22070,9.05222441E-06
51,11,4901.75830,4896.22070,4899.87207,9.05222441E-06
51,12,4901.75830,4899.87207,4897.65967,9.05222441E-06
51,13,4901.75830,4897.65967,4897.63721,9.05222441E-06
51,14,4901.75830,4897.63721,4893.69775,9.05222441E-06
51,15,4901.75830,4893.69775,4890.64746,9.05222441E-06
51,16,4901.75830,4890.64746,4888.64404,9.05222441E-06
51,17,4901.75830,4888.64404,4890.75879,9.05222441E-06
51,18,4901.75830,4890.75879,4895.98340,9.05222441E-06
51,19,4901.75830,4895.98340,4901.71924,9.05222441E-06
51,20,4901.75830,4901.71924,4901.75830,9.05222441E-06
52,1,4971.12402,4962.22461,4957.62744,4.07057496E-06
52,2,4971.12402,4957.62744,4950.76172,4.07057496E-06
52,3,4971.12402,4950.76172,4944.19824,4.07057496E-06
52,4,4971.12402,4944.19824,4940.07031,4.07057496E-06
52,5,4971.12402,4940.07031,4937.86719,4.07057496E-06
52,6,4971.12402,4937.86719,4937.56152,4.07057496E-06
52,7,4971.12402,4937.56152,4939.73877,4.07057496E-06
52,8,4971.12402,4939.73877,4943.79639,4.07057496E-06
52,9,4971.12402,4943.79639,4944.58350,4.07057496E-06
52,10,4971.12402,4944.58350,4944.20068,4.07057496E-06
52,11,4971.12402,4944.20068,4947.19482,4.07057496E-06
52,12,4971.12402,4947.19482,4951.59814,4.07057496E-06
52,13,4971.12402,4951.59814,4954.93408,4.07057496E-06
52,14,4971.12402,4954.93408,4967.46436,4.07057496E-06
52,15,4971.12402,4967.46436,4962.70312,4.07057496E-06
52,16,4971.12402,4962.70312,4965.60596,4.07057496E-06
52,17,4971.12402,4965.60596,4964.96045,4.07057496E-06
52,18,4971.12402,4964.96045,4961.30322,4.07057496E-06
52,19,4971.12402,4961.30322,4964.34033,4.07057496E-06
52,20,4971.12402,4964.34033,4971.12402,4.07057496E-06
53,1,4975.52051,4971.12402,4970.03906,1.74787085E-04
53,2,4975.52051,4970.03906,4973.79639,1.74787085E-04
53,3,4975.52051,4973.79639,4969.73975,1.74787085E-04
53,4,4975.52051,4969.73975,4969.46045,1.74787085E-04
53,5,4975.52051,4969.46045,4969.91846,1.74787085E-04
53,6,4975.52051,4969.91846,4971.71387,1.74787085E-04
53,7,4975.52051,4971.71387,4973.53223,1.74787085E-04
53,8,4975.52051,4973.53223,4973.27490,1.74787085E-04
53,9,4975.52051,4973.27490,4971.34277,1.74787085E-04
53,10,4975.52051,4971.34277,4971.46387,1.74787085E-04
53,11,4975.52051,4971.46387,4969.35010,1.74787085E-04
53,12,4975.52051,4969.35010,4970.96729,1.74787085E-04
53,13,4975.52051,4970.96729,4973.13525,1.74787085E-04
53,14,4975.52051,4973.13525,4974.67188,1.74787085E-04
53,15,4975.52051,4974.67188,4976.15869,1.74787085E-04
53,16,4975.52051,4976.15869,4975.52783,1.74787085E-04
53,17,4975.52051,4975.52783,4973.40186,1.74787085E-04
53,18,4975.52051,4973.40186,4973.21436,1.74787085E-04
53,19,4975.52051,4973.21436,4974.34424,1.74787085E-04
53,20,4975.52051,4974.34424,4975.52051,1.74787085E-04
54,1,4940.42969,4975.52051,4974.62061,4.48695619E-06
54,2,4940.42969,4974.62061,4971.03906,4.48695619E-06
54,3,4940.42969,4971.03906,4965.23047,4.48695619E-06
54,4,4940.42969,4965.23047,4962.02441,4.48695619E-06
54,5,4940.42969,4962.02441,4959.54980,4.48695619E-06
54,6,4940.42969,4959.54980,4953.35498,4.48695619E-06
54,7,4940.42969,4953.35498,4952.72559,4.48695619E-06
54,8,4940.42969,4952.72559,4958.18213,4.48695619E-06
54,9,4940.42969,4958.18213,4959.60107,4.48695619E-06
54,10,4940.42969,4959.60107,4958.58447,4.48695619E-06
54,11,4940.42969,4958.58447,4951.74219,4.48695619E-06
54,12,4940.42969,4951.74219,4947.65723,4.48695619E-06
54,13,4940.42969,4947.65723,4943.05762,4.48695619E-06
54,14,4940.42969,4943.05762,4942.35010,4.48695619E-06
54,15,4940.42969,4942.35010,4942.36475,4.48695619E-06
54,16,4940.42969,4942.36475,4944.19775,4.48695619E-06
54,17,4940.42969,4944.19775,4942.66602,4.48695619E-06
54,18,4940.42969,4942.66602,4940.89795,4.48695619E-06
54,19,4940.42969,4940.89795,4937.14941,4.48695619E-06
54,20,4940.42969,4937.14941,4940.42969,4.48695619E-06
55,1,4949.43018,4940.42969,4940.47754,1.98669804E-05
55,2,4949.43018,4940.47754,4942.08008,1.98669804E-05
55,3,4949.43018,4942.08008,4943.48682,1.98669804E-05
55,4,4949.43018,4943.48682,4949.70312,1.98669804E-05
55,5,4949.43018,4949.70312,4949.88477,1.98669804E-05
55,6,4949.43018,4949.88477,4950.74072,1.98669804E-05
55,7,4949.43018,4950.74072,4947.73047,1.98669804E-05
55,8,4949.43018,4947.73047,4948.63037,1.98669804E-05
55,9,4949.43018,4948.63037,4949.82764,1.98669804E-05
55,10,4949.43018,4949.82764,4956.28174,1.98669804E-05
55,11,4949.43018,4956.28174,4958.91064,1.98669804E-05
55,12,4949.43018,4958.91064,4965.01172,1.98669804E-05
55,13,4949.43018,4965.01172,4969.37549,1.98669804E-05
55,14,4949.43018,4969.37549,4969.78125,1.98669804E-05
55,15,4949.43018,4969.78125,4968.03125,1.98669804E-05
55,16,4949.43018,4968.03125,4963.31738,1.98669804E-05
55,17,4949.43018,4963.31738,4960.89111,1.98669804E-05
55,18,4949.43018,4960.89111,4955.44922,1.98669804E-05
55,19,4949.43018,4955.44922,4949.96826,1.98669804E-05
55,20,4949.43018,4949.96826,4949.43018,1.98669804E-05
56,1,4961.52930,4949.43018,4949.40283,8.09384983E-06
56,2,4961.52930,4949.40283,4949.34619,8.09384983E-06
56,3,4961.52930,4949.34619,4948.53809,8.09384983E-06
56,4,4961.52930,4948.53809,4951.98486,8.09384983E-06
56,5,4961.52930,4951.98486,4955.79346,8.09384983E-06
56,6,4961.52930,4955.79346,4959.06152,8.09384983E-06
56,7,4961.52930,4959.06152,4960.96777,8.09384983E-06
56,8,4961.52930,4960.96777,4966.21387,8.09384983E-06
56,9,4961.52930,4966.21387,4975.41406,8.09384983E-06
56,10,4961.52930,4975.41406,4987.57275,8.09384983E-06
56,11,4961.52930,4987.57275,4991.14990,8.09384983E-06
56,12,4961.52930,4991.14990,4992.57959,8.09384983E-06
56,13,4961.52930,4992.57959,4993.67090,8.09384983E-06
56,14,4961.52930,4993.67090,4994.53369,8.09384983E-06
56,15,4961.52930,4994.53369,4985.02490,8.09384983E-06
56,16,4961.52930,4985.02490,4971.88965,8.09384983E-06
56,17,4961.52930,4971.88965,4965.66406,8.09384983E-06
56,18,4961.52930,4965.66406,4967.16357,8.09384983E-06
56,19,4961.52930,4967.16357,4965.43359,8.09384983E-06
56,20,4961.52930,4965.43359,4961.52930,8.09384983E-06
57,1,4975.71631,4976.80029,4982.86377,5.41829104E-06
57,2,4975.71631,4982.86377,4989.52832,5.41829104E-06
57,3,4975.71631,4989.52832,4985.03516,5.41829104E-06
57,4,4975.71631,4985.03516,4970.77393,5.41829104E-06
57,5,4975.71631,4970.77393,4968.87842,5.41829104E-06
57,6,4975.71631,4968.87842,4973.51562,5.41829104E-06
57,7,4975.71631,4973.51562,4971.03760,5.41829104E-06
57,8,4975.71631,4971.03760,4960.86768,5.41829104E-06
57,9,4975.71631,4960.86768,4952.52930,5.41829104E-06
57,10,4975.71631,4952.52930,4957.43115,5.41829104E-06
57,11,4975.71631,4957.43115,4965.73096,5.41829104E-06
57,12,4975.71631,4965.73096,4966.38428,5.41829104E-06
57,13,4975.71631,4966.38428,4965.59863,5.41829104E-06
57,14,4975.71631,4965.59863,4970.84082,5.41829104E-06
57,15,4975.71631,4970.84082,4977.13867,5.41829104E-06
57,16,4975.71631,4977.13867,4977.56445,5.41829104E-06
57,17,4975.71631,4977.56445,4977.04004,5.41829104E-06
57,18,4975.71631,4977.04004,4971.52344,5.41829104E-06
57,19,4975.71631,4971.52344,4972.82373,5.41829104E-06
57,20,4975.71631,4972.82373,4975.71631,5.41829104E-06
58,1,4984.31055,4975.71631,4985.77002,2.68362583E-05
58,2,4984.31055,4985.77002,4975.07129,2.68362583E-05
58,3,4984.31055,4975.07129,4956.67676,2.68362583E-05
58,4,4984.31055,4956.67676,4964.10400,2.68362583E-05
58,5,4984.31055,4964.10400,4985.01025,2.68362583E-05
58,6,4984.31055,4985.01025,4978.90381,2.68362583E-05
58,7,4984.31055,4978.90381,4971.08398,2.68362583E-05
58,8,4984.31055,4971.08398,4991.92676,2.68362583E-05
58,9,4984.31055,4991.92676,4989.53760,2.68362583E-05
58,10,4984.31055,4989.53760,4969.82715,2.68362583E-05
58,11,4984.31055,4969.82715,4973.57764,2.68362583E-05
58,12,4984.31055,4973.57764,4984.14795,2.68362583E-05
58,13,4984.31055,4984.14795,5010.30273,2.68362583E-05
58,14,4984.31055,5010.30273,5003.93750,2.68362583E-05
58,15,4984.31055,5003.93750,4968.35449,2.68362583E-05
58,16,4984.31055,4968.35449,4945.87646,2.68362583E-05
58,17,4984.31055,4945.87646,4974.86719,2.68362583E-05
58,18,4984.31055,4974.86719,5000.10498,2.68362583E-05
58,19,4984.31055,5000.10498,4980.12891,2.68362583E-05
58,20,4984.31055,4980.12891,4984.31055,2.68362583E-05
