i,k,old_q,old_q_ch_in,old_q_ch_out,qlat_ch_old
1,1,458.128784,0.00000000,23.4099979,5.39285713E-04
1,2,458.128784,23.4099979,47.0350761,5.39285713E-04
1,3,458.128784,47.0350761,69.2647095,5.39285713E-04
1,4,458.128784,69.2647095,96.4749222,5.39285713E-04
1,5,458.128784,96.4749222,113.499191,5.39285713E-04
1,6,458.128784,113.499191,141.032150,5.39285713E-04
1,7,458.128784,141.032150,166.768372,5.39285713E-04
1,8,458.128784,166.768372,192.139160,5.39285713E-04
1,9,458.128784,192.139160,188.910736,5.39285713E-04
1,10,458.128784,188.910736,263.042358,5.39285713E-04
1,11,458.128784,263.042358,246.159393,5.39285713E-04
1,12,458.128784,246.159393,265.583466,5.39285713E-04
1,13,458.128784,265.583466,314.708954,5.39285713E-04
1,14,458.128784,314.708954,360.980621,5.39285713E-04
1,15,458.128784,360.980621,316.779877,5.39285713E-04
1,16,458.128784,316.779877,358.202789,5.39285713E-04
1,17,458.128784,358.202789,415.157837,5.39285713E-04
1,18,458.128784,415.157837,435.522339,5.39285713E-04
1,19,458.128784,435.522339,438.141876,5.39285713E-04
1,20,458.128784,438.141876,458.128784,5.39285713E-04
2,1,1594.81372,0.00000000,80.3863220,3.22599453E-03
2,2,1594.81372,80.3863220,159.715393,3.22599453E-03
2,3,1594.81372,159.715393,238.945862,3.22599453E-03
2,4,1594.81372,238.945862,320.303528,3.22599453E-03
2,5,1594.81372,320.303528,402.091248,3.22599453E-03
2,6,1594.81372,402.091248,482.252075,3.22599453E-03
2,7,1594.81372,482.252075,560.560974,3.22599453E-03
2,8,1594.81372,560.560974,638.325500,3.22599453E-03
2,9,1594.81372,638.325500,717.094849,3.22599453E-03
2,10,1594.81372,717.094849,797.656189,3.22599453E-03
2,11,1594.81372,797.656189,879.760681,3.22599453E-03
2,12,1594.81372,879.760681,962.440002,3.22599453E-03
2,13,1594.81372,962.440002,1044.55469,3.22599453E-03
2,14,1594.81372,1044.55469,1125.27722,3.22599453E-03
2,15,1594.81372,1125.27722,1204.35083,3.22599453E-03
2,16,1594.81372,1204.35083,1282.09521,3.22599453E-03
2,17,1594.81372,1282.09521,1359.23120,3.22599453E-03
2,18,1594.81372,1359.23120,1436.61743,3.22599453E-03
2,19,1594.81372,1436.61743,1514.99707,3.22599453E-03
2,20,1594.81372,1514.99707,1594.81372,3.22599453E-03
3,1,0.00000000,0.00000000,0.00000000,-1.02905597E-05
3,2,0.00000000,0.00000000,0.00000000,-1.02905597E-05
3,3,0.00000000,0.00000000,0.00000000,-1.02905597E-05
3,4,0.00000000,0.00000000,0.00000000,-1.02905597E-05
3,5,0.00000000,0.00000000,0.00000000,-1.02905597E-05
3,6,0.00000000,0.00000000,0.00000000,-1.02905597E-05
3,7,0.00000000,0.00000000,0.00000000,-1.02905597E-05
3,8,0.00000000,0.00000000,0.00000000,-1.02905597E-05
3,9,0.00000000,0.00000000,0.00000000,-1.02905597E-05
3,10,0.00000000,0.00000000,0.00000000,-1.02905597E-05
3,11,0.00000000,0.00000000,0.00000000,-1.02905597E-05
3,12,0.00000000,0.00000000,0.00000000,-1.02905597E-05
3,13,0.00000000,0.00000000,0.00000000,-1.02905597E-05
3,14,0.00000000,0.00000000,0.00000000,-1.02905597E-05
3,15,0.00000000,0.00000000,0.00000000,-1.02905597E-05
3,16,0.00000000,0.00000000,0.00000000,-1.02905597E-05
3,17,0.00000000,0.00000000,0.00000000,-1.02905597E-05
3,18,0.00000000,0.00000000,0.00000000,-1.02905597E-05
3,19,0.00000000,0.00000000,0.00000000,-1.02905597E-05
3,20,0.00000000,0.00000000,0.00000000,-1.02905597E-05
4,1,74.8341217,0.00000000,3.86506367,6.19261627E-05
4,2,74.8341217,3.86506367,7.16417503,6.19261627E-05
4,3,74.8341217,7.16417503,12.1542511,6.19261627E-05
4,4,74.8341217,12.1542511,15.1090269,6.19261627E-05
4,5,74.8341217,15.1090269,18.1929932,6.19261627E-05
4,6,74.8341217,18.1929932,22.5010872,6.19261627E-05
4,7,74.8341217,22.5010872,27.1606178,6.19261627E-05
4,8,74.8341217,27.1606178,31.1553421,6.19261627E-05
4,9,74.8341217,31.1553421,34.3708839,6.19261627E-05
4,10,74.8341217,34.3708839,37.3905563,6.19261627E-05
4,11,74.8341217,37.3905563,40.8325310,6.19261627E-05
4,12,74.8341217,40.8325310,44.9067535,6.19261627E-05
4,13,74.8341217,44.9067535,49.3838081,6.19261627E-05
4,14,74.8341217,49.3838081,53.8327026,6.19261627E-05
4,15,74.8341217,53.8327026,57.8993187,6.19261627E-05
4,16,74.8341217,57.8993187,61.4700394,6.19261627E-05
4,17,74.8341217,61.4700394,64.6796265,6.19261627E-05
4,18,74.8341217,64.6796265,67.8067856,6.19261627E-05
4,19,74.8341217,67.8067856,71.1336212,6.19261627E-05
4,20,74.8341217,71.1336212,74.8341217,6.19261627E-05
5,1,2.04812551,0.00000000,0.101719439,1.73240664E-06
5,2,2.04812551,0.101719439,0.203424051,1.73240664E-06
5,3,2.04812551,0.203424051,0.305295974,1.73240664E-06
5,4,2.04812551,0.305295974,0.406041265,1.73240664E-06
5,5,2.04812551,0.406041265,0.511776268,1.73240664E-06
5,6,2.04812551,0.511776268,0.602486253,1.73240664E-06
5,7,2.04812551,0.602486253,0.723559022,1.73240664E-06
5,8,2.04812551,0.723559022,0.806909442,1.73240664E-06
5,9,2.04812551,0.806909442,0.909373045,1.73240664E-06
5,10,2.04812551,0.909373045,1.02723861,1.73240664E-06
5,11,2.04812551,1.02723861,1.12303650,1.73240664E-06
5,12,2.04812551,1.12303650,1.21033752,1.73240664E-06
5,13,2.04812551,1.21033752,1.31597316,1.73240664E-06
5,14,2.04812551,1.31597316,1.43232584,1.73240664E-06
5,15,2.04812551,1.43232584,1.53652954,1.73240664E-06
5,16,2.04812551,1.53652954,1.62570667,1.73240664E-06
5,17,2.04812551,1.62570667,1.71682262,1.73240664E-06
5,18,2.04812551,1.71682262,1.82258081,1.73240664E-06
5,19,2.04812551,1.82258081,1.93788075,1.73240664E-06
5,20,2.04812551,1.93788075,2.04812551,1.73240664E-06
6,1,0.00000000,0.00000000,0.00000000,-8.95918078E-08
6,2,0.00000000,0.00000000,0.00000000,-8.95918078E-08
6,3,0.00000000,0.00000000,0.00000000,-8.95918078E-08
6,4,0.00000000,0.00000000,0.00000000,-8.95918078E-08
6,5,0.00000000,0.00000000,0.00000000,-8.95918078E-08
6,6,0.00000000,0.00000000,0.00000000,-8.95918078E-08
6,7,0.00000000,0.00000000,0.00000000,-8.95918078E-08
6,8,0.00000000,0.00000000,0.00000000,-8.95918078E-08
6,9,0.00000000,0.00000000,0.00000000,-8.95918078E-08
6,10,0.00000000,0.00000000,0.00000000,-8.95918078E-08
6,11,0.00000000,0.00000000,0.00000000,-8.95918078E-08
6,12,0.00000000,0.00000000,0.00000000,-8.95918078E-08
6,13,0.00000000,0.00000000,0.00000000,-8.95918078E-08
6,14,0.00000000,0.00000000,0.00000000,-8.95918078E-08
6,15,0.00000000,0.00000000,0.00000000,-8.95918078E-08
6,16,0.00000000,0.00000000,0.00000000,-8.95918078E-08
6,17,0.00000000,0.00000000,0.00000000,-8.95918078E-08
6,18,0.00000000,0.00000000,0.00000000,-8.95918078E-08
6,19,0.00000000,0.00000000,0.00000000,-8.95918078E-08
6,20,0.00000000,0.00000000,0.00000000,-8.95918078E-08
7,1,0.00000000,0.00000000,0.00000000,-8.16263793E-11
7,2,0.00000000,0.00000000,0.00000000,-8.16263793E-11
7,3,0.00000000,0.00000000,0.00000000,-8.16263793E-11
7,4,0.00000000,0.00000000,0.00000000,-8.16263793E-11
7,5,0.00000000,0.00000000,0.00000000,-8.16263793E-11
7,6,0.00000000,0.00000000,0.00000000,-8.16263793E-11
7,7,0.00000000,0.00000000,0.00000000,-8.16263793E-11
7,8,0.00000000,0.00000000,0.00000000,-8.16263793E-11
7,9,0.00000000,0.00000000,0.00000000,-8.16263793E-11
7,10,0.00000000,0.00000000,0.00000000,-8.16263793E-11
7,11,0.00000000,0.00000000,0.00000000,-8.16263793E-11
7,12,0.00000000,0.00000000,0.00000000,-8.16263793E-11
7,13,0.00000000,0.00000000,0.00000000,-8.16263793E-11
7,14,0.00000000,0.00000000,0.00000000,-8.16263793E-11
7,15,0.00000000,0.00000000,0.00000000,-8.16263793E-11
7,16,0.00000000,0.00000000,0.00000000,-8.16263793E-11
7,17,0.00000000,0.00000000,0.00000000,-8.16263793E-11
7,18,0.00000000,0.00000000,0.00000000,-8.16263793E-11
7,19,0.00000000,0.00000000,0.00000000,-8.16263793E-11
7,20,0.00000000,0.00000000,0.00000000,-8.16263793E-11
8,1,0.00000000,0.00000000,0.00000000,-6.40225539E-04
8,2,0.00000000,0.00000000,0.00000000,-6.40225539E-04
8,3,0.00000000,0.00000000,0.00000000,-6.40225539E-04
8,4,0.00000000,0.00000000,0.00000000,-6.40225539E-04
8,5,0.00000000,0.00000000,0.00000000,-6.40225539E-04
8,6,0.00000000,0.00000000,0.00000000,-6.40225539E-04
8,7,0.00000000,0.00000000,0.00000000,-6.40225539E-04
8,8,0.00000000,0.00000000,0.00000000,-6.40225539E-04
8,9,0.00000000,0.00000000,0.00000000,-6.40225539E-04
8,10,0.00000000,0.00000000,0.00000000,-6.40225539E-04
8,11,0.00000000,0.00000000,0.00000000,-6.40225539E-04
8,12,0.00000000,0.00000000,0.00000000,-6.40225539E-04
8,13,0.00000000,0.00000000,0.00000000,-6.40225539E-04
8,14,0.00000000,0.00000000,0.00000000,-6.40225539E-04
8,15,0.00000000,0.00000000,0.00000000,-6.40225539E-04
8,16,0.00000000,0.00000000,0.00000000,-6.40225539E-04
8,17,0.00000000,0.00000000,0.00000000,-6.40225539E-04
8,18,0.00000000,0.00000000,0.00000000,-6.40225539E-04
8,19,0.00000000,0.00000000,0.00000000,-6.40225539E-04
8,20,0.00000000,0.00000000,0.00000000,-6.40225539E-04
9,1,0.452377975,0.00000000,2.59803236E-02,3.58316674E-06
9,2,0.452377975,2.59803236E-02,4.01770175E-02,3.58316674E-06
9,3,0.452377975,4.01770175E-02,6.66086599E-02,3.58316674E-06
9,4,0.452377975,6.66086599E-02,9.66891348E-02,3.58316674E-06
9,5,0.452377975,9.66891348E-02,0.122420423,3.58316674E-06
9,6,0.452377975,0.122420423,0.142528266,3.58316674E-06
9,7,0.452377975,0.142528266,0.159954339,3.58316674E-06
9,8,0.452377975,0.159954339,0.178346917,3.58316674E-06
9,9,0.452377975,0.178346917,0.199955776,3.58316674E-06
9,10,0.452377975,0.199955776,0.225094020,3.58316674E-06
9,11,0.452377975,0.225094020,0.252595305,3.58316674E-06
9,12,0.452377975,0.252595305,0.280644923,3.58316674E-06
9,13,0.452377975,0.280644923,0.307547897,3.58316674E-06
9,14,0.452377975,0.307547897,0.332221091,3.58316674E-06
9,15,0.452377975,0.332221091,0.354370624,3.58316674E-06
9,16,0.452377975,0.354370624,0.374410361,3.58316674E-06
9,17,0.452377975,0.374410361,0.393225670,3.58316674E-06
9,18,0.452377975,0.393225670,0.411882639,3.58316674E-06
9,19,0.452377975,0.411882639,0.431363940,3.58316674E-06
9,20,0.452377975,0.431363940,0.452377975,3.58316674E-06
10,1,0.00000000,0.00000000,0.00000000,-8.54080499E-05
10,2,0.00000000,0.00000000,0.00000000,-8.54080499E-05
10,3,0.00000000,0.00000000,0.00000000,-8.54080499E-05
10,4,0.00000000,0.00000000,0.00000000,-8.54080499E-05
10,5,0.00000000,0.00000000,0.00000000,-8.54080499E-05
10,6,0.00000000,0.00000000,0.00000000,-8.54080499E-05
10,7,0.00000000,0.00000000,0.00000000,-8.54080499E-05
10,8,0.00000000,0.00000000,0.00000000,-8.54080499E-05
10,9,0.00000000,0.00000000,0.00000000,-8.54080499E-05
10,10,0.00000000,0.00000000,0.00000000,-8.54080499E-05
10,11,0.00000000,0.00000000,0.00000000,-8.54080499E-05
10,12,0.00000000,0.00000000,0.00000000,-8.54080499E-05
10,13,0.00000000,0.00000000,0.00000000,-8.54080499E-05
10,14,0.00000000,0.00000000,0.00000000,-8.54080499E-05
10,15,0.00000000,0.00000000,0.00000000,-8.54080499E-05
10,16,0.00000000,0.00000000,0.00000000,-8.54080499E-05
10,17,0.00000000,0.00000000,0.00000000,-8.54080499E-05
10,18,0.00000000,0.00000000,0.00000000,-8.54080499E-05
10,19,0.00000000,0.00000000,0.00000000,-8.54080499E-05
10,20,0.00000000,0.00000000,0.00000000,-8.54080499E-05
11,1,7.88312960,0.00000000,0.392703503,6.66387723E-06
11,2,7.88312960,0.392703503,0.766220152,6.66387723E-06
11,3,7.88312960,0.766220152,1.22465587,6.66387723E-06
11,4,7.88312960,1.22465587,1.49710798,6.66387723E-06
11,5,7.88312960,1.49710798,1.94753170,6.66387723E-06
11,6,7.88312960,1.94753170,2.41395998,6.66387723E-06
11,7,7.88312960,2.41395998,2.76005983,6.66387723E-06
11,8,7.88312960,2.76005983,3.07022500,6.66387723E-06
11,9,7.88312960,3.07022500,3.45499945,6.66387723E-06
11,10,7.88312960,3.45499945,3.91361976,6.66387723E-06
11,11,7.88312960,3.91361976,4.36861563,6.66387723E-06
11,12,7.88312960,4.36861563,4.76001358,6.66387723E-06
11,13,7.88312960,4.76001358,5.09240913,6.66387723E-06
11,14,7.88312960,5.09240913,5.41617346,6.66387723E-06
11,15,7.88312960,5.41617346,5.78076267,6.66387723E-06
11,16,7.88312960,5.78076267,6.20146847,6.66387723E-06
11,17,7.88312960,6.20146847,6.65633011,6.66387723E-06
11,18,7.88312960,6.65633011,7.10583735,6.66387723E-06
11,19,7.88312960,7.10583735,7.51784134,6.66387723E-06
11,20,7.88312960,7.51784134,7.88312960,6.66387723E-06
12,1,0.00000000,0.00000000,0.00000000,-1.04284525E-09
12,2,0.00000000,0.00000000,0.00000000,-1.04284525E-09
12,3,0.00000000,0.00000000,0.00000000,-1.04284525E-09
12,4,0.00000000,0.00000000,0.00000000,-1.04284525E-09
12,5,0.00000000,0.00000000,0.00000000,-1.04284525E-09
12,6,0.00000000,0.00000000,0.00000000,-1.04284525E-09
12,7,0.00000000,0.00000000,0.00000000,-1.04284525E-09
12,8,0.00000000,0.00000000,0.00000000,-1.04284525E-09
12,9,0.00000000,0.00000000,0.00000000,-1.04284525E-09
12,10,0.00000000,0.00000000,0.00000000,-1.04284525E-09
12,11,0.00000000,0.00000000,0.00000000,-1.04284525E-09
12,12,0.00000000,0.00000000,0.00000000,-1.04284525E-09
12,13,0.00000000,0.00000000,0.00000000,-1.04284525E-09
12,14,0.00000000,0.00000000,0.00000000,-1.04284525E-09
12,15,0.00000000,0.00000000,0.00000000,-1.04284525E-09
12,16,0.00000000,0.00000000,0.00000000,-1.04284525E-09
12,17,0.00000000,0.00000000,0.00000000,-1.04284525E-09
12,18,0.00000000,0.00000000,0.00000000,-1.04284525E-09
12,19,0.00000000,0.00000000,0.00000000,-1.04284525E-09
12,20,0.00000000,0.00000000,0.00000000,-1.04284525E-09
13,1,0.00000000,0.00000000,0.00000000,-1.52524376E-06
13,2,0.00000000,0.00000000,0.00000000,-1.52524376E-06
13,3,0.00000000,0.00000000,0.00000000,-1.52524376E-06
13,4,0.00000000,0.00000000,0.00000000,-1.52524376E-06
13,5,0.00000000,0.00000000,0.00000000,-1.52524376E-06
13,6,0.00000000,0.00000000,0.00000000,-1.52524376E-06
13,7,0.00000000,0.00000000,0.00000000,-1.52524376E-06
13,8,0.00000000,0.00000000,0.00000000,-1.52524376E-06
13,9,0.00000000,0.00000000,0.00000000,-1.52524376E-06
13,10,0.00000000,0.00000000,0.00000000,-1.52524376E-06
13,11,0.00000000,0.00000000,0.00000000,-1.52524376E-06
13,12,0.00000000,0.00000000,0.00000000,-1.52524376E-06
13,13,0.00000000,0.00000000,0.00000000,-1.52524376E-06
13,14,0.00000000,0.00000000,0.00000000,-1.52524376E-06
13,15,0.00000000,0.00000000,0.00000000,-1.52524376E-06
13,16,0.00000000,0.00000000,0.00000000,-1.52524376E-06
13,17,0.00000000,0.00000000,0.00000000,-1.52524376E-06
13,18,0.00000000,0.00000000,0.00000000,-1.52524376E-06
13,19,0.00000000,0.00000000,0.00000000,-1.52524376E-06
13,20,0.00000000,0.00000000,0.00000000,-1.52524376E-06
14,1,134.408447,0.00000000,17.7923145,1.31418894E-03
14,2,134.408447,17.7923145,35.3135033,1.31418894E-03
14,3,134.408447,35.3135033,52.1950684,1.31418894E-03
14,4,134.408447,52.1950684,67.9707184,1.31418894E-03
14,5,134.408447,67.9707184,82.1871338,1.31418894E-03
14,6,134.408447,82.1871338,94.5075836,1.31418894E-03
14,7,134.408447,94.5075836,104.770874,1.31418894E-03
14,8,134.408447,104.770874,112.996933,1.31418894E-03
14,9,134.408447,112.996933,119.351944,1.31418894E-03
14,10,134.408447,119.351944,124.094360,1.31418894E-03
14,11,134.408447,124.094360,127.520729,1.31418894E-03
14,12,134.408447,127.520729,129.922882,1.31418894E-03
14,13,134.408447,129.922882,131.560516,1.31418894E-03
14,14,134.408447,131.560516,132.648361,1.31418894E-03
14,15,134.408447,132.648361,133.353775,1.31418894E-03
14,16,134.408447,133.353775,133.801056,1.31418894E-03
14,17,134.408447,133.801056,134.078781,1.31418894E-03
14,18,134.408447,134.078781,134.247894,1.31418894E-03
14,19,134.408447,134.247894,134.349014,1.31418894E-03
14,20,134.408447,134.349014,134.408447,1.31418894E-03
15,1,1.38875151,0.452377975,0.500774980,3.01426485E-06
15,2,1.38875151,0.500774980,0.559069991,3.01426485E-06
15,3,1.38875151,0.559069991,0.603004694,3.01426485E-06
15,4,1.38875151,0.603004694,0.666445911,3.01426485E-06
15,5,1.38875151,0.666445911,0.696964920,3.01426485E-06
15,6,1.38875151,0.696964920,0.722508848,3.01426485E-06
15,7,1.38875151,0.722508848,0.769784749,3.01426485E-06
15,8,1.38875151,0.769784749,0.830447972,3.01426485E-06
15,9,1.38875151,0.830447972,0.886567473,3.01426485E-06
15,10,1.38875151,0.886567473,0.932616949,3.01426485E-06
15,11,1.38875151,0.932616949,0.974507332,3.01426485E-06
15,12,1.38875151,0.974507332,1.01878548,3.01426485E-06
15,13,1.38875151,1.01878548,1.06624854,3.01426485E-06
15,14,1.38875151,1.06624854,1.11326718,3.01426485E-06
15,15,1.38875151,1.11326718,1.15654814,3.01426485E-06
15,16,1.38875151,1.15654814,1.19637454,3.01426485E-06
15,17,1.38875151,1.19637454,1.23638082,3.01426485E-06
15,18,1.38875151,1.23638082,1.28089976,3.01426485E-06
15,19,1.38875151,1.28089976,1.33211732,3.01426485E-06
15,20,1.38875151,1.33211732,1.38875151,3.01426485E-06
16,1,114.098328,0.00000000,5.69073105,6.87613734E-04
16,2,114.098328,5.69073105,11.3569670,6.87613734E-04
16,3,114.098328,11.3569670,17.1031322,6.87613734E-04
16,4,114.098328,17.1031322,22.7603989,6.87613734E-04
16,5,114.098328,22.7603989,28.3498821,6.87613734E-04
16,6,114.098328,28.3498821,34.1039124,6.87613734E-04
16,7,114.098328,34.1039124,39.9850616,6.87613734E-04
16,8,114.098328,39.9850616,45.5739632,6.87613734E-04
16,9,114.098328,45.5739632,51.0526619,6.87613734E-04
16,10,114.098328,51.0526619,56.7015724,6.87613734E-04
16,11,114.098328,56.7015724,62.5245552,6.87613734E-04
16,12,114.098328,62.5245552,68.3890381,6.87613734E-04
16,13,114.098328,68.3890381,74.1702576,6.87613734E-04
16,14,114.098328,74.1702576,79.7938385,6.87613734E-04
16,15,114.098328,79.7938385,85.2788239,6.87613734E-04
16,16,114.098328,85.2788239,90.7519836,6.87613734E-04
16,17,114.098328,90.7519836,96.3698883,6.87613734E-04
16,18,114.098328,96.3698883,102.199554,6.87613734E-04
16,19,114.098328,102.199554,108.164078,6.87613734E-04
16,20,114.098328,108.164078,114.098328,6.87613734E-04
17,1,0.00000000,0.00000000,0.00000000,-3.78994409E-05
17,2,0.00000000,0.00000000,0.00000000,-3.78994409E-05
17,3,0.00000000,0.00000000,0.00000000,-3.78994409E-05
17,4,0.00000000,0.00000000,0.00000000,-3.78994409E-05
17,5,0.00000000,0.00000000,0.00000000,-3.78994409E-05
17,6,0.00000000,0.00000000,0.00000000,-3.78994409E-05
17,7,0.00000000,0.00000000,0.00000000,-3.78994409E-05
17,8,0.00000000,0.00000000,0.00000000,-3.78994409E-05
17,9,0.00000000,0.00000000,0.00000000,-3.78994409E-05
17,10,0.00000000,0.00000000,0.00000000,-3.78994409E-05
17,11,0.00000000,0.00000000,0.00000000,-3.78994409E-05
17,12,0.00000000,0.00000000,0.00000000,-3.78994409E-05
17,13,0.00000000,0.00000000,0.00000000,-3.78994409E-05
17,14,0.00000000,0.00000000,0.00000000,-3.78994409E-05
17,15,0.00000000,0.00000000,0.00000000,-3.78994409E-05
17,16,0.00000000,0.00000000,0.00000000,-3.78994409E-05
17,17,0.00000000,0.00000000,0.00000000,-3.78994409E-05
17,18,0.00000000,0.00000000,0.00000000,-3.78994409E-05
17,19,0.00000000,0.00000000,0.00000000,-3.78994409E-05
17,20,0.00000000,0.00000000,0.00000000,-3.78994409E-05
18,1,17.2397118,7.88312960,8.31786919,4.90021448E-05
18,2,17.2397118,8.31786919,8.77236938,4.90021448E-05
18,3,17.2397118,8.77236938,9.23936272,4.90021448E-05
18,4,17.2397118,9.23936272,9.73316193,4.90021448E-05
18,5,17.2397118,9.73316193,10.2506676,4.90021448E-05
18,6,17.2397118,10.2506676,10.7729406,4.90021448E-05
18,7,17.2397118,10.7729406,11.2773542,4.90021448E-05
18,8,17.2397118,11.2773542,11.7478914,4.90021448E-05
18,9,17.2397118,11.7478914,12.1797857,4.90021448E-05
18,10,17.2397118,12.1797857,12.5792227,4.90021448E-05
18,11,17.2397118,12.5792227,12.9600372,4.90021448E-05
18,12,17.2397118,12.9600372,13.3391571,4.90021448E-05
18,13,17.2397118,13.3391571,13.7325468,4.90021448E-05
18,14,17.2397118,13.7325468,14.1521587,4.90021448E-05
18,15,17.2397118,14.1521587,14.6044216,4.90021448E-05
18,16,17.2397118,14.6044216,15.0900450,4.90021448E-05
18,17,17.2397118,15.0900450,15.6048422,4.90021448E-05
18,18,17.2397118,15.6048422,16.1410675,4.90021448E-05
18,19,17.2397118,16.1410675,16.6892319,4.90021448E-05
18,20,17.2397118,16.6892319,17.2397118,4.90021448E-05
19,1,114.338875,114.098328,113.922112,5.70786662E-09
19,2,114.338875,113.922112,113.308174,5.70786662E-09
19,3,114.338875,113.308174,113.679466,5.70786662E-09
19,4,114.338875,113.679466,114.279396,5.70786662E-09
19,5,114.338875,114.279396,113.864815,5.70786662E-09
19,6,114.338875,113.864815,113.206276,5.70786662E-09
19,7,114.338875,113.206276,113.427299,5.70786662E-09
19,8,114.338875,113.427299,114.459526,5.70786662E-09
19,9,114.338875,114.459526,114.195930,5.70786662E-09
19,10,114.338875,114.195930,113.410172,5.70786662E-09
19,11,114.338875,113.410172,113.107735,5.70786662E-09
19,12,114.338875,113.107735,113.167091,5.70786662E-09
19,13,114.338875,113.167091,114.742584,5.70786662E-09
19,14,114.338875,114.742584,115.275536,5.70786662E-09
19,15,114.338875,115.275536,113.289589,5.70786662E-09
19,16,114.338875,113.289589,111.801155,5.70786662E-09
19,17,114.338875,111.801155,112.887558,5.70786662E-09
19,18,114.338875,112.887558,115.024040,5.70786662E-09
19,19,114.338875,115.024040,115.398964,5.70786662E-09
19,20,114.338875,115.398964,114.338875,5.70786662E-09
20,1,1.40514445,1.38875151,1.38728178,9.05674042E-08
20,2,1.40514445,1.38728178,1.39666677,9.05674042E-08
20,3,1.40514445,1.39666677,1.40011823,9.05674042E-08
20,4,1.40514445,1.40011823,1.39841247,9.05674042E-08
20,5,1.40514445,1.39841247,1.39600992,9.05674042E-08
20,6,1.40514445,1.39600992,1.39596117,9.05674042E-08
20,7,1.40514445,1.39596117,1.39896762,9.05674042E-08
20,8,1.40514445,1.39896762,1.40404665,9.05674042E-08
20,9,1.40514445,1.40404665,1.40954614,9.05674042E-08
20,10,1.40514445,1.40954614,1.41394496,9.05674042E-08
20,11,1.40514445,1.41394496,1.41629982,9.05674042E-08
20,12,1.40514445,1.41629982,1.41636610,9.05674042E-08
20,13,1.40514445,1.41636610,1.41449642,9.05674042E-08
20,14,1.40514445,1.41449642,1.41141832,9.05674042E-08
20,15,1.40514445,1.41141832,1.40799987,9.05674042E-08
20,16,1.40514445,1.40799987,1.40503800,9.05674042E-08
20,17,1.40514445,1.40503800,1.40311646,9.05674042E-08
20,18,1.40514445,1.40311646,1.40253270,9.05674042E-08
20,19,1.40514445,1.40253270,1.40329111,9.05674042E-08
20,20,1.40514445,1.40329111,1.40514445,9.05674042E-08
21,1,28.7186222,0.00000000,1.46423948,2.91303935E-04
21,2,28.7186222,1.46423948,2.81123042,2.91303935E-04
21,3,28.7186222,2.81123042,4.22613144,2.91303935E-04
21,4,28.7186222,4.22613144,5.72438431,2.91303935E-04
21,5,28.7186222,5.72438431,7.25351620,2.91303935E-04
21,6,28.7186222,7.25351620,8.75426769,2.91303935E-04
21,7,28.7186222,8.75426769,10.3516245,2.91303935E-04
21,8,28.7186222,10.3516245,11.5767994,2.91303935E-04
21,9,28.7186222,11.5767994,12.6869049,2.91303935E-04
21,10,28.7186222,12.6869049,13.8876438,2.91303935E-04
21,11,28.7186222,13.8876438,15.2403326,2.91303935E-04
21,12,28.7186222,15.2403326,16.7298222,2.91303935E-04
21,13,28.7186222,16.7298222,18.3081741,2.91303935E-04
21,14,28.7186222,18.3081741,19.9210815,2.91303935E-04
21,15,28.7186222,19.9210815,21.5221653,2.91303935E-04
21,16,28.7186222,21.5221653,23.0792789,2.91303935E-04
21,17,28.7186222,23.0792789,24.5756550,2.91303935E-04
21,18,28.7186222,24.5756550,26.0082283,2.91303935E-04
21,19,28.7186222,26.0082283,27.3844509,2.91303935E-04
21,20,28.7186222,27.3844509,28.7186222,2.91303935E-04
22,1,1044.97351,17.2397118,65.4479446,2.13822792E-03
22,2,1044.97351,65.4479446,116.255844,2.13822792E-03
22,3,1044.97351,116.255844,178.069000,2.13822792E-03
22,4,1044.97351,178.069000,237.310181,2.13822792E-03
22,5,1044.97351,237.310181,259.090607,2.13822792E-03
22,6,1044.97351,259.090607,293.471375,2.13822792E-03
22,7,1044.97351,293.471375,350.925812,2.13822792E-03
22,8,1044.97351,350.925812,420.682678,2.13822792E-03
22,9,1044.97351,420.682678,489.496857,2.13822792E-03
22,10,1044.97351,489.496857,549.080322,2.13822792E-03
22,11,1044.97351,549.080322,597.338379,2.13822792E-03
22,12,1044.97351,597.338379,636.793213,2.13822792E-03
22,13,1044.97351,636.793213,672.222961,2.13822792E-03
22,14,1044.97351,672.222961,710.736145,2.13822792E-03
22,15,1044.97351,710.736145,748.707886,2.13822792E-03
22,16,1044.97351,748.707886,791.992737,2.13822792E-03
22,17,1044.97351,791.992737,847.611206,2.13822792E-03
22,18,1044.97351,847.611206,913.114746,2.13822792E-03
22,19,1044.97351,913.114746,981.090393,2.13822792E-03
22,20,1044.97351,981.090393,1044.97351,2.13822792E-03
23,1,92.2053528,114.338875,113.077118,-1.75613677E-04
23,2,92.2053528,113.077118,111.791595,-1.75613677E-04
23,3,92.2053528,111.791595,110.557976,-1.75613677E-04
23,4,92.2053528,110.557976,109.300644,-1.75613677E-04
23,5,92.2053528,109.300644,107.989494,-1.75613677E-04
23,6,92.2053528,107.989494,106.957535,-1.75613677E-04
23,7,92.2053528,106.957535,105.101280,-1.75613677E-04
23,8,92.2053528,105.101280,104.662903,-1.75613677E-04
23,9,92.2053528,104.662903,104.029854,-1.75613677E-04
23,10,92.2053528,104.029854,102.654388,-1.75613677E-04
23,11,92.2053528,102.654388,101.282036,-1.75613677E-04
23,12,92.2053528,101.282036,99.3161621,-1.75613677E-04
23,13,92.2053528,99.3161621,97.8641129,-1.75613677E-04
23,14,92.2053528,97.8641129,97.4604187,-1.75613677E-04
23,15,92.2053528,97.4604187,97.4583664,-1.75613677E-04
23,16,92.2053528,97.4583664,97.2055817,-1.75613677E-04
23,17,92.2053528,97.2055817,96.3922424,-1.75613677E-04
23,18,92.2053528,96.3922424,94.7281342,-1.75613677E-04
23,19,92.2053528,94.7281342,93.5185852,-1.75613677E-04
23,20,92.2053528,93.5185852,92.2053528,-1.75613677E-04
24,1,29.2134323,28.7186222,28.4187317,1.52002315E-07
24,2,29.2134323,28.4187317,27.8928814,1.52002315E-07
24,3,29.2134323,27.8928814,27.7634201,1.52002315E-07
24,4,29.2134323,27.7634201,31.7814293,1.52002315E-07
24,5,29.2134323,31.7814293,28.8691673,1.52002315E-07
24,6,29.2134323,28.8691673,26.4642830,1.52002315E-07
24,7,29.2134323,26.4642830,27.0195827,1.52002315E-07
24,8,29.2134323,27.0195827,28.8584900,1.52002315E-07
24,9,29.2134323,28.8584900,29.9612007,1.52002315E-07
24,10,29.2134323,29.9612007,29.6578026,1.52002315E-07
24,11,29.2134323,29.6578026,28.4817905,1.52002315E-07
24,12,29.2134323,28.4817905,27.3670464,1.52002315E-07
24,13,29.2134323,27.3670464,26.9831123,1.52002315E-07
24,14,29.2134323,26.9831123,27.4747143,1.52002315E-07
24,15,29.2134323,27.4747143,28.5426331,1.52002315E-07
24,16,29.2134323,28.5426331,29.6880474,1.52002315E-07
24,17,29.2134323,29.6880474,30.4590530,1.52002315E-07
24,18,29.2134323,30.4590530,30.6066952,1.52002315E-07
24,19,29.2134323,30.6066952,30.1272106,1.52002315E-07
24,20,29.2134323,30.1272106,29.2134323,1.52002315E-07
25,1,1072.12048,1044.97351,1048.49670,-2.99740634E-07
25,2,1072.12048,1048.49670,1047.48669,-2.99740634E-07
25,3,1072.12048,1047.48669,1053.40100,-2.99740634E-07
25,4,1072.12048,1053.40100,1058.50452,-2.99740634E-07
25,5,1072.12048,1058.50452,1064.69470,-2.99740634E-07
25,6,1072.12048,1064.69470,1063.74963,-2.99740634E-07
25,7,1072.12048,1063.74963,1052.82971,-2.99740634E-07
25,8,1072.12048,1052.82971,1035.94202,-2.99740634E-07
25,9,1072.12048,1035.94202,1022.24591,-2.99740634E-07
25,10,1072.12048,1022.24591,1013.89410,-2.99740634E-07
25,11,1072.12048,1013.89410,1011.44336,-2.99740634E-07
25,12,1072.12048,1011.44336,1015.76263,-2.99740634E-07
25,13,1072.12048,1015.76263,1027.82971,-2.99740634E-07
25,14,1072.12048,1027.82971,1044.18567,-2.99740634E-07
25,15,1072.12048,1044.18567,1060.74854,-2.99740634E-07
25,16,1072.12048,1060.74854,1074.30554,-2.99740634E-07
25,17,1072.12048,1074.30554,1063.20691,-2.99740634E-07
25,18,1072.12048,1063.20691,1058.03528,-2.99740634E-07
25,19,1072.12048,1058.03528,1064.30115,-2.99740634E-07
25,20,1072.12048,1064.30115,1072.12048,-2.99740634E-07
26,1,0.00000000,92.2053528,68.3943863,-3.52192728E-04
26,2,0.00000000,68.3943863,49.6973953,-3.52192728E-04
26,3,0.00000000,49.6973953,25.0720634,-3.52192728E-04
26,4,0.00000000,25.0720634,3.55259705,-3.52192728E-04
26,5,0.00000000,3.55259705,0.00000000,-3.52192728E-04
26,6,0.00000000,0.00000000,0.00000000,-3.52192728E-04
26,7,0.00000000,0.00000000,0.00000000,-3.52192728E-04
26,8,0.00000000,0.00000000,0.00000000,-3.52192728E-04
26,9,0.00000000,0.00000000,0.00000000,-3.52192728E-04
26,10,0.00000000,0.00000000,0.00000000,-3.52192728E-04
26,11,0.00000000,0.00000000,0.00000000,-3.52192728E-04
26,12,0.00000000,0.00000000,0.00000000,-3.52192728E-04
26,13,0.00000000,0.00000000,0.00000000,-3.52192728E-04
26,14,0.00000000,0.00000000,0.00000000,-3.52192728E-04
26,15,0.00000000,0.00000000,0.00000000,-3.52192728E-04
26,16,0.00000000,0.00000000,0.00000000,-3.52192728E-04
26,17,0.00000000,0.00000000,0.00000000,-3.52192728E-04
26,18,0.00000000,0.00000000,0.00000000,-3.52192728E-04
26,19,0.00000000,0.00000000,0.00000000,-3.52192728E-04
26,20,0.00000000,0.00000000,0.00000000,-3.52192728E-04
27,1,0.00000000,29.2134323,4.97018051,-1.17235014E-03
27,2,0.00000000,4.97018051,0.00000000,-1.17235014E-03
27,3,0.00000000,0.00000000,0.00000000,-1.17235014E-03
27,4,0.00000000,0.00000000,0.00000000,-1.17235014E-03
27,5,0.00000000,0.00000000,0.00000000,-1.17235014E-03
27,6,0.00000000,0.00000000,0.00000000,-1.17235014E-03
27,7,0.00000000,0.00000000,0.00000000,-1.17235014E-03
27,8,0.00000000,0.00000000,0.00000000,-1.17235014E-03
27,9,0.00000000,0.00000000,0.00000000,-1.17235014E-03
27,10,0.00000000,0.00000000,0.00000000,-1.17235014E-03
27,11,0.00000000,0.00000000,0.00000000,-1.17235014E-03
27,12,0.00000000,0.00000000,0.00000000,-1.17235014E-03
27,13,0.00000000,0.00000000,0.00000000,-1.17235014E-03
27,14,0.00000000,0.00000000,0.00000000,-1.17235014E-03
27,15,0.00000000,0.00000000,0.00000000,-1.17235014E-03
27,16,0.00000000,0.00000000,0.00000000,-1.17235014E-03
27,17,0.00000000,0.00000000,0.00000000,-1.17235014E-03
27,18,0.00000000,0.00000000,0.00000000,-1.17235014E-03
27,19,0.00000000,0.00000000,0.00000000,-1.17235014E-03
27,20,0.00000000,0.00000000,0.00000000,-1.17235014E-03
28,1,279.647583,1072.12048,974.355164,-4.10699751E-04
28,2,279.647583,974.355164,871.925598,-4.10699751E-04
28,3,279.647583,871.925598,962.169678,-4.10699751E-04
28,4,279.647583,962.169678,1009.02631,-4.10699751E-04
28,5,279.647583,1009.02631,846.963501,-4.10699751E-04
28,6,279.647583,846.963501,754.001099,-4.10699751E-04
28,7,279.647583,754.001099,865.783752,-4.10699751E-04
28,8,279.647583,865.783752,849.422180,-4.10699751E-04
28,9,279.647583,849.422180,777.992676,-4.10699751E-04
28,10,279.647583,777.992676,730.884338,-4.10699751E-04
28,11,279.647583,730.884338,638.361328,-4.10699751E-04
28,12,279.647583,638.361328,623.511963,-4.10699751E-04
28,13,279.647583,623.511963,468.680054,-4.10699751E-04
28,14,279.647583,468.680054,622.182800,-4.10699751E-04
28,15,279.647583,622.182800,743.648987,-4.10699751E-04
28,16,279.647583,743.648987,745.758484,-4.10699751E-04
28,17,279.647583,745.758484,641.692688,-4.10699751E-04
28,18,279.647583,641.692688,419.607574,-4.10699751E-04
28,19,279.647583,419.607574,328.153259,-4.10699751E-04
28,20,279.647583,328.153259,279.647583,-4.10699751E-04
29,1,2.30977988,0.00000000,0.108957611,9.99418262E-06
29,2,2.30977988,0.108957611,0.277209342,9.99418262E-06
29,3,2.30977988,0.277209342,0.426070333,9.99418262E-06
29,4,2.30977988,0.426070333,0.335259169,9.99418262E-06
29,5,2.30977988,0.335259169,0.530015349,9.99418262E-06
29,6,2.30977988,0.530015349,0.880127788,9.99418262E-06
29,7,2.30977988,0.880127788,1.01738501,9.99418262E-06
29,8,2.30977988,1.01738501,1.01563895,9.99418262E-06
29,9,2.30977988,1.01563895,1.00363016,9.99418262E-06
29,10,2.30977988,1.00363016,1.06989396,9.99418262E-06
29,11,2.30977988,1.06989396,1.26903141,9.99418262E-06
29,12,2.30977988,1.26903141,1.45173252,9.99418262E-06
29,13,2.30977988,1.45173252,1.58768177,9.99418262E-06
29,14,2.30977988,1.58768177,1.72797751,9.99418262E-06
29,15,2.30977988,1.72797751,1.90712047,9.99418262E-06
29,16,2.30977988,1.90712047,2.10343742,9.99418262E-06
29,17,2.30977988,2.10343742,2.26174879,9.99418262E-06
29,18,2.30977988,2.26174879,2.34030986,9.99418262E-06
29,19,2.30977988,2.34030986,2.34117365,9.99418262E-06
29,20,2.30977988,2.34117365,2.30977988,9.99418262E-06
30,1,10.5765343,0.00000000,0.902102947,2.79876240E-05
30,2,10.5765343,0.902102947,1.91141236,2.79876240E-05
30,3,10.5765343,1.91141236,2.56580997,2.79876240E-05
30,4,10.5765343,2.56580997,3.77671719,2.79876240E-05
30,5,10.5765343,3.77671719,4.30901432,2.79876240E-05
30,6,10.5765343,4.30901432,7.02857018,2.79876240E-05
30,7,10.5765343,7.02857018,3.28295302,2.79876240E-05
30,8,10.5765343,3.28295302,9.85143280,2.79876240E-05
30,9,10.5765343,9.85143280,8.73783779,2.79876240E-05
30,10,10.5765343,8.73783779,6.07826710,2.79876240E-05
30,11,10.5765343,6.07826710,10.2455311,2.79876240E-05
30,12,10.5765343,10.2455311,15.6057329,2.79876240E-05
30,13,10.5765343,15.6057329,12.9397650,2.79876240E-05
30,14,10.5765343,12.9397650,7.98181152,2.79876240E-05
30,15,10.5765343,7.98181152,6.34751320,2.79876240E-05
30,16,10.5765343,6.34751320,18.3390903,2.79876240E-05
30,17,10.5765343,18.3390903,26.6942310,2.79876240E-05
30,18,10.5765343,26.6942310,18.9840870,2.79876240E-05
30,19,10.5765343,18.9840870,10.0678482,2.79876240E-05
30,20,10.5765343,10.0678482,10.5765343,2.79876240E-05
31,1,123.905434,77.1438980,79.1819763,1.17586016E-04
31,2,123.905434,79.1819763,82.3737411,1.17586016E-04
31,3,123.905434,82.3737411,84.6422577,1.17586016E-04
31,4,123.905434,84.6422577,86.7762451,1.17586016E-04
31,5,123.905434,86.7762451,89.2275162,1.17586016E-04
31,6,123.905434,89.2275162,92.0573883,1.17586016E-04
31,7,123.905434,92.0573883,95.1149368,1.17586016E-04
31,8,123.905434,95.1149368,98.1539459,1.17586016E-04
31,9,123.905434,98.1539459,100.938469,1.17586016E-04
31,10,123.905434,100.938469,103.331543,1.17586016E-04
31,11,123.905434,103.331543,105.335350,1.17586016E-04
31,12,123.905434,105.335350,107.070427,1.17586016E-04
31,13,123.905434,107.070427,108.714417,1.17586016E-04
31,14,123.905434,108.714417,110.435120,1.17586016E-04
31,15,123.905434,110.435120,112.340561,1.17586016E-04
31,16,123.905434,112.340561,114.461258,1.17586016E-04
31,17,123.905434,114.461258,116.759552,1.17586016E-04
31,18,123.905434,116.759552,119.156227,1.17586016E-04
31,19,123.905434,119.156227,121.562233,1.17586016E-04
31,20,123.905434,121.562233,123.905434,1.17586016E-04
32,1,21794.9180,144.984985,119.609093,1.78836128E-08
32,2,21794.9180,119.609093,96.9467926,1.78836128E-08
32,3,21794.9180,96.9467926,103.726578,1.78836128E-08
32,4,21794.9180,103.726578,149.163574,1.78836128E-08
32,5,21794.9180,149.163574,238.120895,1.78836128E-08
32,6,21794.9180,238.120895,360.841705,1.78836128E-08
32,7,21794.9180,360.841705,488.442352,1.78836128E-08
32,8,21794.9180,488.442352,582.099182,1.78836128E-08
32,9,21794.9180,582.099182,616.406433,1.78836128E-08
32,10,21794.9180,616.406433,601.268677,1.78836128E-08
32,11,21794.9180,601.268677,590.739807,1.78836128E-08
32,12,21794.9180,590.739807,681.653503,1.78836128E-08
32,13,21794.9180,681.653503,1010.72845,1.78836128E-08
32,14,21794.9180,1010.72845,1751.54895,1.78836128E-08
32,15,21794.9180,1751.54895,3102.18115,1.78836128E-08
32,16,21794.9180,3102.18115,5251.08789,1.78836128E-08
32,17,21794.9180,5251.08789,8317.54395,1.78836128E-08
32,18,21794.9180,8317.54395,12279.2148,1.78836128E-08
32,19,21794.9180,12279.2148,16914.9355,1.78836128E-08
32,20,21794.9180,16914.9355,21794.9180,1.78836128E-08
33,1,115.625908,125.953560,125.419151,-5.38973036E-05
33,2,115.625908,125.419151,124.845078,-5.38973036E-05
33,3,115.625908,124.845078,124.280922,-5.38973036E-05
33,4,115.625908,124.280922,123.707016,-5.38973036E-05
33,5,115.625908,123.707016,123.100868,-5.38973036E-05
33,6,115.625908,123.100868,122.455070,-5.38973036E-05
33,7,115.625908,122.455070,121.777191,-5.38973036E-05
33,8,115.625908,121.777191,121.083397,-5.38973036E-05
33,9,115.625908,121.083397,120.392761,-5.38973036E-05
33,10,115.625908,120.392761,119.723434,-5.38973036E-05
33,11,115.625908,119.723434,119.090385,-5.38973036E-05
33,12,115.625908,119.090385,118.504173,-5.38973036E-05
33,13,115.625908,118.504173,117.971375,-5.38973036E-05
33,14,115.625908,117.971375,117.494530,-5.38973036E-05
33,15,115.625908,117.494530,117.074081,-5.38973036E-05
33,16,115.625908,117.074081,116.708740,-5.38973036E-05
33,17,115.625908,116.708740,116.356308,-5.38973036E-05
33,18,115.625908,116.356308,116.085144,-5.38973036E-05
33,19,115.625908,116.085144,115.853546,-5.38973036E-05
33,20,115.625908,115.853546,115.625908,-5.38973036E-05
34,1,32519.2383,21794.9180,22786.7148,-1.69755783E-08
34,2,32519.2383,22786.7148,23759.9824,-1.69755783E-08
34,3,32519.2383,23759.9824,24708.8809,-1.69755783E-08
34,4,32519.2383,24708.8809,25627.5938,-1.69755783E-08
34,5,32519.2383,25627.5938,26510.3867,-1.69755783E-08
34,6,32519.2383,26510.3867,27351.6758,-1.69755783E-08
34,7,32519.2383,27351.6758,28146.1016,-1.69755783E-08
34,8,32519.2383,28146.1016,28888.5859,-1.69755783E-08
34,9,32519.2383,28888.5859,29574.3887,-1.69755783E-08
34,10,32519.2383,29574.3887,30199.1836,-1.69755783E-08
34,11,32519.2383,30199.1836,30759.1016,-1.69755783E-08
34,12,32519.2383,30759.1016,31250.7812,-1.69755783E-08
34,13,32519.2383,31250.7812,31671.4082,-1.69755783E-08
34,14,32519.2383,31671.4082,32018.7617,-1.69755783E-08
34,15,32519.2383,32018.7617,32291.2383,-1.69755783E-08
34,16,32519.2383,32291.2383,32487.8594,-1.69755783E-08
34,17,32519.2383,32487.8594,32608.3086,-1.69755783E-08
34,18,32519.2383,32608.3086,32652.9219,-1.69755783E-08
34,19,32519.2383,32652.9219,32622.6836,-1.69755783E-08
34,20,32519.2383,32622.6836,32519.2383,-1.69755783E-08
35,1,32707.2930,32519.2383,32517.3555,-1.79760833E-03
35,2,32707.2930,32517.3555,32499.3672,-1.79760833E-03
35,3,32707.2930,32499.3672,32470.0332,-1.79760833E-03
35,4,32707.2930,32470.0332,32757.7363,-1.79760833E-03
35,5,32707.2930,32757.7363,32045.6035,-1.79760833E-03
35,6,32707.2930,32045.6035,32579.1973,-1.79760833E-03
35,7,32707.2930,32579.1973,32867.7734,-1.79760833E-03
35,8,32707.2930,32867.7734,32513.0957,-1.79760833E-03
35,9,32707.2930,32513.0957,32154.4824,-1.79760833E-03
35,10,32707.2930,32154.4824,32213.7832,-1.79760833E-03
35,11,32707.2930,32213.7832,32538.7051,-1.79760833E-03
35,12,32707.2930,32538.7051,32769.0820,-1.79760833E-03
35,13,32707.2930,32769.0820,32722.2051,-1.79760833E-03
35,14,32707.2930,32722.2051,32472.1523,-1.79760833E-03
35,15,32707.2930,32472.1523,32227.5977,-1.79760833E-03
35,16,32707.2930,32227.5977,32147.5137,-1.79760833E-03
35,17,32707.2930,32147.5137,32259.8066,-1.79760833E-03
35,18,32707.2930,32259.8066,32469.6094,-1.79760833E-03
35,19,32707.2930,32469.6094,32648.9570,-1.79760833E-03
35,20,32707.2930,32648.9570,32707.2930,-1.79760833E-03
36,1,90746.2578,32986.9414,32402.5098,-1.18177923E-06
36,2,90746.2578,32402.5098,31843.0332,-1.18177923E-06
36,3,90746.2578,31843.0332,31358.5801,-1.18177923E-06
36,4,90746.2578,31358.5801,30973.0156,-1.18177923E-06
36,5,90746.2578,30973.0156,30696.5527,-1.18177923E-06
36,6,90746.2578,30696.5527,30540.2832,-1.18177923E-06
36,7,90746.2578,30540.2832,30527.7207,-1.18177923E-06
36,8,90746.2578,30527.7207,30701.9082,-1.18177923E-06
36,9,90746.2578,30701.9082,31128.5332,-1.18177923E-06
36,10,90746.2578,31128.5332,31896.1738,-1.18177923E-06
36,11,90746.2578,31896.1738,33114.9297,-1.18177923E-06
36,12,90746.2578,33114.9297,34914.3516,-1.18177923E-06
36,13,90746.2578,34914.3516,37441.3594,-1.18177923E-06
36,14,90746.2578,37441.3594,40858.3828,-1.18177923E-06
36,15,90746.2578,40858.3828,45341.8516,-1.18177923E-06
36,16,90746.2578,45341.8516,51080.8750,-1.18177923E-06
36,17,90746.2578,51080.8750,58276.0859,-1.18177923E-06
36,18,90746.2578,58276.0859,67138.1953,-1.18177923E-06
36,19,90746.2578,67138.1953,77886.3984,-1.18177923E-06
36,20,90746.2578,77886.3984,90746.2578,-1.18177923E-06
37,1,1741184.12,90746.2578,112662.508,-9.04236978E-04
37,2,1741184.12,112662.508,139950.922,-9.04236978E-04
37,3,1741184.12,139950.922,173300.766,-9.04236978E-04
37,4,1741184.12,173300.766,213370.016,-9.04236978E-04
37,5,1741184.12,213370.016,260755.344,-9.04236978E-04
37,6,1741184.12,260755.344,315959.531,-9.04236978E-04
37,7,1741184.12,315959.531,379357.312,-9.04236978E-04
37,8,1741184.12,379357.312,451161.406,-9.04236978E-04
37,9,1741184.12,451161.406,531391.062,-9.04236978E-04
37,10,1741184.12,531391.062,619844.438,-9.04236978E-04
37,11,1741184.12,619844.438,716077.750,-9.04236978E-04
37,12,1741184.12,716077.750,819392.812,-9.04236978E-04
37,13,1741184.12,819392.812,928833.750,-9.04236978E-04
37,14,1741184.12,928833.750,1043195.69,-9.04236978E-04
37,15,1741184.12,1043195.69,1161044.50,-9.04236978E-04
37,16,1741184.12,1161044.50,1280748.25,-9.04236978E-04
37,17,1741184.12,1280748.25,1400520.00,-9.04236978E-04
37,18,1741184.12,1400520.00,1518469.50,-9.04236978E-04
37,19,1741184.12,1518469.50,1632662.38,-9.04236978E-04
37,20,1741184.12,1632662.38,1741184.12,-9.04236978E-04
38,1,680454.188,1741184.12,1916014.12,-1.36500648E-05
38,2,680454.188,1916014.12,2060876.62,-1.36500648E-05
38,3,680454.188,2060876.62,2168595.75,-1.36500648E-05
38,4,680454.188,2168595.75,2234705.50,-1.36500648E-05
38,5,680454.188,2234705.50,2257913.50,-1.36500648E-05
38,6,680454.188,2257913.50,2240158.50,-1.36500648E-05
38,7,680454.188,2240158.50,2186227.25,-1.36500648E-05
38,8,680454.188,2186227.25,2102972.75,-1.36500648E-05
38,9,680454.188,2102972.75,1998275.88,-1.36500648E-05
38,10,680454.188,1998275.88,1879939.75,-1.36500648E-05
38,11,680454.188,1879939.75,1754727.12,-1.36500648E-05
38,12,680454.188,1754727.12,1627706.88,-1.36500648E-05
38,13,680454.188,1627706.88,1501998.38,-1.36500648E-05
38,14,680454.188,1501998.38,1378924.75,-1.36500648E-05
38,15,680454.188,1378924.75,1258484.75,-1.36500648E-05
38,16,680454.188,1258484.75,1140001.25,-1.36500648E-05
38,17,680454.188,1140001.25,1022776.19,-1.36500648E-05
38,18,680454.188,1022776.19,906603.438,-1.36500648E-05
38,19,680454.188,906603.438,792047.125,-1.36500648E-05
38,20,680454.188,792047.125,680454.188,-1.36500648E-05
39,1,13563.1416,680454.188,597983.875,-7.48018607E-08
39,2,13563.1416,597983.875,519506.000,-7.48018607E-08
39,3,13563.1416,519506.000,445964.312,-7.48018607E-08
39,4,13563.1416,445964.312,378169.500,-7.48018607E-08
39,5,13563.1416,378169.500,316736.594,-7.48018607E-08
39,6,13563.1416,316736.594,262042.812,-7.48018607E-08
39,7,13563.1416,262042.812,214211.688,-7.48018607E-08
39,8,13563.1416,214211.688,173123.062,-7.48018607E-08
39,9,13563.1416,173123.062,138446.547,-7.48018607E-08
39,10,13563.1416,138446.547,109689.164,-7.48018607E-08
39,11,13563.1416,109689.164,86248.6797,-7.48018607E-08
39,12,13563.1416,86248.6797,67465.2500,-7.48018607E-08
39,13,13563.1416,67465.2500,52666.3164,-7.48018607E-08
39,14,13563.1416,52666.3164,41202.0469,-7.48018607E-08
39,15,13563.1416,41202.0469,32470.7422,-7.48018607E-08
39,16,13563.1416,32470.7422,25935.0586,-7.48018607E-08
39,17,13563.1416,25935.0586,21130.3438,-7.48018607E-08
39,18,13563.1416,21130.3438,17666.8770,-7.48018607E-08
39,19,13563.1416,17666.8770,15227.6631,-7.48018607E-08
39,20,13563.1416,15227.6631,13563.1416,-7.48018607E-08
40,1,26780.6875,13563.1416,14295.3057,0.143641710
40,2,26780.6875,14295.3057,15063.4932,0.143641710
40,3,26780.6875,15063.4932,15860.4248,0.143641710
40,4,26780.6875,15860.4248,16677.5684,0.143641710
40,5,26780.6875,16677.5684,17505.4961,0.143641710
40,6,26780.6875,17505.4961,18334.3535,0.143641710
40,7,26780.6875,18334.3535,19154.4004,0.143641710
40,8,26780.6875,19154.4004,19956.5430,0.143641710
40,9,26780.6875,19956.5430,20732.7773,0.143641710
40,10,26780.6875,20732.7773,21476.5195,0.143641710
40,11,26780.6875,21476.5195,22182.8047,0.143641710
40,12,26780.6875,22182.8047,22848.3672,0.143641710
40,13,26780.6875,22848.3672,23471.5898,0.143641710
40,14,26780.6875,23471.5898,24052.3906,0.143641710
40,15,26780.6875,24052.3906,24592.0234,0.143641710
40,16,26780.6875,24592.0234,25092.8496,0.143641710
40,17,26780.6875,25092.8496,25558.1016,0.143641710
40,18,26780.6875,25558.1016,25991.6289,0.143641710
40,19,26780.6875,25991.6289,26397.6777,0.143641710
40,20,26780.6875,26397.6777,26780.6875,0.143641710
41,1,19116.0742,26780.6875,26106.1719,-1.70990504E-07
41,2,19116.0742,26106.1719,25422.9512,-1.70990504E-07
41,3,19116.0742,25422.9512,24738.1875,-1.70990504E-07
41,4,19116.0742,24738.1875,24059.9414,-1.70990504E-07
41,5,19116.0742,24059.9414,23396.8633,-1.70990504E-07
41,6,19116.0742,23396.8633,22757.7812,-1.70990504E-07
41,7,19116.0742,22757.7812,22151.2969,-1.70990504E-07
41,8,19116.0742,22151.2969,21585.3594,-1.70990504E-07
41,9,19116.0742,21585.3594,21066.9336,-1.70990504E-07
41,10,19116.0742,21066.9336,20601.7246,-1.70990504E-07
41,11,19116.0742,20601.7246,20194.0020,-1.70990504E-07
41,12,19116.0742,20194.0020,19846.5137,-1.70990504E-07
41,13,19116.0742,19846.5137,19560.4922,-1.70990504E-07
41,14,19116.0742,19560.4922,19335.7109,-1.70990504E-07
41,15,19116.0742,19335.7109,19170.6270,-1.70990504E-07
41,16,19116.0742,19170.6270,19062.5293,-1.70990504E-07
41,17,19116.0742,19062.5293,19007.7402,-1.70990504E-07
41,18,19116.0742,19007.7402,19001.8086,-1.70990504E-07
41,19,19116.0742,19001.8086,19039.7168,-1.70990504E-07
41,20,19116.0742,19039.7168,19116.0742,-1.70990504E-07
42,1,21060.8965,19116.0742,19173.4844,1.01387290E-04
42,2,21060.8965,19173.4844,19239.7598,1.01387290E-04
42,3,21060.8965,19239.7598,19313.9785,1.01387290E-04
42,4,21060.8965,19313.9785,19395.2324,1.01387290E-04
42,5,21060.8965,19395.2324,19482.6348,1.01387290E-04
42,6,21060.8965,19482.6348,19575.3242,1.01387290E-04
42,7,21060.8965,19575.3242,19672.4844,1.01387290E-04
42,8,21060.8965,19672.4844,19773.3301,1.01387290E-04
42,9,21060.8965,19773.3301,19877.1270,1.01387290E-04
42,10,21060.8965,19877.1270,19983.1895,1.01387290E-04
42,11,21060.8965,19983.1895,20090.8848,1.01387290E-04
42,12,21060.8965,20090.8848,20199.6406,1.01387290E-04
42,13,21060.8965,20199.6406,20308.9473,1.01387290E-04
42,14,21060.8965,20308.9473,20418.3574,1.01387290E-04
42,15,21060.8965,20418.3574,20527.4902,1.01387290E-04
42,16,21060.8965,20527.4902,20636.0430,1.01387290E-04
42,17,21060.8965,20636.0430,20743.7832,1.01387290E-04
42,18,21060.8965,20743.7832,20850.5469,1.01387290E-04
42,19,21060.8965,20850.5469,20956.2520,1.01387290E-04
42,20,21060.8965,20956.2520,21060.8965,1.01387290E-04
43,1,190799.547,21060.8965,21720.0059,1.50770063E-09
43,2,190799.547,21720.0059,22543.1641,1.50770063E-09
43,3,190799.547,22543.1641,23744.5879,1.50770063E-09
43,4,190799.547,23744.5879,25576.7188,1.50770063E-09
43,5,190799.547,25576.7188,28294.2461,1.50770063E-09
43,6,190799.547,28294.2461,32120.5938,1.50770063E-09
43,7,190799.547,32120.5938,37221.8164,1.50770063E-09
43,8,190799.547,37221.8164,43691.0469,1.50770063E-09
43,9,190799.547,43691.0469,51544.1953,1.50770063E-09
43,10,190799.547,51544.1953,60725.5156,1.50770063E-09
43,11,190799.547,60725.5156,71120.3594,1.50770063E-09
43,12,190799.547,71120.3594,82571.9219,1.50770063E-09
43,13,190799.547,82571.9219,94898.5547,1.50770063E-09
43,14,190799.547,94898.5547,107909.422,1.50770063E-09
43,15,190799.547,107909.422,121416.844,1.50770063E-09
43,16,190799.547,121416.844,135244.547,1.50770063E-09
43,17,190799.547,135244.547,149232.125,1.50770063E-09
43,18,190799.547,149232.125,163236.281,1.50770063E-09
43,19,190799.547,163236.281,177129.875,1.50770063E-09
43,20,190799.547,177129.875,190799.547,1.50770063E-09
44,1,243571.031,190799.547,193612.344,2.53435248E-03
44,2,243571.031,193612.344,196411.938,2.53435248E-03
44,3,243571.031,196411.938,199197.438,2.53435248E-03
44,4,243571.031,199197.438,201967.938,2.53435248E-03
44,5,243571.031,201967.938,204722.562,2.53435248E-03
44,6,243571.031,204722.562,207460.422,2.53435248E-03
44,7,243571.031,207460.422,210180.656,2.53435248E-03
44,8,243571.031,210180.656,212882.406,2.53435248E-03
44,9,243571.031,212882.406,215564.844,2.53435248E-03
44,10,243571.031,215564.844,218227.156,2.53435248E-03
44,11,243571.031,218227.156,220868.500,2.53435248E-03
44,12,243571.031,220868.500,223488.125,2.53435248E-03
44,13,243571.031,223488.125,226085.219,2.53435248E-03
44,14,243571.031,226085.219,228658.984,2.53435248E-03
44,15,243571.031,228658.984,231208.688,2.53435248E-03
44,16,243571.031,231208.688,233733.625,2.53435248E-03
44,17,243571.031,233733.625,236233.031,2.53435248E-03
44,18,243571.031,236233.031,238706.203,2.53435248E-03
44,19,243571.031,238706.203,241152.438,2.53435248E-03
44,20,243571.031,241152.438,243571.031,2.53435248E-03
45,1,316600.688,243571.031,249389.312,9.18008845E-06
45,2,316600.688,249389.312,255022.719,9.18008845E-06
45,3,316600.688,255022.719,260462.438,9.18008845E-06
45,4,316600.688,260462.438,265700.094,9.18008845E-06
45,5,316600.688,265700.094,270727.719,9.18008845E-06
45,6,316600.688,270727.719,275537.594,9.18008845E-06
45,7,316600.688,275537.594,280122.281,9.18008845E-06
45,8,316600.688,280122.281,284474.594,9.18008845E-06
45,9,316600.688,284474.594,288587.750,9.18008845E-06
45,10,316600.688,288587.750,292455.312,9.18008845E-06
45,11,316600.688,292455.312,296071.344,9.18008845E-06
45,12,316600.688,296071.344,299430.375,9.18008845E-06
45,13,316600.688,299430.375,302527.531,9.18008845E-06
45,14,316600.688,302527.531,305358.500,9.18008845E-06
45,15,316600.688,305358.500,307919.781,9.18008845E-06
45,16,316600.688,307919.781,310208.375,9.18008845E-06
45,17,316600.688,310208.375,312222.000,9.18008845E-06
45,18,316600.688,312222.000,313959.031,9.18008845E-06
45,19,316600.688,313959.031,315418.688,9.18008845E-06
45,20,316600.688,315418.688,316600.688,9.18008845E-06
46,1,316625.281,316600.688,316897.875,-1.57937819E-07
46,2,316625.281,316897.875,317168.031,-1.57937819E-07
46,3,316625.281,317168.031,317410.625,-1.57937819E-07
46,4,316625.281,317410.625,317624.875,-1.57937819E-07
46,5,316625.281,317624.875,317810.000,-1.57937819E-07
46,6,316625.281,317810.000,317965.312,-1.57937819E-07
46,7,316625.281,317965.312,318090.000,-1.57937819E-07
46,8,316625.281,318090.000,318183.344,-1.57937819E-07
46,9,316625.281,318183.344,318244.500,-1.57937819E-07
46,10,316625.281,318244.500,318272.750,-1.57937819E-07
46,11,316625.281,318272.750,318267.406,-1.57937819E-07
46,12,316625.281,318267.406,318227.844,-1.57937819E-07
46,13,316625.281,318227.844,318153.438,-1.57937819E-07
46,14,316625.281,318153.438,318043.656,-1.57937819E-07
46,15,316625.281,318043.656,317898.125,-1.57937819E-07
46,16,316625.281,317898.125,317716.500,-1.57937819E-07
46,17,316625.281,317716.500,317498.500,-1.57937819E-07
46,18,316625.281,317498.500,317244.000,-1.57937819E-07
46,19,316625.281,317244.000,316952.906,-1.57937819E-07
46,20,316625.281,316952.906,316625.281,-1.57937819E-07
47,1,316454.969,316626.688,316608.438,2.12640862E-05
47,2,316454.969,316608.438,316640.625,2.12640862E-05
47,3,316454.969,316640.625,316597.969,2.12640862E-05
47,4,316454.969,316597.969,316574.438,2.12640862E-05
47,5,316454.969,316574.438,316584.500,2.12640862E-05
47,6,316454.969,316584.500,316619.750,2.12640862E-05
47,7,316454.969,316619.750,316594.688,2.12640862E-05
47,8,316454.969,316594.688,316609.000,2.12640862E-05
47,9,316454.969,316609.000,316514.219,2.12640862E-05
47,10,316454.969,316514.219,316515.938,2.12640862E-05
47,11,316454.969,316515.938,316526.812,2.12640862E-05
47,12,316454.969,316526.812,316507.500,2.12640862E-05
47,13,316454.969,316507.500,316489.625,2.12640862E-05
47,14,316454.969,316489.625,316563.188,2.12640862E-05
47,15,316454.969,316563.188,316605.594,2.12640862E-05
47,16,316454.969,316605.594,316585.969,2.12640862E-05
47,17,316454.969,316585.969,316522.281,2.12640862E-05
47,18,316454.969,316522.281,316548.656,2.12640862E-05
47,19,316454.969,316548.656,316482.062,2.12640862E-05
47,20,316454.969,316482.062,316454.969,2.12640862E-05
48,1,316594.406,316454.969,316438.625,7.37319526E-04
48,2,316594.406,316438.625,316417.094,7.37319526E-04
48,3,316594.406,316417.094,316437.438,7.37319526E-04
48,4,316594.406,316437.438,316456.875,7.37319526E-04
48,5,316594.406,316456.875,316443.500,7.37319526E-04
48,6,316594.406,316443.500,316507.781,7.37319526E-04
48,7,316594.406,316507.781,316514.688,7.37319526E-04
48,8,316594.406,316514.688,316561.375,7.37319526E-04
48,9,316594.406,316561.375,316582.875,7.37319526E-04
48,10,316594.406,316582.875,316633.906,7.37319526E-04
48,11,316594.406,316633.906,316536.094,7.37319526E-04
48,12,316594.406,316536.094,316448.688,7.37319526E-04
48,13,316594.406,316448.688,316635.625,7.37319526E-04
48,14,316594.406,316635.625,316324.062,7.37319526E-04
48,15,316594.406,316324.062,316713.594,7.37319526E-04
48,16,316594.406,316713.594,316403.094,7.37319526E-04
48,17,316594.406,316403.094,316617.188,7.37319526E-04
48,18,316594.406,316617.188,316143.875,7.37319526E-04
48,19,316594.406,316143.875,317057.688,7.37319526E-04
48,20,316594.406,317057.688,316594.406,7.37319526E-04
49,1,318062.094,316594.406,315909.938,1.17190178E-08
49,2,318062.094,315909.938,315773.594,1.17190178E-08
49,3,318062.094,315773.594,317695.531,1.17190178E-08
49,4,318062.094,317695.531,316834.844,1.17190178E-08
49,5,318062.094,316834.844,316140.375,1.17190178E-08
49,6,318062.094,316140.375,315939.281,1.17190178E-08
49,7,318062.094,315939.281,317823.250,1.17190178E-08
49,8,318062.094,317823.250,317537.969,1.17190178E-08
49,9,318062.094,317537.969,314116.500,1.17190178E-08
49,10,318062.094,314116.500,316322.656,1.17190178E-08
49,11,318062.094,316322.656,314735.125,1.17190178E-08
49,12,318062.094,314735.125,317159.719,1.17190178E-08
49,13,318062.094,317159.719,319640.094,1.17190178E-08
49,14,318062.094,319640.094,318665.000,1.17190178E-08
49,15,318062.094,318665.000,314340.812,1.17190178E-08
49,16,318062.094,314340.812,314073.219,1.17190178E-08
49,17,318062.094,314073.219,315949.594,1.17190178E-08
49,18,318062.094,315949.594,316137.344,1.17190178E-08
49,19,318062.094,316137.344,316757.688,1.17190178E-08
49,20,318062.094,316757.688,318062.094,1.17190178E-08
50,1,320322.250,318177.719,317835.312,-6.39175065E-03
50,2,320322.250,317835.312,315162.719,-6.39175065E-03
50,3,320322.250,315162.719,313803.500,-6.39175065E-03
50,4,320322.250,313803.500,315824.844,-6.39175065E-03
50,5,320322.250,315824.844,317994.531,-6.39175065E-03
50,6,320322.250,317994.531,318008.375,-6.39175065E-03
50,7,320322.250,318008.375,315654.406,-6.39175065E-03
50,8,320322.250,315654.406,311385.531,-6.39175065E-03
50,9,320322.250,311385.531,313463.750,-6.39175065E-03
50,10,320322.250,313463.750,316194.562,-6.39175065E-03
50,11,320322.250,316194.562,318255.188,-6.39175065E-03
50,12,320322.250,318255.188,319447.406,-6.39175065E-03
50,13,320322.250,319447.406,317779.500,-6.39175065E-03
50,14,320322.250,317779.500,312487.250,-6.39175065E-03
50,15,320322.250,312487.250,311417.531,-6.39175065E-03
50,16,320322.250,311417.531,310368.156,-6.39175065E-03
50,17,320322.250,310368.156,311496.125,-6.39175065E-03
50,18,320322.250,311496.125,316885.781,-6.39175065E-03
50,19,320322.250,316885.781,320923.969,-6.39175065E-03
50,20,320322.250,320923.969,320322.250,-6.39175065E-03
51,1,316703.906,320322.250,316721.000,6.35901379E-05
51,2,316703.906,316721.000,312219.281,6.35901379E-05
51,3,316703.906,312219.281,309393.312,6.35901379E-05
51,4,316703.906,309393.312,308302.344,6.35901379E-05
51,5,316703.906,308302.344,312018.125,6.35901379E-05
51,6,316703.906,312018.125,315460.781,6.35901379E-05
51,7,316703.906,315460.781,318700.531,6.35901379E-05
51,8,316703.906,318700.531,318929.219,6.35901379E-05
51,9,316703.906,318929.219,318434.500,6.35901379E-05
51,10,316703.906,318434.500,316500.625,6.35901379E-05
51,11,316703.906,316500.625,312901.594,6.35901379E-05
51,12,316703.906,312901.594,310348.031,6.35901379E-05
51,13,316703.906,310348.031,308210.188,6.35901379E-05
51,14,316703.906,308210.188,308048.812,6.35901379E-05
51,15,316703.906,308048.812,309806.875,6.35901379E-05
51,16,316703.906,309806.875,315919.656,6.35901379E-05
51,17,316703.906,315919.656,321191.281,6.35901379E-05
51,18,316703.906,321191.281,322628.250,6.35901379E-05
51,19,316703.906,322628.250,320339.875,6.35901379E-05
51,20,316703.906,320339.875,316703.906,6.35901379E-05
52,1,320375.781,317162.031,309828.156,2.95800995E-03
52,2,320375.781,309828.156,306667.688,2.95800995E-03
52,3,320375.781,306667.688,309910.406,2.95800995E-03
52,4,320375.781,309910.406,313113.094,2.95800995E-03
52,5,320375.781,313113.094,315058.812,2.95800995E-03
52,6,320375.781,315058.812,317934.375,2.95800995E-03
52,7,320375.781,317934.375,320742.750,2.95800995E-03
52,8,320375.781,320742.750,320088.844,2.95800995E-03
52,9,320375.781,320088.844,316870.344,2.95800995E-03
52,10,320375.781,316870.344,318529.469,2.95800995E-03
52,11,320375.781,318529.469,315975.625,2.95800995E-03
52,12,320375.781,315975.625,313048.656,2.95800995E-03
52,13,320375.781,313048.656,309535.656,2.95800995E-03
52,14,320375.781,309535.656,308795.375,2.95800995E-03
52,15,320375.781,308795.375,312041.062,2.95800995E-03
52,16,320375.781,312041.062,318181.344,2.95800995E-03
52,17,320375.781,318181.344,320642.656,2.95800995E-03
52,18,320375.781,320642.656,322519.812,2.95800995E-03
52,19,320375.781,322519.812,322628.250,2.95800995E-03
52,20,320375.781,322628.250,320375.781,2.95800995E-03
53,1,316832.531,320375.781,320166.125,3.81583422E-02
53,2,316832.531,320166.125,320020.188,3.81583422E-02
53,3,316832.531,320020.188,320050.688,3.81583422E-02
53,4,316832.531,320050.688,319925.562,3.81583422E-02
53,5,316832.531,319925.562,319492.812,3.81583422E-02
53,6,316832.531,319492.812,321231.312,3.81583422E-02
53,7,316832.531,321231.312,318701.250,3.81583422E-02
53,8,316832.531,318701.250,318900.594,3.81583422E-02
53,9,316832.531,318900.594,319951.594,3.81583422E-02
53,10,316832.531,319951.594,322783.000,3.81583422E-02
53,11,316832.531,322783.000,319097.844,3.81583422E-02
53,12,316832.531,319097.844,318492.156,3.81583422E-02
53,13,316832.531,318492.156,319375.875,3.81583422E-02
53,14,316832.531,319375.875,319184.094,3.81583422E-02
53,15,316832.531,319184.094,319651.375,3.81583422E-02
53,16,316832.531,319651.375,318095.969,3.81583422E-02
53,17,316832.531,318095.969,317213.062,3.81583422E-02
53,18,316832.531,317213.062,317659.562,3.81583422E-02
53,19,316832.531,317659.562,317538.188,3.81583422E-02
53,20,316832.531,317538.188,316832.531,3.81583422E-02
54,1,323316.250,316832.531,314609.562,-2.47738580E-03
54,2,323316.250,314609.562,314954.375,-2.47738580E-03
54,3,323316.250,314954.375,314021.281,-2.47738580E-03
54,4,323316.250,314021.281,312703.594,-2.47738580E-03
54,5,323316.250,312703.594,310898.719,-2.47738580E-03
54,6,323316.250,310898.719,308331.875,-2.47738580E-03
54,7,323316.250,308331.875,312213.094,-2.47738580E-03
54,8,323316.250,312213.094,313326.000,-2.47738580E-03
54,9,323316.250,313326.000,309695.781,-2.47738580E-03
54,10,323316.250,309695.781,307913.000,-2.47738580E-03
54,11,323316.250,307913.000,312282.250,-2.47738580E-03
54,12,323316.250,312282.250,317101.062,-2.47738580E-03
54,13,323316.250,317101.062,319421.594,-2.47738580E-03
54,14,323316.250,319421.594,319607.812,-2.47738580E-03
54,15,323316.250,319607.812,320520.469,-2.47738580E-03
54,16,323316.250,320520.469,320851.562,-2.47738580E-03
54,17,323316.250,320851.562,321624.344,-2.47738580E-03
54,18,323316.250,321624.344,323514.750,-2.47738580E-03
54,19,323316.250,323514.750,324457.969,-2.47738580E-03
54,20,323316.250,324457.969,323316.250,-2.47738580E-03
55,1,315152.219,323316.250,321532.344,-1.12783990E-03
55,2,315152.219,321532.344,320245.750,-1.12783990E-03
55,3,315152.219,320245.750,320092.938,-1.12783990E-03
55,4,315152.219,320092.938,321162.562,-1.12783990E-03
55,5,315152.219,321162.562,322627.156,-1.12783990E-03
55,6,315152.219,322627.156,323734.125,-1.12783990E-03
55,7,315152.219,323734.125,323896.875,-1.12783990E-03
55,8,315152.219,323896.875,323748.062,-1.12783990E-03
55,9,315152.219,323748.062,322742.438,-1.12783990E-03
55,10,315152.219,322742.438,321318.812,-1.12783990E-03
55,11,315152.219,321318.812,320295.125,-1.12783990E-03
55,12,315152.219,320295.125,320119.219,-1.12783990E-03
55,13,315152.219,320119.219,320710.875,-1.12783990E-03
55,14,315152.219,320710.875,321745.031,-1.12783990E-03
55,15,315152.219,321745.031,322512.781,-1.12783990E-03
55,16,315152.219,322512.781,322585.812,-1.12783990E-03
55,17,315152.219,322585.812,321664.594,-1.12783990E-03
55,18,315152.219,321664.594,319867.469,-1.12783990E-03
55,19,315152.219,319867.469,317597.625,-1.12783990E-03
55,20,315152.219,317597.625,315152.219,-1.12783990E-03
56,1,328194.062,315152.219,312601.594,4.97176698E-05
56,2,328194.062,312601.594,309933.781,4.97176698E-05
56,3,328194.062,309933.781,308607.188,4.97176698E-05
56,4,328194.062,308607.188,308483.719,4.97176698E-05
56,5,328194.062,308483.719,308648.094,4.97176698E-05
56,6,328194.062,308648.094,308971.719,4.97176698E-05
56,7,328194.062,308971.719,309508.625,4.97176698E-05
56,8,328194.062,309508.625,310640.031,4.97176698E-05
56,9,328194.062,310640.031,312153.250,4.97176698E-05
56,10,328194.062,312153.250,313532.688,4.97176698E-05
56,11,328194.062,313532.688,314534.312,4.97176698E-05
56,12,328194.062,314534.312,315212.500,4.97176698E-05
56,13,328194.062,315212.500,316198.156,4.97176698E-05
56,14,328194.062,316198.156,317396.469,4.97176698E-05
56,15,328194.062,317396.469,319166.406,4.97176698E-05
56,16,328194.062,319166.406,321474.188,4.97176698E-05
56,17,328194.062,321474.188,323751.688,4.97176698E-05
56,18,328194.062,323751.688,326073.500,4.97176698E-05
56,19,328194.062,326073.500,327791.031,4.97176698E-05
56,20,328194.062,327791.031,328194.062,4.97176698E-05
57,1,318181.844,329788.875,329509.781,-3.27228605E-07
57,2,318181.844,329509.781,328832.844,-3.27228605E-07
57,3,318181.844,328832.844,327804.344,-3.27228605E-07
57,4,318181.844,327804.344,326098.281,-3.27228605E-07
57,5,318181.844,326098.281,323856.844,-3.27228605E-07
57,6,318181.844,323856.844,321260.188,-3.27228605E-07
57,7,318181.844,321260.188,319670.875,-3.27228605E-07
57,8,318181.844,319670.875,317672.062,-3.27228605E-07
57,9,318181.844,317672.062,319323.500,-3.27228605E-07
57,10,318181.844,319323.500,312076.281,-3.27228605E-07
57,11,318181.844,312076.281,326812.312,-3.27228605E-07
57,12,318181.844,326812.312,304830.219,-3.27228605E-07
57,13,318181.844,304830.219,319361.031,-3.27228605E-07
57,14,318181.844,319361.031,326049.125,-3.27228605E-07
57,15,318181.844,326049.125,296004.844,-3.27228605E-07
57,16,318181.844,296004.844,324995.688,-3.27228605E-07
57,17,318181.844,324995.688,315847.281,-3.27228605E-07
57,18,318181.844,315847.281,305550.094,-3.27228605E-07
57,19,318181.844,305550.094,317420.156,-3.27228605E-07
57,20,318181.844,317420.156,318181.844,-3.27228605E-07
58,1,304605.469,318181.844,310569.312,9.58850796E-06
58,2,304605.469,310569.312,327536.125,9.58850796E-06
58,3,304605.469,327536.125,317102.625,9.58850796E-06
58,4,304605.469,317102.625,324819.406,9.58850796E-06
58,5,304605.469,324819.406,322818.906,9.58850796E-06
58,6,304605.469,322818.906,316639.281,9.58850796E-06
58,7,304605.469,316639.281,324385.250,9.58850796E-06
58,8,304605.469,324385.250,318756.969,9.58850796E-06
58,9,304605.469,318756.969,318269.906,9.58850796E-06
58,10,304605.469,318269.906,318212.469,9.58850796E-06
58,11,304605.469,318212.469,310489.750,9.58850796E-06
58,12,304605.469,310489.750,312470.531,9.58850796E-06
58,13,304605.469,312470.531,320267.406,9.58850796E-06
58,14,304605.469,320267.406,323674.062,9.58850796E-06
58,15,304605.469,323674.062,324213.406,9.58850796E-06
58,16,304605.469,324213.406,329256.625,9.58850796E-06
58,17,304605.469,329256.625,329926.094,9.58850796E-06
58,18,304605.469,329926.094,317296.094,9.58850796E-06
58,19,304605.469,317296.094,308444.875,9.58850796E-06
58,20,304605.469,308444.875,304605.469,9.58850796E-06
