i,k,old_q,old_q_ch_in,old_q_ch_out,qlat_ch_old
1,1,65.4723053,0.00000000,3.24781442,7.47404411E-05
1,2,65.4723053,3.24781442,6.47337103,7.47404411E-05
1,3,65.4723053,6.47337103,9.85096741,7.47404411E-05
1,4,65.4723053,9.85096741,12.6507559,7.47404411E-05
1,5,65.4723053,12.6507559,16.7371674,7.47404411E-05
1,6,65.4723053,16.7371674,19.2869511,7.47404411E-05
1,7,65.4723053,19.2869511,22.3118801,7.47404411E-05
1,8,65.4723053,22.3118801,26.2246284,7.47404411E-05
1,9,65.4723053,26.2246284,29.6727581,7.47404411E-05
1,10,65.4723053,29.6727581,32.3715630,7.47404411E-05
1,11,65.4723053,32.3715630,35.1983185,7.47404411E-05
1,12,65.4723053,35.1983185,38.7005997,7.47404411E-05
1,13,65.4723053,38.7005997,42.5173950,7.47404411E-05
1,14,65.4723053,42.5173950,45.9947968,7.47404411E-05
1,15,65.4723053,45.9947968,48.9186783,7.47404411E-05
1,16,65.4723053,48.9186783,51.6265717,7.47404411E-05
1,17,65.4723053,51.6265717,54.6036682,7.47404411E-05
1,18,65.4723053,54.6036682,58.0571365,7.47404411E-05
1,19,65.4723053,58.0571365,61.8051376,7.47404411E-05
1,20,65.4723053,61.8051376,65.4723053,7.47404411E-05
2,1,0.00000000,0.00000000,0.00000000,-1.63823378E-03
2,2,0.00000000,0.00000000,0.00000000,-1.63823378E-03
2,3,0.00000000,0.00000000,0.00000000,-1.63823378E-03
2,4,0.00000000,0.00000000,0.00000000,-1.63823378E-03
2,5,0.00000000,0.00000000,0.00000000,-1.63823378E-03
2,6,0.00000000,0.00000000,0.00000000,-1.63823378E-03
2,7,0.00000000,0.00000000,0.00000000,-1.63823378E-03
2,8,0.00000000,0.00000000,0.00000000,-1.63823378E-03
2,9,0.00000000,0.00000000,0.00000000,-1.63823378E-03
2,10,0.00000000,0.00000000,0.00000000,-1.63823378E-03
2,11,0.00000000,0.00000000,0.00000000,-1.63823378E-03
2,12,0.00000000,0.00000000,0.00000000,-1.63823378E-03
2,13,0.00000000,0.00000000,0.00000000,-1.63823378E-03
2,14,0.00000000,0.00000000,0.00000000,-1.63823378E-03
2,15,0.00000000,0.00000000,0.00000000,-1.63823378E-03
2,16,0.00000000,0.00000000,0.00000000,-1.63823378E-03
2,17,0.00000000,0.00000000,0.00000000,-1.63823378E-03
2,18,0.00000000,0.00000000,0.00000000,-1.63823378E-03
2,19,0.00000000,0.00000000,0.00000000,-1.63823378E-03
2,20,0.00000000,0.00000000,0.00000000,-1.63823378E-03
3,1,0.00000000,0.00000000,0.00000000,-1.38226635E-04
3,2,0.00000000,0.00000000,0.00000000,-1.38226635E-04
3,3,0.00000000,0.00000000,0.00000000,-1.38226635E-04
3,4,0.00000000,0.00000000,0.00000000,-1.38226635E-04
3,5,0.00000000,0.00000000,0.00000000,-1.38226635E-04
3,6,0.00000000,0.00000000,0.00000000,-1.38226635E-04
3,7,0.00000000,0.00000000,0.00000000,-1.38226635E-04
3,8,0.00000000,0.00000000,0.00000000,-1.38226635E-04
3,9,0.00000000,0.00000000,0.00000000,-1.38226635E-04
3,10,0.00000000,0.00000000,0.00000000,-1.38226635E-04
3,11,0.00000000,0.00000000,0.00000000,-1.38226635E-04
3,12,0.00000000,0.00000000,0.00000000,-1.38226635E-04
3,13,0.00000000,0.00000000,0.00000000,-1.38226635E-04
3,14,0.00000000,0.00000000,0.00000000,-1.38226635E-04
3,15,0.00000000,0.00000000,0.00000000,-1.38226635E-04
3,16,0.00000000,0.00000000,0.00000000,-1.38226635E-04
3,17,0.00000000,0.00000000,0.00000000,-1.38226635E-04
3,18,0.00000000,0.00000000,0.00000000,-1.38226635E-04
3,19,0.00000000,0.00000000,0.00000000,-1.38226635E-04
3,20,0.00000000,0.00000000,0.00000000,-1.38226635E-04
4,1,0.00000000,0.00000000,0.00000000,-6.45568798E-06
4,2,0.00000000,0.00000000,0.00000000,-6.45568798E-06
4,3,0.00000000,0.00000000,0.00000000,-6.45568798E-06
4,4,0.00000000,0.00000000,0.00000000,-6.45568798E-06
4,5,0.00000000,0.00000000,0.00000000,-6.45568798E-06
4,6,0.00000000,0.00000000,0.00000000,-6.45568798E-06
4,7,0.00000000,0.00000000,0.00000000,-6.45568798E-06
4,8,0.00000000,0.00000000,0.00000000,-6.45568798E-06
4,9,0.00000000,0.00000000,0.00000000,-6.45568798E-06
4,10,0.00000000,0.00000000,0.00000000,-6.45568798E-06
4,11,0.00000000,0.00000000,0.00000000,-6.45568798E-06
4,12,0.00000000,0.00000000,0.00000000,-6.45568798E-06
4,13,0.00000000,0.00000000,0.00000000,-6.45568798E-06
4,14,0.00000000,0.00000000,0.00000000,-6.45568798E-06
4,15,0.00000000,0.00000000,0.00000000,-6.45568798E-06
4,16,0.00000000,0.00000000,0.00000000,-6.45568798E-06
4,17,0.00000000,0.00000000,0.00000000,-6.45568798E-06
4,18,0.00000000,0.00000000,0.00000000,-6.45568798E-06
4,19,0.00000000,0.00000000,0.00000000,-6.45568798E-06
4,20,0.00000000,0.00000000,0.00000000,-6.45568798E-06
5,1,0.157675460,0.00000000,7.82280788E-03,1.33231893E-07
5,2,0.157675460,7.82280788E-03,1.56443082E-02,1.33231893E-07
5,3,0.157675460,1.56443082E-02,2.34806053E-02,1.33231893E-07
5,4,0.157675460,2.34806053E-02,3.12169567E-02,1.33231893E-07
5,5,0.157675460,3.12169567E-02,3.93976383E-02,1.33231893E-07
5,6,0.157675460,3.93976383E-02,4.62337360E-02,1.33231893E-07
5,7,0.157675460,4.62337360E-02,5.58058806E-02,1.33231893E-07
5,8,0.157675460,5.58058806E-02,6.19385764E-02,1.33231893E-07
5,9,0.157675460,6.19385764E-02,6.98811039E-02,1.33231893E-07
5,10,0.157675460,6.98811039E-02,7.91497827E-02,1.33231893E-07
5,11,0.157675460,7.91497827E-02,8.63825679E-02,1.33231893E-07
5,12,0.157675460,8.63825679E-02,9.29300711E-02,1.33231893E-07
5,13,0.157675460,9.29300711E-02,0.101167575,1.33231893E-07
5,14,0.157675460,0.101167575,0.110295527,1.33231893E-07
5,15,0.157675460,0.110295527,0.118271418,1.33231893E-07
5,16,0.157675460,0.118271418,0.124942876,1.33231893E-07
5,17,0.157675460,0.124942876,0.131871298,1.33231893E-07
5,18,0.157675460,0.131871298,0.140124381,1.33231893E-07
5,19,0.157675460,0.140124381,0.149161607,1.33231893E-07
5,20,0.157675460,0.149161607,0.157675460,1.33231893E-07
6,1,0.00000000,0.00000000,0.00000000,-2.19852438E-08
6,2,0.00000000,0.00000000,0.00000000,-2.19852438E-08
6,3,0.00000000,0.00000000,0.00000000,-2.19852438E-08
6,4,0.00000000,0.00000000,0.00000000,-2.19852438E-08
6,5,0.00000000,0.00000000,0.00000000,-2.19852438E-08
6,6,0.00000000,0.00000000,0.00000000,-2.19852438E-08
6,7,0.00000000,0.00000000,0.00000000,-2.19852438E-08
6,8,0.00000000,0.00000000,0.00000000,-2.19852438E-08
6,9,0.00000000,0.00000000,0.00000000,-2.19852438E-08
6,10,0.00000000,0.00000000,0.00000000,-2.19852438E-08
6,11,0.00000000,0.00000000,0.00000000,-2.19852438E-08
6,12,0.00000000,0.00000000,0.00000000,-2.19852438E-08
6,13,0.00000000,0.00000000,0.00000000,-2.19852438E-08
6,14,0.00000000,0.00000000,0.00000000,-2.19852438E-08
6,15,0.00000000,0.00000000,0.00000000,-2.19852438E-08
6,16,0.00000000,0.00000000,0.00000000,-2.19852438E-08
6,17,0.00000000,0.00000000,0.00000000,-2.19852438E-08
6,18,0.00000000,0.00000000,0.00000000,-2.19852438E-08
6,19,0.00000000,0.00000000,0.00000000,-2.19852438E-08
6,20,0.00000000,0.00000000,0.00000000,-2.19852438E-08
7,1,0.00000000,0.00000000,0.00000000,-2.36235226E-10
7,2,0.00000000,0.00000000,0.00000000,-2.36235226E-10
7,3,0.00000000,0.00000000,0.00000000,-2.36235226E-10
7,4,0.00000000,0.00000000,0.00000000,-2.36235226E-10
7,5,0.00000000,0.00000000,0.00000000,-2.36235226E-10
7,6,0.00000000,0.00000000,0.00000000,-2.36235226E-10
7,7,0.00000000,0.00000000,0.00000000,-2.36235226E-10
7,8,0.00000000,0.00000000,0.00000000,-2.36235226E-10
7,9,0.00000000,0.00000000,0.00000000,-2.36235226E-10
7,10,0.00000000,0.00000000,0.00000000,-2.36235226E-10
7,11,0.00000000,0.00000000,0.00000000,-2.36235226E-10
7,12,0.00000000,0.00000000,0.00000000,-2.36235226E-10
7,13,0.00000000,0.00000000,0.00000000,-2.36235226E-10
7,14,0.00000000,0.00000000,0.00000000,-2.36235226E-10
7,15,0.00000000,0.00000000,0.00000000,-2.36235226E-10
7,16,0.00000000,0.00000000,0.00000000,-2.36235226E-10
7,17,0.00000000,0.00000000,0.00000000,-2.36235226E-10
7,18,0.00000000,0.00000000,0.00000000,-2.36235226E-10
7,19,0.00000000,0.00000000,0.00000000,-2.36235226E-10
7,20,0.00000000,0.00000000,0.00000000,-2.36235226E-10
8,1,0.00000000,0.00000000,0.00000000,-2.87688058E-03
8,2,0.00000000,0.00000000,0.00000000,-2.87688058E-03
8,3,0.00000000,0.00000000,0.00000000,-2.87688058E-03
8,4,0.00000000,0.00000000,0.00000000,-2.87688058E-03
8,5,0.00000000,0.00000000,0.00000000,-2.87688058E-03
8,6,0.00000000,0.00000000,0.00000000,-2.87688058E-03
8,7,0.00000000,0.00000000,0.00000000,-2.87688058E-03
8,8,0.00000000,0.00000000,0.00000000,-2.87688058E-03
8,9,0.00000000,0.00000000,0.00000000,-2.87688058E-03
8,10,0.00000000,0.00000000,0.00000000,-2.87688058E-03
8,11,0.00000000,0.00000000,0.00000000,-2.87688058E-03
8,12,0.00000000,0.00000000,0.00000000,-2.87688058E-03
8,13,0.00000000,0.00000000,0.00000000,-2.87688058E-03
8,14,0.00000000,0.00000000,0.00000000,-2.87688058E-03
8,15,0.00000000,0.00000000,0.00000000,-2.87688058E-03
8,16,0.00000000,0.00000000,0.00000000,-2.87688058E-03
8,17,0.00000000,0.00000000,0.00000000,-2.87688058E-03
8,18,0.00000000,0.00000000,0.00000000,-2.87688058E-03
8,19,0.00000000,0.00000000,0.00000000,-2.87688058E-03
8,20,0.00000000,0.00000000,0.00000000,-2.87688058E-03
9,1,0.409167439,0.00000000,2.08351836E-02,3.19131982E-06
9,2,0.409167439,2.08351836E-02,3.96321081E-02,3.19131982E-06
9,3,0.409167439,3.96321081E-02,6.46440834E-02,3.19131982E-06
9,4,0.409167439,6.46440834E-02,8.13624859E-02,3.19131982E-06
9,5,0.409167439,8.13624859E-02,9.99371484E-02,3.19131982E-06
9,6,0.409167439,9.99371484E-02,0.123427130,3.19131982E-06
9,7,0.409167439,0.123427130,0.147031322,3.19131982E-06
9,8,0.409167439,0.147031322,0.167120695,3.19131982E-06
9,9,0.409167439,0.167120695,0.184568629,3.19131982E-06
9,10,0.409167439,0.184568629,0.202470571,3.19131982E-06
9,11,0.409167439,0.202470571,0.222942397,3.19131982E-06
9,12,0.409167439,0.222942397,0.245814398,3.19131982E-06
9,13,0.409167439,0.245814398,0.269326389,3.19131982E-06
9,14,0.409167439,0.269326389,0.291606992,3.19131982E-06
9,15,0.409167439,0.291606992,0.311786771,3.19131982E-06
9,16,0.409167439,0.311786771,0.330261201,3.19131982E-06
9,17,0.409167439,0.330261201,0.348237008,3.19131982E-06
9,18,0.409167439,0.348237008,0.366999179,3.19131982E-06
9,19,0.409167439,0.366999179,0.387309998,3.19131982E-06
9,20,0.409167439,0.387309998,0.409167439,3.19131982E-06
10,1,0.00000000,0.00000000,0.00000000,-8.84485962E-06
10,2,0.00000000,0.00000000,0.00000000,-8.84485962E-06
10,3,0.00000000,0.00000000,0.00000000,-8.84485962E-06
10,4,0.00000000,0.00000000,0.00000000,-8.84485962E-06
10,5,0.00000000,0.00000000,0.00000000,-8.84485962E-06
10,6,0.00000000,0.00000000,0.00000000,-8.84485962E-06
10,7,0.00000000,0.00000000,0.00000000,-8.84485962E-06
10,8,0.00000000,0.00000000,0.00000000,-8.84485962E-06
10,9,0.00000000,0.00000000,0.00000000,-8.84485962E-06
10,10,0.00000000,0.00000000,0.00000000,-8.84485962E-06
10,11,0.00000000,0.00000000,0.00000000,-8.84485962E-06
10,12,0.00000000,0.00000000,0.00000000,-8.84485962E-06
10,13,0.00000000,0.00000000,0.00000000,-8.84485962E-06
10,14,0.00000000,0.00000000,0.00000000,-8.84485962E-06
10,15,0.00000000,0.00000000,0.00000000,-8.84485962E-06
10,16,0.00000000,0.00000000,0.00000000,-8.84485962E-06
10,17,0.00000000,0.00000000,0.00000000,-8.84485962E-06
10,18,0.00000000,0.00000000,0.00000000,-8.84485962E-06
10,19,0.00000000,0.00000000,0.00000000,-8.84485962E-06
10,20,0.00000000,0.00000000,0.00000000,-8.84485962E-06
11,1,1.08006501,0.00000000,5.29459491E-02,9.07660478E-07
11,2,1.08006501,5.29459491E-02,0.109053679,9.07660478E-07
11,3,1.08006501,0.109053679,0.151917428,9.07660478E-07
11,4,1.08006501,0.151917428,0.221637174,9.07660478E-07
11,5,1.08006501,0.221637174,0.269332647,9.07660478E-07
11,6,1.08006501,0.269332647,0.310654521,9.07660478E-07
11,7,1.08006501,0.310654521,0.367113173,9.07660478E-07
11,8,1.08006501,0.367113173,0.430136740,9.07660478E-07
11,9,1.08006501,0.430136740,0.489398777,9.07660478E-07
11,10,1.08006501,0.489398777,0.545509815,9.07660478E-07
11,11,1.08006501,0.545509815,0.575146854,9.07660478E-07
11,12,1.08006501,0.575146854,0.585231423,9.07660478E-07
11,13,1.08006501,0.585231423,0.732875824,9.07660478E-07
11,14,1.08006501,0.732875824,0.789445758,9.07660478E-07
11,15,1.08006501,0.789445758,0.781122625,9.07660478E-07
11,16,1.08006501,0.781122625,0.790876567,9.07660478E-07
11,17,1.08006501,0.790876567,0.898830473,9.07660478E-07
11,18,1.08006501,0.898830473,1.01582515,9.07660478E-07
11,19,1.08006501,1.01582515,1.05326855,9.07660478E-07
11,20,1.08006501,1.05326855,1.08006501,9.07660478E-07
12,1,8.97309510E-05,0.00000000,4.53989378E-06,1.08489807E-10
12,2,8.97309510E-05,4.53989378E-06,8.61553508E-06,1.08489807E-10
12,3,8.97309510E-05,8.61553508E-06,1.43037623E-05,1.08489807E-10
12,4,8.97309510E-05,1.43037623E-05,1.75078912E-05,1.08489807E-10
12,5,8.97309510E-05,1.75078912E-05,2.16889566E-05,1.08489807E-10
12,6,8.97309510E-05,2.16889566E-05,2.71976023E-05,1.08489807E-10
12,7,8.97309510E-05,2.71976023E-05,3.23213972E-05,1.08489807E-10
12,8,8.97309510E-05,3.23213972E-05,3.63186773E-05,1.08489807E-10
12,9,8.97309510E-05,3.63186773E-05,3.98611191E-05,1.08489807E-10
12,10,8.97309510E-05,3.98611191E-05,4.39099531E-05,1.08489807E-10
12,11,8.97309510E-05,4.39099531E-05,4.87963880E-05,1.08489807E-10
12,12,8.97309510E-05,4.87963880E-05,5.41360314E-05,1.08489807E-10
12,13,8.97309510E-05,5.41360314E-05,5.92849392E-05,1.08489807E-10
12,14,8.97309510E-05,5.92849392E-05,6.38233687E-05,1.08489807E-10
12,15,8.97309510E-05,6.38233687E-05,6.77619901E-05,1.08489807E-10
12,16,8.97309510E-05,6.77619901E-05,7.14480848E-05,1.08489807E-10
12,17,8.97309510E-05,7.14480848E-05,7.53184213E-05,1.08489807E-10
12,18,8.97309510E-05,7.53184213E-05,7.96675449E-05,1.08489807E-10
12,19,8.97309510E-05,7.96675449E-05,8.45353861E-05,1.08489807E-10
12,20,8.97309510E-05,8.45353861E-05,8.97309510E-05,1.08489807E-10
13,1,0.257764548,0.00000000,1.28650125E-02,1.56905060E-07
13,2,0.257764548,1.28650125E-02,2.56215371E-02,1.56905060E-07
13,3,0.257764548,2.56215371E-02,3.87696847E-02,1.56905060E-07
13,4,0.257764548,3.87696847E-02,5.13160005E-02,1.56905060E-07
13,5,0.257764548,5.13160005E-02,6.39954209E-02,1.56905060E-07
13,6,0.257764548,6.39954209E-02,7.72257373E-02,1.56905060E-07
13,7,0.257764548,7.72257373E-02,9.03611928E-02,1.56905060E-07
13,8,0.257764548,9.03611928E-02,0.102957688,1.56905060E-07
13,9,0.257764548,0.102957688,0.115335844,1.56905060E-07
13,10,0.257764548,0.115335844,0.128048867,1.56905060E-07
13,11,0.257764548,0.128048867,0.141254202,1.56905060E-07
13,12,0.257764548,0.141254202,0.154629737,1.56905060E-07
13,13,0.257764548,0.154629737,0.167728260,1.56905060E-07
13,14,0.257764548,0.167728260,0.180351168,1.56905060E-07
13,15,0.257764548,0.180351168,0.192658946,1.56905060E-07
13,16,0.257764548,0.192658946,0.205016464,1.56905060E-07
13,17,0.257764548,0.205016464,0.217736974,1.56905060E-07
13,18,0.257764548,0.217736974,0.230903238,1.56905060E-07
13,19,0.257764548,0.230903238,0.244347289,1.56905060E-07
13,20,0.257764548,0.244347289,0.257764548,1.56905060E-07
14,1,0.00000000,0.00000000,0.00000000,-3.90230183E-04
14,2,0.00000000,0.00000000,0.00000000,-3.90230183E-04
14,3,0.00000000,0.00000000,0.00000000,-3.90230183E-04
14,4,0.00000000,0.00000000,0.00000000,-3.90230183E-04
14,5,0.00000000,0.00000000,0.00000000,-3.90230183E-04
14,6,0.00000000,0.00000000,0.00000000,-3.90230183E-04
14,7,0.00000000,0.00000000,0.00000000,-3.90230183E-04
14,8,0.00000000,0.00000000,0.00000000,-3.90230183E-04
14,9,0.00000000,0.00000000,0.00000000,-3.90230183E-04
14,10,0.00000000,0.00000000,0.00000000,-3.90230183E-04
14,11,0.00000000,0.00000000,0.00000000,-3.90230183E-04
14,12,0.00000000,0.00000000,0.00000000,-3.90230183E-04
14,13,0.00000000,0.00000000,0.00000000,-3.90230183E-04
14,14,0.00000000,0.00000000,0.00000000,-3.90230183E-04
14,15,0.00000000,0.00000000,0.00000000,-3.90230183E-04
14,16,0.00000000,0.00000000,0.00000000,-3.90230183E-04
14,17,0.00000000,0.00000000,0.00000000,-3.90230183E-04
14,18,0.00000000,0.00000000,0.00000000,-3.90230183E-04
14,19,0.00000000,0.00000000,0.00000000,-3.90230183E-04
14,20,0.00000000,0.00000000,0.00000000,-3.90230183E-04
15,1,0.672917962,0.409167439,0.417095661,-1.43128132E-08
15,2,0.672917962,0.417095661,0.384264112,-1.43128132E-08
15,3,0.672917962,0.384264112,0.506228685,-1.43128132E-08
15,4,0.672917962,0.506228685,0.277806759,-1.43128132E-08
15,5,0.672917962,0.277806759,0.415504277,-1.43128132E-08
15,6,0.672917962,0.415504277,0.546893954,-1.43128132E-08
15,7,0.672917962,0.546893954,0.309490561,-1.43128132E-08
15,8,0.672917962,0.309490561,0.593194723,-1.43128132E-08
15,9,0.672917962,0.593194723,1.26040252E-02,-1.43128132E-08
15,10,0.672917962,1.26040252E-02,0.679084957,-1.43128132E-08
15,11,0.672917962,0.679084957,0.235810876,-1.43128132E-08
15,12,0.672917962,0.235810876,0.679378748,-1.43128132E-08
15,13,0.672917962,0.679378748,0.454334766,-1.43128132E-08
15,14,0.672917962,0.454334766,0.348700315,-1.43128132E-08
15,15,0.672917962,0.348700315,1.02910073E-03,-1.43128132E-08
15,16,0.672917962,1.02910073E-03,0.547225416,-1.43128132E-08
15,17,0.672917962,0.547225416,0.791837156,-1.43128132E-08
15,18,0.672917962,0.791837156,0.256694704,-1.43128132E-08
15,19,0.672917962,0.256694704,2.52579711E-02,-1.43128132E-08
15,20,0.672917962,2.52579711E-02,0.672917962,-1.43128132E-08
16,1,266.940765,0.00000000,13.3155890,1.60890957E-03
16,2,266.940765,13.3155890,26.5727139,1.60890957E-03
16,3,266.940765,26.5727139,40.0179214,1.60890957E-03
16,4,266.940765,40.0179214,53.2701149,1.60890957E-03
16,5,266.940765,53.2701149,66.2916718,1.60890957E-03
16,6,266.940765,66.2916718,79.8649292,1.60890957E-03
16,7,266.940765,79.8649292,93.4863586,1.60890957E-03
16,8,266.940765,93.4863586,106.681030,1.60890957E-03
16,9,266.940765,106.681030,119.478462,1.60890957E-03
16,10,266.940765,119.478462,132.651306,1.60890957E-03
16,11,266.940765,132.651306,146.214264,1.60890957E-03
16,12,266.940765,146.214264,160.050903,1.60890957E-03
16,13,266.940765,160.050903,173.650055,1.60890957E-03
16,14,266.940765,173.650055,186.739777,1.60890957E-03
16,15,266.940765,186.739777,199.431030,1.60890957E-03
16,16,266.940765,199.431030,212.259644,1.60890957E-03
16,17,266.940765,212.259644,225.559418,1.60890957E-03
16,18,266.940765,225.559418,239.211761,1.60890957E-03
16,19,266.940765,239.211761,253.056030,1.60890957E-03
16,20,266.940765,253.056030,266.940765,1.60890957E-03
17,1,0.00000000,8.97309510E-05,0.00000000,-9.13119147E-05
17,2,0.00000000,0.00000000,0.00000000,-9.13119147E-05
17,3,0.00000000,0.00000000,0.00000000,-9.13119147E-05
17,4,0.00000000,0.00000000,0.00000000,-9.13119147E-05
17,5,0.00000000,0.00000000,0.00000000,-9.13119147E-05
17,6,0.00000000,0.00000000,0.00000000,-9.13119147E-05
17,7,0.00000000,0.00000000,0.00000000,-9.13119147E-05
17,8,0.00000000,0.00000000,0.00000000,-9.13119147E-05
17,9,0.00000000,0.00000000,0.00000000,-9.13119147E-05
17,10,0.00000000,0.00000000,0.00000000,-9.13119147E-05
17,11,0.00000000,0.00000000,0.00000000,-9.13119147E-05
17,12,0.00000000,0.00000000,0.00000000,-9.13119147E-05
17,13,0.00000000,0.00000000,0.00000000,-9.13119147E-05
17,14,0.00000000,0.00000000,0.00000000,-9.13119147E-05
17,15,0.00000000,0.00000000,0.00000000,-9.13119147E-05
17,16,0.00000000,0.00000000,0.00000000,-9.13119147E-05
17,17,0.00000000,0.00000000,0.00000000,-9.13119147E-05
17,18,0.00000000,0.00000000,0.00000000,-9.13119147E-05
17,19,0.00000000,0.00000000,0.00000000,-9.13119147E-05
17,20,0.00000000,0.00000000,0.00000000,-9.13119147E-05
18,1,2.71158910,1.08006501,1.11001968,9.08601760E-06
18,2,2.71158910,1.11001968,1.30889416,9.08601760E-06
18,3,2.71158910,1.30889416,1.31577313,9.08601760E-06
18,4,2.71158910,1.31577313,1.17583489,9.08601760E-06
18,5,2.71158910,1.17583489,1.36375070,9.08601760E-06
18,6,2.71158910,1.36375070,1.60206318,9.08601760E-06
18,7,2.71158910,1.60206318,1.74564838,9.08601760E-06
18,8,2.71158910,1.74564838,1.82972455,9.08601760E-06
18,9,2.71158910,1.82972455,1.88090658,9.08601760E-06
18,10,2.71158910,1.88090658,1.91854942,9.08601760E-06
18,11,2.71158910,1.91854942,1.95601881,9.08601760E-06
18,12,2.71158910,1.95601881,2.00185752,9.08601760E-06
18,13,2.71158910,2.00185752,2.08394909,9.08601760E-06
18,14,2.71158910,2.08394909,2.19060016,9.08601760E-06
18,15,2.71158910,2.19060016,2.26825857,9.08601760E-06
18,16,2.71158910,2.26825857,2.32042933,9.08601760E-06
18,17,2.71158910,2.32042933,2.37172961,9.08601760E-06
18,18,2.71158910,2.37172961,2.44672537,9.08601760E-06
18,19,2.71158910,2.44672537,2.55967450,9.08601760E-06
18,20,2.71158910,2.55967450,2.71158910,9.08601760E-06
19,1,267.385254,266.940765,266.566620,2.01615347E-08
19,2,267.385254,266.566620,265.192291,2.01615347E-08
19,3,267.385254,265.192291,265.837372,2.01615347E-08
19,4,267.385254,265.837372,267.532715,2.01615347E-08
19,5,267.385254,267.532715,266.431427,2.01615347E-08
19,6,267.385254,266.431427,264.839966,2.01615347E-08
19,7,267.385254,264.839966,265.288086,2.01615347E-08
19,8,267.385254,265.288086,268.010620,2.01615347E-08
19,9,267.385254,268.010620,267.210266,2.01615347E-08
19,10,267.385254,267.210266,265.194183,2.01615347E-08
19,11,267.385254,265.194183,264.786346,2.01615347E-08
19,12,267.385254,264.786346,264.715820,2.01615347E-08
19,13,267.385254,264.715820,268.419495,2.01615347E-08
19,14,267.385254,268.419495,269.956909,2.01615347E-08
19,15,267.385254,269.956909,265.132477,2.01615347E-08
19,16,267.385254,265.132477,261.351990,2.01615347E-08
19,17,267.385254,261.351990,263.991211,2.01615347E-08
19,18,267.385254,263.991211,269.251373,2.01615347E-08
19,19,267.385254,269.251373,270.401428,2.01615347E-08
19,20,267.385254,270.401428,267.385254,2.01615347E-08
20,1,1.29178734E-02,0.672917962,0.303211212,-6.50025811E-08
20,2,1.29178734E-02,0.303211212,0.870878756,-6.50025811E-08
20,3,1.29178734E-02,0.870878756,0.340584427,-6.50025811E-08
20,4,1.29178734E-02,0.340584427,3.43772732E-02,-6.50025811E-08
20,5,1.29178734E-02,3.43772732E-02,0.872669935,-6.50025811E-08
20,6,1.29178734E-02,0.872669935,0.00000000,-6.50025811E-08
20,7,1.29178734E-02,0.00000000,0.543026686,-6.50025811E-08
20,8,1.29178734E-02,0.543026686,0.884087622,-6.50025811E-08
20,9,1.29178734E-02,0.884087622,0.359392464,-6.50025811E-08
20,10,1.29178734E-02,0.359392464,0.171271026,-6.50025811E-08
20,11,1.29178734E-02,0.171271026,6.60499334E-02,-6.50025811E-08
20,12,1.29178734E-02,6.60499334E-02,0.917943299,-6.50025811E-08
20,13,1.29178734E-02,0.917943299,0.00000000,-6.50025811E-08
20,14,1.29178734E-02,0.00000000,0.312963188,-6.50025811E-08
20,15,1.29178734E-02,0.312963188,0.697416067,-6.50025811E-08
20,16,1.29178734E-02,0.697416067,0.912189364,-6.50025811E-08
20,17,1.29178734E-02,0.912189364,0.689762652,-6.50025811E-08
20,18,1.29178734E-02,0.689762652,0.370565265,-6.50025811E-08
20,19,1.29178734E-02,0.370565265,8.63521695E-02,-6.50025811E-08
20,20,1.29178734E-02,8.63521695E-02,1.29178734E-02,-6.50025811E-08
21,1,1.01041508,0.00000000,1.29225850E-02,9.70450310E-06
21,2,1.01041508,1.29225850E-02,0.186337173,9.70450310E-06
21,3,1.01041508,0.186337173,0.220389649,9.70450310E-06
21,4,1.01041508,0.220389649,0.203126743,9.70450310E-06
21,5,1.01041508,0.203126743,0.208116218,9.70450310E-06
21,6,1.01041508,0.208116218,0.230625674,9.70450310E-06
21,7,1.01041508,0.230625674,0.266635001,9.70450310E-06
21,8,1.01041508,0.266635001,0.312756658,9.70450310E-06
21,9,1.01041508,0.312756658,0.366161585,9.70450310E-06
21,10,1.01041508,0.366161585,0.424511313,9.70450310E-06
21,11,1.01041508,0.424511313,0.485897899,9.70450310E-06
21,12,1.01041508,0.485897899,0.548788130,9.70450310E-06
21,13,1.01041508,0.548788130,0.611973941,9.70450310E-06
21,14,1.01041508,0.611973941,0.674526751,9.70450310E-06
21,15,1.01041508,0.674526751,0.735757649,9.70450310E-06
21,16,1.01041508,0.735757649,0.795179546,9.70450310E-06
21,17,1.01041508,0.795179546,0.852475166,9.70450310E-06
21,18,1.01041508,0.852475166,0.907470167,9.70450310E-06
21,19,1.01041508,0.907470167,0.960105360,9.70450310E-06
21,20,1.01041508,0.960105360,1.01041508,9.70450310E-06
22,1,676.876648,2.71158910,36.3394165,1.42972684E-03
22,2,676.876648,36.3394165,70.7550964,1.42972684E-03
22,3,676.876648,70.7550964,104.688263,1.42972684E-03
22,4,676.876648,104.688263,139.830231,1.42972684E-03
22,5,676.876648,139.830231,172.015137,1.42972684E-03
22,6,676.876648,172.015137,202.687943,1.42972684E-03
22,7,676.876648,202.687943,235.444473,1.42972684E-03
22,8,676.876648,235.444473,271.291779,1.42972684E-03
22,9,676.876648,271.291779,308.380707,1.42972684E-03
22,10,676.876648,308.380707,344.290100,1.42972684E-03
22,11,676.876648,344.290100,377.905182,1.42972684E-03
22,12,676.876648,377.905182,409.747009,1.42972684E-03
22,13,676.876648,409.747009,441.168304,1.42972684E-03
22,14,676.876648,441.168304,473.347260,1.42972684E-03
22,15,676.876648,473.347260,506.713165,1.42972684E-03
22,16,676.876648,506.713165,540.964233,1.42972684E-03
22,17,676.876648,540.964233,575.455383,1.42972684E-03
22,18,676.876648,575.455383,609.646423,1.42972684E-03
22,19,676.876648,609.646423,643.376953,1.42972684E-03
22,20,676.876648,643.376953,676.876648,1.42972684E-03
23,1,186.961151,267.385254,263.117218,-6.34538301E-04
23,2,186.961151,263.117218,259.137207,-6.34538301E-04
23,3,186.961151,259.137207,252.209030,-6.34538301E-04
23,4,186.961151,252.209030,251.354752,-6.34538301E-04
23,5,186.961151,251.354752,248.185684,-6.34538301E-04
23,6,186.961151,248.185684,243.608032,-6.34538301E-04
23,7,186.961151,243.608032,236.149643,-6.34538301E-04
23,8,186.961151,236.149643,229.557190,-6.34538301E-04
23,9,186.961151,229.557190,226.877823,-6.34538301E-04
23,10,186.961151,226.877823,226.184998,-6.34538301E-04
23,11,186.961151,226.184998,225.137314,-6.34538301E-04
23,12,186.961151,225.137314,221.639572,-6.34538301E-04
23,13,186.961151,221.639572,217.996414,-6.34538301E-04
23,14,186.961151,217.996414,214.411148,-6.34538301E-04
23,15,186.961151,214.411148,207.875732,-6.34538301E-04
23,16,186.961151,207.875732,200.167480,-6.34538301E-04
23,17,186.961151,200.167480,193.510056,-6.34538301E-04
23,18,186.961151,193.510056,189.095428,-6.34538301E-04
23,19,186.961151,189.095428,186.956940,-6.34538301E-04
23,20,186.961151,186.956940,186.961151,-6.34538301E-04
24,1,0.686962008,1.01041508,0.960659981,4.46354306E-07
24,2,0.686962008,0.960659981,1.01855755,4.46354306E-07
24,3,0.686962008,1.01855755,1.02639234,4.46354306E-07
24,4,0.686962008,1.02639234,0.900335312,4.46354306E-07
24,5,0.686962008,0.900335312,1.17551851,4.46354306E-07
24,6,0.686962008,1.17551851,0.868405581,4.46354306E-07
24,7,0.686962008,0.868405581,0.648732543,4.46354306E-07
24,8,0.686962008,0.648732543,0.669580817,4.46354306E-07
24,9,0.686962008,0.669580817,0.858083248,4.46354306E-07
24,10,0.686962008,0.858083248,1.10420835,4.46354306E-07
24,11,0.686962008,1.10420835,1.37505698,4.46354306E-07
24,12,0.686962008,1.37505698,1.50811458,4.46354306E-07
24,13,0.686962008,1.50811458,1.47100341,4.46354306E-07
24,14,0.686962008,1.47100341,1.32879472,4.46354306E-07
24,15,0.686962008,1.32879472,1.14328229,4.46354306E-07
24,16,0.686962008,1.14328229,0.959131896,4.46354306E-07
24,17,0.686962008,0.959131896,0.807441354,4.46354306E-07
24,18,0.686962008,0.807441354,0.707369924,4.46354306E-07
24,19,0.686962008,0.707369924,0.667414427,4.46354306E-07
24,20,0.686962008,0.667414427,0.686962008,4.46354306E-07
25,1,315.795654,677.134399,330.532043,-1.81058795E-06
25,2,315.795654,330.532043,1357.89124,-1.81058795E-06
25,3,315.795654,1357.89124,779.630493,-1.81058795E-06
25,4,315.795654,779.630493,441.416931,-1.81058795E-06
25,5,315.795654,441.416931,195.998184,-1.81058795E-06
25,6,315.795654,195.998184,225.623795,-1.81058795E-06
25,7,315.795654,225.623795,530.276306,-1.81058795E-06
25,8,315.795654,530.276306,903.707275,-1.81058795E-06
25,9,315.795654,903.707275,1087.12915,-1.81058795E-06
25,10,315.795654,1087.12915,1120.48047,-1.81058795E-06
25,11,315.795654,1120.48047,1103.63416,-1.81058795E-06
25,12,315.795654,1103.63416,1012.34131,-1.81058795E-06
25,13,315.795654,1012.34131,857.304749,-1.81058795E-06
25,14,315.795654,857.304749,667.804077,-1.81058795E-06
25,15,315.795654,667.804077,478.641052,-1.81058795E-06
25,16,315.795654,478.641052,310.541321,-1.81058795E-06
25,17,315.795654,310.541321,197.133194,-1.81058795E-06
25,18,315.795654,197.133194,182.805313,-1.81058795E-06
25,19,315.795654,182.805313,223.791519,-1.81058795E-06
25,20,315.795654,223.791519,315.795654,-1.81058795E-06
26,1,0.00000000,186.961151,148.899689,-7.29674473E-04
26,2,0.00000000,148.899689,91.4521790,-7.29674473E-04
26,3,0.00000000,91.4521790,49.7436371,-7.29674473E-04
26,4,0.00000000,49.7436371,16.3342209,-7.29674473E-04
26,5,0.00000000,16.3342209,0.00000000,-7.29674473E-04
26,6,0.00000000,0.00000000,0.00000000,-7.29674473E-04
26,7,0.00000000,0.00000000,0.00000000,-7.29674473E-04
26,8,0.00000000,0.00000000,0.00000000,-7.29674473E-04
26,9,0.00000000,0.00000000,0.00000000,-7.29674473E-04
26,10,0.00000000,0.00000000,0.00000000,-7.29674473E-04
26,11,0.00000000,0.00000000,0.00000000,-7.29674473E-04
26,12,0.00000000,0.00000000,0.00000000,-7.29674473E-04
26,13,0.00000000,0.00000000,0.00000000,-7.29674473E-04
26,14,0.00000000,0.00000000,0.00000000,-7.29674473E-04
26,15,0.00000000,0.00000000,0.00000000,-7.29674473E-04
26,16,0.00000000,0.00000000,0.00000000,-7.29674473E-04
26,17,0.00000000,0.00000000,0.00000000,-7.29674473E-04
26,18,0.00000000,0.00000000,0.00000000,-7.29674473E-04
26,19,0.00000000,0.00000000,0.00000000,-7.29674473E-04
26,20,0.00000000,0.00000000,0.00000000,-7.29674473E-04
27,1,0.00000000,0.686962008,0.00000000,-3.46104102E-03
27,2,0.00000000,0.00000000,0.00000000,-3.46104102E-03
27,3,0.00000000,0.00000000,0.00000000,-3.46104102E-03
27,4,0.00000000,0.00000000,0.00000000,-3.46104102E-03
27,5,0.00000000,0.00000000,0.00000000,-3.46104102E-03
27,6,0.00000000,0.00000000,0.00000000,-3.46104102E-03
27,7,0.00000000,0.00000000,0.00000000,-3.46104102E-03
27,8,0.00000000,0.00000000,0.00000000,-3.46104102E-03
27,9,0.00000000,0.00000000,0.00000000,-3.46104102E-03
27,10,0.00000000,0.00000000,0.00000000,-3.46104102E-03
27,11,0.00000000,0.00000000,0.00000000,-3.46104102E-03
27,12,0.00000000,0.00000000,0.00000000,-3.46104102E-03
27,13,0.00000000,0.00000000,0.00000000,-3.46104102E-03
27,14,0.00000000,0.00000000,0.00000000,-3.46104102E-03
27,15,0.00000000,0.00000000,0.00000000,-3.46104102E-03
27,16,0.00000000,0.00000000,0.00000000,-3.46104102E-03
27,17,0.00000000,0.00000000,0.00000000,-3.46104102E-03
27,18,0.00000000,0.00000000,0.00000000,-3.46104102E-03
27,19,0.00000000,0.00000000,0.00000000,-3.46104102E-03
27,20,0.00000000,0.00000000,0.00000000,-3.46104102E-03
28,1,0.00000000,315.795654,1116.51794,-5.99115621E-04
28,2,0.00000000,1116.51794,631.682434,-5.99115621E-04
28,3,0.00000000,631.682434,0.711311340,-5.99115621E-04
28,4,0.00000000,0.711311340,699.791321,-5.99115621E-04
28,5,0.00000000,699.791321,892.294006,-5.99115621E-04
28,6,0.00000000,892.294006,0.00000000,-5.99115621E-04
28,7,0.00000000,0.00000000,449.252991,-5.99115621E-04
28,8,0.00000000,449.252991,335.842102,-5.99115621E-04
28,9,0.00000000,335.842102,452.208130,-5.99115621E-04
28,10,0.00000000,452.208130,291.767731,-5.99115621E-04
28,11,0.00000000,291.767731,0.00000000,-5.99115621E-04
28,12,0.00000000,0.00000000,165.683411,-5.99115621E-04
28,13,0.00000000,165.683411,328.371582,-5.99115621E-04
28,14,0.00000000,328.371582,123.159889,-5.99115621E-04
28,15,0.00000000,123.159889,0.00000000,-5.99115621E-04
28,16,0.00000000,0.00000000,60.2626419,-5.99115621E-04
28,17,0.00000000,60.2626419,0.00000000,-5.99115621E-04
28,18,0.00000000,0.00000000,0.00000000,-5.99115621E-04
28,19,0.00000000,0.00000000,0.00000000,-5.99115621E-04
28,20,0.00000000,0.00000000,0.00000000,-5.99115621E-04
29,1,40.1806755,0.00000000,1.48581636,1.33046356E-04
29,2,40.1806755,1.48581636,4.23940325,1.33046356E-04
29,3,40.1806755,4.23940325,2.03081369,1.33046356E-04
29,4,40.1806755,2.03081369,11.1612911,1.33046356E-04
29,5,40.1806755,11.1612911,4.68469000,1.33046356E-04
29,6,40.1806755,4.68469000,7.34194326,1.33046356E-04
29,7,40.1806755,7.34194326,15.1884937,1.33046356E-04
29,8,40.1806755,15.1884937,18.1082802,1.33046356E-04
29,9,40.1806755,18.1082802,12.9533119,1.33046356E-04
29,10,40.1806755,12.9533119,9.00913620,1.33046356E-04
29,11,40.1806755,9.00913620,10.1779232,1.33046356E-04
29,12,40.1806755,10.1779232,24.5611210,1.33046356E-04
29,13,40.1806755,24.5611210,29.6048565,1.33046356E-04
29,14,40.1806755,29.6048565,31.8050632,1.33046356E-04
29,15,40.1806755,31.8050632,27.7332077,1.33046356E-04
29,16,40.1806755,27.7332077,19.7039013,1.33046356E-04
29,17,40.1806755,19.7039013,15.7182369,1.33046356E-04
29,18,40.1806755,15.7182369,15.9266796,1.33046356E-04
29,19,40.1806755,15.9266796,24.8929005,1.33046356E-04
29,20,40.1806755,24.8929005,40.1806755,1.33046356E-04
30,1,1.92551053,0.00000000,7.12189749E-02,2.12785130E-06
30,2,1.92551053,7.12189749E-02,0.129781395,2.12785130E-06
30,3,1.92551053,0.129781395,0.222771242,2.12785130E-06
30,4,1.92551053,0.222771242,0.269869417,2.12785130E-06
30,5,1.92551053,0.269869417,0.418681055,2.12785130E-06
30,6,1.92551053,0.418681055,0.142772228,2.12785130E-06
30,7,1.92551053,0.142772228,0.882424235,2.12785130E-06
30,8,1.92551053,0.882424235,0.420784682,2.12785130E-06
30,9,1.92551053,0.420784682,0.312538534,2.12785130E-06
30,10,1.92551053,0.312538534,1.01423550,2.12785130E-06
30,11,1.92551053,1.01423550,0.926292062,2.12785130E-06
30,12,1.92551053,0.926292062,0.632120252,2.12785130E-06
30,13,1.92551053,0.632120252,0.932762027,2.12785130E-06
30,14,1.92551053,0.932762027,0.665837407,2.12785130E-06
30,15,1.92551053,0.665837407,0.674262404,2.12785130E-06
30,16,1.92551053,0.674262404,2.27224112,2.12785130E-06
30,17,1.92551053,2.27224112,0.849368095,2.12785130E-06
30,18,1.92551053,0.849368095,0.479600102,2.12785130E-06
30,19,1.92551053,0.479600102,1.60487080,2.12785130E-06
30,20,1.92551053,1.60487080,1.92551053,2.12785130E-06
31,1,199.842743,40.1806755,51.4410896,3.67001398E-04
31,2,199.842743,51.4410896,67.0105896,3.67001398E-04
31,3,199.842743,67.0105896,55.3622475,3.67001398E-04
31,4,199.842743,55.3622475,90.1406021,3.67001398E-04
31,5,199.842743,90.1406021,81.6680527,3.67001398E-04
31,6,199.842743,81.6680527,62.3171768,3.67001398E-04
31,7,199.842743,62.3171768,59.5431366,3.67001398E-04
31,8,199.842743,59.5431366,64.2883606,3.67001398E-04
31,9,199.842743,64.2883606,78.6255035,3.67001398E-04
31,10,199.842743,78.6255035,94.6752396,3.67001398E-04
31,11,199.842743,94.6752396,115.245903,3.67001398E-04
31,12,199.842743,115.245903,116.314072,3.67001398E-04
31,13,199.842743,116.314072,118.800827,3.67001398E-04
31,14,199.842743,118.800827,128.078583,3.67001398E-04
31,15,199.842743,128.078583,152.871765,3.67001398E-04
31,16,199.842743,152.871765,163.446655,3.67001398E-04
31,17,199.842743,163.446655,179.710815,3.67001398E-04
31,18,199.842743,179.710815,200.857361,3.67001398E-04
31,19,199.842743,200.857361,211.129578,3.67001398E-04
31,20,199.842743,211.129578,199.842743,3.67001398E-04
32,1,3127.20410,1.92551053,306.446075,3.20378355E-08
32,2,3127.20410,306.446075,1475.31677,3.20378355E-08
32,3,3127.20410,1475.31677,3469.28516,3.20378355E-08
32,4,3127.20410,3469.28516,5392.55566,3.20378355E-08
32,5,3127.20410,5392.55566,6392.10645,3.20378355E-08
32,6,3127.20410,6392.10645,6373.76660,3.20378355E-08
32,7,3127.20410,6373.76660,5786.17188,3.20378355E-08
32,8,3127.20410,5786.17188,5097.06982,3.20378355E-08
32,9,3127.20410,5097.06982,4551.63916,3.20378355E-08
32,10,3127.20410,4551.63916,4198.40381,3.20378355E-08
32,11,3127.20410,4198.40381,3989.48779,3.20378355E-08
32,12,3127.20410,3989.48779,3858.89185,3.20378355E-08
32,13,3127.20410,3858.89185,3759.64746,3.20378355E-08
32,14,3127.20410,3759.64746,3668.93799,3.20378355E-08
32,15,3127.20410,3668.93799,3579.20239,3.20378355E-08
32,16,3127.20410,3579.20239,3489.07007,3.20378355E-08
32,17,3127.20410,3489.07007,3398.67041,3.20378355E-08
32,18,3127.20410,3398.67041,3308.19092,3.20378355E-08
32,19,3127.20410,3308.19092,3217.69775,3.20378355E-08
32,20,3127.20410,3217.69775,3127.20410,3.20378355E-08
33,1,147.617828,200.000412,173.030853,-3.80946818E-04
33,2,147.617828,173.030853,186.988617,-3.80946818E-04
33,3,147.617828,186.988617,113.336685,-3.80946818E-04
33,4,147.617828,113.336685,105.450394,-3.80946818E-04
33,5,147.617828,105.450394,120.774628,-3.80946818E-04
33,6,147.617828,120.774628,114.169174,-3.80946818E-04
33,7,147.617828,114.169174,105.047165,-3.80946818E-04
33,8,147.617828,105.047165,95.5406189,-3.80946818E-04
33,9,147.617828,95.5406189,83.6040344,-3.80946818E-04
33,10,147.617828,83.6040344,94.2247925,-3.80946818E-04
33,11,147.617828,94.2247925,90.8127747,-3.80946818E-04
33,12,147.617828,90.8127747,97.7677155,-3.80946818E-04
33,13,147.617828,97.7677155,116.988647,-3.80946818E-04
33,14,147.617828,116.988647,131.000610,-3.80946818E-04
33,15,147.617828,131.000610,145.827454,-3.80946818E-04
33,16,147.617828,145.827454,158.067474,-3.80946818E-04
33,17,147.617828,158.067474,165.995773,-3.80946818E-04
33,18,147.617828,165.995773,164.068420,-3.80946818E-04
33,19,147.617828,164.068420,158.110336,-3.80946818E-04
33,20,147.617828,158.110336,147.617828,-3.80946818E-04
34,1,2759.71460,3127.20410,3108.65112,9.34671363E-09
34,2,2759.71460,3108.65112,3090.09790,9.34671363E-09
34,3,2759.71460,3090.09790,3071.54517,9.34671363E-09
34,4,2759.71460,3071.54517,3052.99243,9.34671363E-09
34,5,2759.71460,3052.99243,3034.43970,9.34671363E-09
34,6,2759.71460,3034.43970,3015.88770,9.34671363E-09
34,7,2759.71460,3015.88770,2997.33691,9.34671363E-09
34,8,2759.71460,2997.33691,2978.78906,9.34671363E-09
34,9,2759.71460,2978.78906,2960.24609,9.34671363E-09
34,10,2759.71460,2960.24609,2941.71191,9.34671363E-09
34,11,2759.71460,2941.71191,2923.19263,9.34671363E-09
34,12,2759.71460,2923.19263,2904.69604,9.34671363E-09
34,13,2759.71460,2904.69604,2886.23340,9.34671363E-09
34,14,2759.71460,2886.23340,2867.81934,9.34671363E-09
34,15,2759.71460,2867.81934,2849.47241,9.34671363E-09
34,16,2759.71460,2849.47241,2831.21606,9.34671363E-09
34,17,2759.71460,2831.21606,2813.07764,9.34671363E-09
34,18,2759.71460,2813.07764,2795.08960,9.34671363E-09
34,19,2759.71460,2795.08960,2777.28833,9.34671363E-09
34,20,2759.71460,2777.28833,2759.71460,9.34671363E-09
35,1,2757.89478,2759.71460,2756.15063,-6.28237758E-05
35,2,2757.89478,2756.15063,2757.37817,-6.28237758E-05
35,3,2757.89478,2757.37817,2759.92944,-6.28237758E-05
35,4,2757.89478,2759.92944,2762.00293,-6.28237758E-05
35,5,2757.89478,2762.00293,2762.87866,-6.28237758E-05
35,6,2757.89478,2762.87866,2762.46777,-6.28237758E-05
35,7,2757.89478,2762.46777,2761.02148,-6.28237758E-05
35,8,2757.89478,2761.02148,2758.93262,-6.28237758E-05
35,9,2757.89478,2758.93262,2756.61987,-6.28237758E-05
35,10,2757.89478,2756.61987,2754.43384,-6.28237758E-05
35,11,2757.89478,2754.43384,2752.64014,-6.28237758E-05
35,12,2757.89478,2752.64014,2751.40674,-6.28237758E-05
35,13,2757.89478,2751.40674,2750.80981,-6.28237758E-05
35,14,2757.89478,2750.80981,2750.83472,-6.28237758E-05
35,15,2757.89478,2750.83472,2751.40796,-6.28237758E-05
35,16,2757.89478,2751.40796,2752.41235,-6.28237758E-05
35,17,2757.89478,2752.41235,2753.71167,-6.28237758E-05
35,18,2757.89478,2753.71167,2755.15063,-6.28237758E-05
35,19,2757.89478,2755.15063,2756.58667,-6.28237758E-05
35,20,2757.89478,2756.58667,2757.89478,-6.28237758E-05
36,1,4790.26465,2757.89478,2766.69067,-7.70103998E-06
36,2,4790.26465,2766.69067,2833.93896,-7.70103998E-06
36,3,4790.26465,2833.93896,2963.06885,-7.70103998E-06
36,4,4790.26465,2963.06885,3151.06738,-7.70103998E-06
36,5,4790.26465,3151.06738,3389.65210,-7.70103998E-06
36,6,4790.26465,3389.65210,3666.28467,-7.70103998E-06
36,7,4790.26465,3666.28467,3965.30811,-7.70103998E-06
36,8,4790.26465,3965.30811,4269.33154,-7.70103998E-06
36,9,4790.26465,4269.33154,4560.81006,-7.70103998E-06
36,10,4790.26465,4560.81006,4823.62695,-7.70103998E-06
36,11,4790.26465,4823.62695,5044.45459,-7.70103998E-06
36,12,4790.26465,5044.45459,5213.71875,-7.70103998E-06
36,13,4790.26465,5213.71875,5326.06055,-7.70103998E-06
36,14,4790.26465,5326.06055,5380.30713,-7.70103998E-06
36,15,4790.26465,5380.30713,5379.02783,-7.70103998E-06
36,16,4790.26465,5379.02783,5327.79639,-7.70103998E-06
36,17,4790.26465,5327.79639,5234.30322,-7.70103998E-06
36,18,4790.26465,5234.30322,5107.43750,-7.70103998E-06
36,19,4790.26465,5107.43750,4956.45020,-7.70103998E-06
36,20,4790.26465,4956.45020,4790.26465,-7.70103998E-06
37,1,2133.33887,4790.26465,4541.18262,3.57247081E-05
37,2,2133.33887,4541.18262,4291.76074,3.57247081E-05
37,3,2133.33887,4291.76074,4059.82397,3.57247081E-05
37,4,2133.33887,4059.82397,3857.48462,3.57247081E-05
37,5,2133.33887,3857.48462,3691.03711,3.57247081E-05
37,6,2133.33887,3691.03711,3561.31421,3.57247081E-05
37,7,2133.33887,3561.31421,3464.46021,3.57247081E-05
37,8,2133.33887,3464.46021,3393.11133,3.57247081E-05
37,9,2133.33887,3393.11133,3337.87964,3.57247081E-05
37,10,2133.33887,3337.87964,3288.90454,3.57247081E-05
37,11,2133.33887,3288.90454,3237.21655,3.57247081E-05
37,12,2133.33887,3237.21655,3175.69238,3.57247081E-05
37,13,2133.33887,3175.69238,3099.52002,3.57247081E-05
37,14,2133.33887,3099.52002,3006.20459,3.57247081E-05
37,15,2133.33887,3006.20459,2895.24341,3.57247081E-05
37,16,2133.33887,2895.24341,2767.61597,3.57247081E-05
37,17,2133.33887,2767.61597,2625.23779,3.57247081E-05
37,18,2133.33887,2625.23779,2470.47192,3.57247081E-05
37,19,2133.33887,2470.47192,2305.75269,3.57247081E-05
37,20,2133.33887,2305.75269,2133.33887,3.57247081E-05
38,1,0.369077057,2133.33887,1815.95215,3.58704870E-06
38,2,0.369077057,1815.95215,1485.69580,3.58704870E-06
38,3,0.369077057,1485.69580,1151.74365,3.58704870E-06
38,4,0.369077057,1151.74365,830.327759,3.58704870E-06
38,5,0.369077057,830.327759,544.916687,3.58704870E-06
38,6,0.369077057,544.916687,317.993774,3.58704870E-06
38,7,0.369077057,317.993774,160.790070,3.58704870E-06
38,8,0.369077057,160.790070,68.4557114,3.58704870E-06
38,9,0.369077057,68.4557114,23.7986221,3.58704870E-06
38,10,0.369077057,23.7986221,6.59615278,3.58704870E-06
38,11,0.369077057,6.59615278,1.54529428,3.58704870E-06
38,12,0.369077057,1.54529428,0.496395081,3.58704870E-06
38,13,0.369077057,0.496395081,0.368703604,3.58704870E-06
38,14,0.369077057,0.368703604,0.367116064,3.58704870E-06
38,15,0.369077057,0.367116064,0.368994564,3.58704870E-06
38,16,0.369077057,0.368994564,0.369110167,3.58704870E-06
38,17,0.369077057,0.369110167,0.369078070,3.58704870E-06
38,18,0.369077057,0.369078070,0.369076341,3.58704870E-06
38,19,0.369077057,0.369076341,0.369077027,3.58704870E-06
38,20,0.369077057,0.369077027,0.369077057,3.58704870E-06
39,1,2842.91846,0.369077057,1.44407916,6.64242492E-08
39,2,2842.91846,1.44407916,10.1698799,6.64242492E-08
39,3,2842.91846,10.1698799,43.8183022,6.64242492E-08
39,4,2842.91846,43.8183022,130.666306,6.64242492E-08
39,5,2842.91846,130.666306,299.903198,6.64242492E-08
39,6,2842.91846,299.903198,565.284241,6.64242492E-08
39,7,2842.91846,565.284241,913.811951,6.64242492E-08
39,8,2842.91846,913.811951,1307.86572,6.64242492E-08
39,9,2842.91846,1307.86572,1699.24268,6.64242492E-08
39,10,2842.91846,1699.24268,2046.03943,6.64242492E-08
39,11,2842.91846,2046.03943,2323.56494,6.64242492E-08
39,12,2842.91846,2323.56494,2526.12354,6.64242492E-08
39,13,2842.91846,2526.12354,2662.04028,6.64242492E-08
39,14,2842.91846,2662.04028,2746.41064,6.64242492E-08
39,15,2842.91846,2746.41064,2795.07568,6.64242492E-08
39,16,2842.91846,2795.07568,2821.19971,6.64242492E-08
39,17,2842.91846,2821.19971,2834.19897,6.64242492E-08
39,18,2842.91846,2834.19897,2840.08667,6.64242492E-08
39,19,2842.91846,2840.08667,2842.36548,6.64242492E-08
39,20,2842.91846,2842.36548,2842.91846,6.64242492E-08
40,1,0.00000000,2842.91846,2391.15137,-6.00829311E-02
40,2,0.00000000,2391.15137,1941.07910,-6.00829311E-02
40,3,0.00000000,1941.07910,1494.58228,-6.00829311E-02
40,4,0.00000000,1494.58228,1054.18335,-6.00829311E-02
40,5,0.00000000,1054.18335,622.895325,-6.00829311E-02
40,6,0.00000000,622.895325,204.008942,-6.00829311E-02
40,7,0.00000000,204.008942,0.00000000,-6.00829311E-02
40,8,0.00000000,0.00000000,0.00000000,-6.00829311E-02
40,9,0.00000000,0.00000000,0.00000000,-6.00829311E-02
40,10,0.00000000,0.00000000,0.00000000,-6.00829311E-02
40,11,0.00000000,0.00000000,0.00000000,-6.00829311E-02
40,12,0.00000000,0.00000000,0.00000000,-6.00829311E-02
40,13,0.00000000,0.00000000,0.00000000,-6.00829311E-02
40,14,0.00000000,0.00000000,0.00000000,-6.00829311E-02
40,15,0.00000000,0.00000000,0.00000000,-6.00829311E-02
40,16,0.00000000,0.00000000,0.00000000,-6.00829311E-02
40,17,0.00000000,0.00000000,0.00000000,-6.00829311E-02
40,18,0.00000000,0.00000000,0.00000000,-6.00829311E-02
40,19,0.00000000,0.00000000,0.00000000,-6.00829311E-02
40,20,0.00000000,0.00000000,0.00000000,-6.00829311E-02
41,1,1783.86572,0.00000000,7.48854399,-5.53377618E-07
41,2,1783.86572,7.48854399,26.8285828,-5.53377618E-07
41,3,1783.86572,26.8285828,61.8305855,-5.53377618E-07
41,4,1783.86572,61.8305855,114.859978,-5.53377618E-07
41,5,1783.86572,114.859978,186.669525,-5.53377618E-07
41,6,1783.86572,186.669525,276.479126,-5.53377618E-07
41,7,1783.86572,276.479126,382.222595,-5.53377618E-07
41,8,1783.86572,382.222595,500.884918,-5.53377618E-07
41,9,1783.86572,500.884918,628.867004,-5.53377618E-07
41,10,1783.86572,628.867004,762.330017,-5.53377618E-07
41,11,1783.86572,762.330017,897.491699,-5.53377618E-07
41,12,1783.86572,897.491699,1030.85632,-5.53377618E-07
41,13,1783.86572,1030.85632,1159.37646,-5.53377618E-07
41,14,1783.86572,1159.37646,1280.55005,-5.53377618E-07
41,15,1783.86572,1280.55005,1392.45996,-5.53377618E-07
41,16,1783.86572,1392.45996,1493.76978,-5.53377618E-07
41,17,1783.86572,1493.76978,1583.68433,-5.53377618E-07
41,18,1783.86572,1583.68433,1661.88940,-5.53377618E-07
41,19,1783.86572,1661.88940,1728.47656,-5.53377618E-07
41,20,1783.86572,1728.47656,1783.86572,-5.53377618E-07
42,1,1930.27783,1783.86572,1810.25867,1.66788348E-04
42,2,1930.27783,1810.25867,1833.62341,1.66788348E-04
42,3,1930.27783,1833.62341,1854.11230,1.66788348E-04
42,4,1930.27783,1854.11230,1871.88696,1.66788348E-04
42,5,1930.27783,1871.88696,1887.11670,1.66788348E-04
42,6,1930.27783,1887.11670,1899.97620,1.66788348E-04
42,7,1930.27783,1899.97620,1910.64331,1.66788348E-04
42,8,1930.27783,1910.64331,1919.29846,1.66788348E-04
42,9,1930.27783,1919.29846,1926.12231,1.66788348E-04
42,10,1930.27783,1926.12231,1931.29614,1.66788348E-04
42,11,1930.27783,1931.29614,1934.99988,1.66788348E-04
42,12,1930.27783,1934.99988,1937.41162,1.66788348E-04
42,13,1930.27783,1937.41162,1938.70667,1.66788348E-04
42,14,1930.27783,1938.70667,1939.05652,1.66788348E-04
42,15,1930.27783,1939.05652,1938.62903,1.66788348E-04
42,16,1930.27783,1938.62903,1937.58667,1.66788348E-04
42,17,1930.27783,1937.58667,1936.08557,1.66788348E-04
42,18,1930.27783,1936.08557,1934.27466,1.66788348E-04
42,19,1930.27783,1934.27466,1932.29492,1.66788348E-04
42,20,1930.27783,1932.29492,1930.27783,1.66788348E-04
43,1,621.175476,1930.27783,1922.82202,-1.66543956E-09
43,2,621.175476,1922.82202,1926.30640,-1.66543956E-09
43,3,621.175476,1926.30640,1929.97559,-1.66543956E-09
43,4,621.175476,1929.97559,1917.29590,-1.66543956E-09
43,5,621.175476,1917.29590,1874.18518,-1.66543956E-09
43,6,621.175476,1874.18518,1794.30469,-1.66543956E-09
43,7,621.175476,1794.30469,1680.27148,-1.66543956E-09
43,8,621.175476,1680.27148,1541.61328,-1.66543956E-09
43,9,621.175476,1541.61328,1391.19702,-1.66543956E-09
43,10,621.175476,1391.19702,1241.75317,-1.66543956E-09
43,11,621.175476,1241.75317,1103.46582,-1.66543956E-09
43,12,621.175476,1103.46582,982.892029,-1.66543956E-09
43,13,621.175476,982.892029,882.988159,-1.66543956E-09
43,14,621.175476,882.988159,803.813049,-1.66543956E-09
43,15,621.175476,803.813049,743.488342,-1.66543956E-09
43,16,621.175476,743.488342,699.117798,-1.66543956E-09
43,17,621.175476,699.117798,667.504333,-1.66543956E-09
43,18,621.175476,667.504333,645.623535,-1.66543956E-09
43,19,621.175476,645.623535,630.875671,-1.66543956E-09
43,20,621.175476,630.875671,621.175476,-1.66543956E-09
44,1,509.382507,621.175476,610.068298,-1.48478721E-03
44,2,509.382507,610.068298,599.152527,-1.48478721E-03
44,3,509.382507,599.152527,588.443909,-1.48478721E-03
44,4,509.382507,588.443909,577.968689,-1.48478721E-03
44,5,509.382507,577.968689,567.764954,-1.48478721E-03
44,6,509.382507,567.764954,557.883423,-1.48478721E-03
44,7,509.382507,557.883423,548.388245,-1.48478721E-03
44,8,509.382507,548.388245,539.357117,-1.48478721E-03
44,9,509.382507,539.357117,530.881409,-1.48478721E-03
44,10,509.382507,530.881409,523.065735,-1.48478721E-03
44,11,509.382507,523.065735,516.026306,-1.48478721E-03
44,12,509.382507,516.026306,509.889435,-1.48478721E-03
44,13,509.382507,509.889435,504.789093,-1.48478721E-03
44,14,509.382507,504.789093,500.863708,-1.48478721E-03
44,15,509.382507,500.863708,498.253265,-1.48478721E-03
44,16,509.382507,498.253265,497.094574,-1.48478721E-03
44,17,509.382507,497.094574,497.517792,-1.48478721E-03
44,18,509.382507,497.517792,499.641541,-1.48478721E-03
44,19,509.382507,499.641541,503.568909,-1.48478721E-03
44,20,509.382507,503.568909,509.382507,-1.48478721E-03
45,1,869.524292,509.382507,556.497314,-4.79762411E-06
45,2,869.524292,556.497314,614.771790,-4.79762411E-06
45,3,869.524292,614.771790,682.444824,-4.79762411E-06
45,4,869.524292,682.444824,756.643433,-4.79762411E-06
45,5,869.524292,756.643433,833.687744,-4.79762411E-06
45,6,869.524292,833.687744,909.494873,-4.79762411E-06
45,7,869.524292,909.494873,980.009583,-4.79762411E-06
45,8,869.524292,980.009583,1041.59863,-4.79762411E-06
45,9,869.524292,1041.59863,1091.36072,-4.79762411E-06
45,10,869.524292,1091.36072,1127.32263,-4.79762411E-06
45,11,869.524292,1127.32263,1148.51721,-4.79762411E-06
45,12,869.524292,1148.51721,1154.95093,-4.79762411E-06
45,13,869.524292,1154.95093,1147.48389,-4.79762411E-06
45,14,869.524292,1147.48389,1127.65173,-4.79762411E-06
45,15,869.524292,1127.65173,1097.45789,-4.79762411E-06
45,16,869.524292,1097.45789,1059.16467,-4.79762411E-06
45,17,869.524292,1059.16467,1015.10132,-4.79762411E-06
45,18,869.524292,1015.10132,967.504883,-4.79762411E-06
45,19,869.524292,967.504883,918.400940,-4.79762411E-06
45,20,869.524292,918.400940,869.524292,-4.79762411E-06
46,1,481.995941,869.524292,853.657349,2.18540862E-07
46,2,481.995941,853.657349,837.706360,2.18540862E-07
46,3,481.995941,837.706360,821.325256,2.18540862E-07
46,4,481.995941,821.325256,804.477478,2.18540862E-07
46,5,481.995941,804.477478,787.137512,2.18540862E-07
46,6,481.995941,787.137512,769.292053,2.18540862E-07
46,7,481.995941,769.292053,750.939270,2.18540862E-07
46,8,481.995941,750.939270,732.088806,2.18540862E-07
46,9,481.995941,732.088806,712.761108,2.18540862E-07
46,10,481.995941,712.761108,692.986389,2.18540862E-07
46,11,481.995941,692.986389,672.803711,2.18540862E-07
46,12,481.995941,672.803711,652.259583,2.18540862E-07
46,13,481.995941,652.259583,631.406860,2.18540862E-07
46,14,481.995941,631.406860,610.303528,2.18540862E-07
46,15,481.995941,610.303528,589.011353,2.18540862E-07
46,16,481.995941,589.011353,567.594666,2.18540862E-07
46,17,481.995941,567.594666,546.119202,2.18540862E-07
46,18,481.995941,546.119202,524.650940,2.18540862E-07
46,19,481.995941,524.650940,503.255249,2.18540862E-07
46,20,481.995941,503.255249,481.995941,2.18540862E-07
47,1,460.834747,482.008850,479.396667,-8.77169805E-06
47,2,460.834747,479.396667,497.989502,-8.77169805E-06
47,3,460.834747,497.989502,448.222168,-8.77169805E-06
47,4,460.834747,448.222168,479.098969,-8.77169805E-06
47,5,460.834747,479.098969,499.779175,-8.77169805E-06
47,6,460.834747,499.779175,488.388092,-8.77169805E-06
47,7,460.834747,488.388092,470.321625,-8.77169805E-06
47,8,460.834747,470.321625,461.375641,-8.77169805E-06
47,9,460.834747,461.375641,464.366699,-8.77169805E-06
47,10,460.834747,464.366699,488.613312,-8.77169805E-06
47,11,460.834747,488.613312,473.828491,-8.77169805E-06
47,12,460.834747,473.828491,465.211945,-8.77169805E-06
47,13,460.834747,465.211945,475.717743,-8.77169805E-06
47,14,460.834747,475.717743,485.982666,-8.77169805E-06
47,15,460.834747,485.982666,474.133118,-8.77169805E-06
47,16,460.834747,474.133118,464.992401,-8.77169805E-06
47,17,460.834747,464.992401,432.050568,-8.77169805E-06
47,18,460.834747,432.050568,446.422424,-8.77169805E-06
47,19,460.834747,446.422424,466.632050,-8.77169805E-06
47,20,460.834747,466.632050,460.834747,-8.77169805E-06
48,1,975.753784,460.834747,495.200012,1.60648022E-03
48,2,975.753784,495.200012,524.447083,1.60648022E-03
48,3,975.753784,524.447083,578.994385,1.60648022E-03
48,4,975.753784,578.994385,586.502258,1.60648022E-03
48,5,975.753784,586.502258,613.879395,1.60648022E-03
48,6,975.753784,613.879395,648.442261,1.60648022E-03
48,7,975.753784,648.442261,664.914917,1.60648022E-03
48,8,975.753784,664.914917,673.059204,1.60648022E-03
48,9,975.753784,673.059204,679.977051,1.60648022E-03
48,10,975.753784,679.977051,686.161560,1.60648022E-03
48,11,975.753784,686.161560,724.092163,1.60648022E-03
48,12,975.753784,724.092163,767.713867,1.60648022E-03
48,13,975.753784,767.713867,803.666565,1.60648022E-03
48,14,975.753784,803.666565,853.680420,1.60648022E-03
48,15,975.753784,853.680420,914.605225,1.60648022E-03
48,16,975.753784,914.605225,960.005798,1.60648022E-03
48,17,975.753784,960.005798,976.077637,1.60648022E-03
48,18,975.753784,976.077637,988.321045,1.60648022E-03
48,19,975.753784,988.321045,984.611511,1.60648022E-03
48,20,975.753784,984.611511,975.753784,1.60648022E-03
49,1,1016.82489,975.753784,962.538025,4.19651913E-09
49,2,1016.82489,962.538025,954.576904,4.19651913E-09
49,3,1016.82489,954.576904,951.498718,4.19651913E-09
49,4,1016.82489,951.498718,952.821960,4.19651913E-09
49,5,1016.82489,952.821960,957.732666,4.19651913E-09
49,6,1016.82489,957.732666,965.097290,4.19651913E-09
49,7,1016.82489,965.097290,973.785950,4.19651913E-09
49,8,1016.82489,973.785950,984.349182,4.19651913E-09
49,9,1016.82489,984.349182,990.745178,4.19651913E-09
49,10,1016.82489,990.745178,996.921326,4.19651913E-09
49,11,1016.82489,996.921326,1003.38037,4.19651913E-09
49,12,1016.82489,1003.38037,1009.66296,4.19651913E-09
49,13,1016.82489,1009.66296,1021.10498,4.19651913E-09
49,14,1016.82489,1021.10498,1024.71448,4.19651913E-09
49,15,1016.82489,1024.71448,1024.43323,4.19651913E-09
49,16,1016.82489,1024.43323,1023.50549,4.19651913E-09
49,17,1016.82489,1023.50549,1020.82178,4.19651913E-09
49,18,1016.82489,1020.82178,1019.12451,4.19651913E-09
49,19,1016.82489,1019.12451,1018.91425,4.19651913E-09
49,20,1016.82489,1018.91425,1016.82489,4.19651913E-09
50,1,896.459595,1164.44275,1135.37170,-5.31225756E-04
50,2,896.459595,1135.37170,1112.14099,-5.31225756E-04
50,3,896.459595,1112.14099,1099.36414,-5.31225756E-04
50,4,896.459595,1099.36414,1093.27087,-5.31225756E-04
50,5,896.459595,1093.27087,1037.79578,-5.31225756E-04
50,6,896.459595,1037.79578,1054.16443,-5.31225756E-04
50,7,896.459595,1054.16443,1089.55725,-5.31225756E-04
50,8,896.459595,1089.55725,1117.17834,-5.31225756E-04
50,9,896.459595,1117.17834,1117.82336,-5.31225756E-04
50,10,896.459595,1117.82336,1088.37073,-5.31225756E-04
50,11,896.459595,1088.37073,1039.46143,-5.31225756E-04
50,12,896.459595,1039.46143,976.091736,-5.31225756E-04
50,13,896.459595,976.091736,917.605103,-5.31225756E-04
50,14,896.459595,917.605103,877.159302,-5.31225756E-04
50,15,896.459595,877.159302,858.121887,-5.31225756E-04
50,16,896.459595,858.121887,856.791199,-5.31225756E-04
50,17,896.459595,856.791199,866.293701,-5.31225756E-04
50,18,896.459595,866.293701,879.674805,-5.31225756E-04
50,19,896.459595,879.674805,891.631042,-5.31225756E-04
50,20,896.459595,891.631042,896.459595,-5.31225756E-04
51,1,1131.53406,896.459595,964.703796,2.65869254E-04
51,2,1131.53406,964.703796,893.735229,2.65869254E-04
51,3,1131.53406,893.735229,899.549377,2.65869254E-04
51,4,1131.53406,899.549377,932.884949,2.65869254E-04
51,5,1131.53406,932.884949,968.205383,2.65869254E-04
51,6,1131.53406,968.205383,994.622375,2.65869254E-04
51,7,1131.53406,994.622375,1009.68439,2.65869254E-04
51,8,1131.53406,1009.68439,1015.26263,2.65869254E-04
51,9,1131.53406,1015.26263,1014.94696,2.65869254E-04
51,10,1131.53406,1014.94696,1012.49835,2.65869254E-04
51,11,1131.53406,1012.49835,1011.03101,2.65869254E-04
51,12,1131.53406,1011.03101,1012.67047,2.65869254E-04
51,13,1131.53406,1012.67047,1018.50647,2.65869254E-04
51,14,1131.53406,1018.50647,1028.71997,2.65869254E-04
51,15,1131.53406,1028.71997,1042.79199,2.65869254E-04
51,16,1131.53406,1042.79199,1059.73401,2.65869254E-04
51,17,1131.53406,1059.73401,1078.31372,2.65869254E-04
51,18,1131.53406,1078.31372,1097.24084,2.65869254E-04
51,19,1131.53406,1097.24084,1115.31555,2.65869254E-04
51,20,1131.53406,1115.31555,1131.53406,2.65869254E-04
52,1,2737.65625,1197.00635,1292.66492,2.51471531E-03
52,2,2737.65625,1292.66492,1359.09900,2.51471531E-03
52,3,2737.65625,1359.09900,1426.65747,2.51471531E-03
52,4,2737.65625,1426.65747,1501.26953,2.51471531E-03
52,5,2737.65625,1501.26953,1579.55640,2.51471531E-03
52,6,2737.65625,1579.55640,1656.49207,2.51471531E-03
52,7,2737.65625,1656.49207,1728.66040,2.51471531E-03
52,8,2737.65625,1728.66040,1795.08533,2.51471531E-03
52,9,2737.65625,1795.08533,1856.87305,2.51471531E-03
52,10,2737.65625,1856.87305,1916.41919,2.51471531E-03
52,11,2737.65625,1916.41919,1976.57507,2.51471531E-03
52,12,2737.65625,1976.57507,2039.98230,2.51471531E-03
52,13,2737.65625,2039.98230,2108.63232,2.51471531E-03
52,14,2737.65625,2108.63232,2183.65527,2.51471531E-03
52,15,2737.65625,2183.65527,2265.29492,2.51471531E-03
52,16,2737.65625,2265.29492,2353.01538,2.51471531E-03
52,17,2737.65625,2353.01538,2445.68262,2.51471531E-03
52,18,2737.65625,2445.68262,2541.78955,2.51471531E-03
52,19,2737.65625,2541.78955,2639.66211,2.51471531E-03
52,20,2737.65625,2639.66211,2737.65625,2.51471531E-03
53,1,0.00000000,2737.65625,2560.03101,-5.77177554E-02
53,2,0.00000000,2560.03101,2382.25049,-5.77177554E-02
53,3,0.00000000,2382.25049,2107.17017,-5.77177554E-02
53,4,0.00000000,2107.17017,1796.80042,-5.77177554E-02
53,5,0.00000000,1796.80042,1521.50159,-5.77177554E-02
53,6,0.00000000,1521.50159,1277.02380,-5.77177554E-02
53,7,0.00000000,1277.02380,1098.29980,-5.77177554E-02
53,8,0.00000000,1098.29980,1208.37585,-5.77177554E-02
53,9,0.00000000,1208.37585,1267.35437,-5.77177554E-02
53,10,0.00000000,1267.35437,1280.45386,-5.77177554E-02
53,11,0.00000000,1280.45386,1252.52393,-5.77177554E-02
53,12,0.00000000,1252.52393,1095.99915,-5.77177554E-02
53,13,0.00000000,1095.99915,702.485229,-5.77177554E-02
53,14,0.00000000,702.485229,354.910614,-5.77177554E-02
53,15,0.00000000,354.910614,190.455231,-5.77177554E-02
53,16,0.00000000,190.455231,0.00000000,-5.77177554E-02
53,17,0.00000000,0.00000000,0.00000000,-5.77177554E-02
53,18,0.00000000,0.00000000,0.00000000,-5.77177554E-02
53,19,0.00000000,0.00000000,0.00000000,-5.77177554E-02
53,20,0.00000000,0.00000000,0.00000000,-5.77177554E-02
54,1,0.00000000,0.00000000,0.00000000,-9.20577254E-03
54,2,0.00000000,0.00000000,0.00000000,-9.20577254E-03
54,3,0.00000000,0.00000000,0.00000000,-9.20577254E-03
54,4,0.00000000,0.00000000,0.00000000,-9.20577254E-03
54,5,0.00000000,0.00000000,0.00000000,-9.20577254E-03
54,6,0.00000000,0.00000000,0.00000000,-9.20577254E-03
54,7,0.00000000,0.00000000,0.00000000,-9.20577254E-03
54,8,0.00000000,0.00000000,0.00000000,-9.20577254E-03
54,9,0.00000000,0.00000000,0.00000000,-9.20577254E-03
54,10,0.00000000,0.00000000,0.00000000,-9.20577254E-03
54,11,0.00000000,0.00000000,0.00000000,-9.20577254E-03
54,12,0.00000000,0.00000000,0.00000000,-9.20577254E-03
54,13,0.00000000,0.00000000,0.00000000,-9.20577254E-03
54,14,0.00000000,0.00000000,0.00000000,-9.20577254E-03
54,15,0.00000000,0.00000000,0.00000000,-9.20577254E-03
54,16,0.00000000,0.00000000,0.00000000,-9.20577254E-03
54,17,0.00000000,0.00000000,0.00000000,-9.20577254E-03
54,18,0.00000000,0.00000000,0.00000000,-9.20577254E-03
54,19,0.00000000,0.00000000,0.00000000,-9.20577254E-03
54,20,0.00000000,0.00000000,0.00000000,-9.20577254E-03
55,1,0.00000000,0.00000000,0.00000000,-2.01911564E-04
55,2,0.00000000,0.00000000,0.00000000,-2.01911564E-04
55,3,0.00000000,0.00000000,0.00000000,-2.01911564E-04
55,4,0.00000000,0.00000000,0.00000000,-2.01911564E-04
55,5,0.00000000,0.00000000,0.00000000,-2.01911564E-04
55,6,0.00000000,0.00000000,0.00000000,-2.01911564E-04
55,7,0.00000000,0.00000000,0.00000000,-2.01911564E-04
55,8,0.00000000,0.00000000,0.00000000,-2.01911564E-04
55,9,0.00000000,0.00000000,0.00000000,-2.01911564E-04
55,10,0.00000000,0.00000000,0.00000000,-2.01911564E-04
55,11,0.00000000,0.00000000,0.00000000,-2.01911564E-04
55,12,0.00000000,0.00000000,0.00000000,-2.01911564E-04
55,13,0.00000000,0.00000000,0.00000000,-2.01911564E-04
55,14,0.00000000,0.00000000,0.00000000,-2.01911564E-04
55,15,0.00000000,0.00000000,0.00000000,-2.01911564E-04
55,16,0.00000000,0.00000000,0.00000000,-2.01911564E-04
55,17,0.00000000,0.00000000,0.00000000,-2.01911564E-04
55,18,0.00000000,0.00000000,0.00000000,-2.01911564E-04
55,19,0.00000000,0.00000000,0.00000000,-2.01911564E-04
55,20,0.00000000,0.00000000,0.00000000,-2.01911564E-04
56,1,0.00000000,0.00000000,0.00000000,-2.19115900E-05
56,2,0.00000000,0.00000000,0.00000000,-2.19115900E-05
56,3,0.00000000,0.00000000,0.00000000,-2.19115900E-05
56,4,0.00000000,0.00000000,0.00000000,-2.19115900E-05
56,5,0.00000000,0.00000000,0.00000000,-2.19115900E-05
56,6,0.00000000,0.00000000,0.00000000,-2.19115900E-05
56,7,0.00000000,0.00000000,0.00000000,-2.19115900E-05
56,8,0.00000000,0.00000000,0.00000000,-2.19115900E-05
56,9,0.00000000,0.00000000,0.00000000,-2.19115900E-05
56,10,0.00000000,0.00000000,0.00000000,-2.19115900E-05
56,11,0.00000000,0.00000000,0.00000000,-2.19115900E-05
56,12,0.00000000,0.00000000,0.00000000,-2.19115900E-05
56,13,0.00000000,0.00000000,0.00000000,-2.19115900E-05
56,14,0.00000000,0.00000000,0.00000000,-2.19115900E-05
56,15,0.00000000,0.00000000,0.00000000,-2.19115900E-05
56,16,0.00000000,0.00000000,0.00000000,-2.19115900E-05
56,17,0.00000000,0.00000000,0.00000000,-2.19115900E-05
56,18,0.00000000,0.00000000,0.00000000,-2.19115900E-05
56,19,0.00000000,0.00000000,0.00000000,-2.19115900E-05
56,20,0.00000000,0.00000000,0.00000000,-2.19115900E-05
57,1,0.00000000,0.00000000,0.00000000,-1.36895687E-06
57,2,0.00000000,0.00000000,0.00000000,-1.36895687E-06
57,3,0.00000000,0.00000000,0.00000000,-1.36895687E-06
57,4,0.00000000,0.00000000,0.00000000,-1.36895687E-06
57,5,0.00000000,0.00000000,0.00000000,-1.36895687E-06
57,6,0.00000000,0.00000000,0.00000000,-1.36895687E-06
57,7,0.00000000,0.00000000,0.00000000,-1.36895687E-06
57,8,0.00000000,0.00000000,0.00000000,-1.36895687E-06
57,9,0.00000000,0.00000000,0.00000000,-1.36895687E-06
57,10,0.00000000,0.00000000,0.00000000,-1.36895687E-06
57,11,0.00000000,0.00000000,0.00000000,-1.36895687E-06
57,12,0.00000000,0.00000000,0.00000000,-1.36895687E-06
57,13,0.00000000,0.00000000,0.00000000,-1.36895687E-06
57,14,0.00000000,0.00000000,0.00000000,-1.36895687E-06
57,15,0.00000000,0.00000000,0.00000000,-1.36895687E-06
57,16,0.00000000,0.00000000,0.00000000,-1.36895687E-06
57,17,0.00000000,0.00000000,0.00000000,-1.36895687E-06
57,18,0.00000000,0.00000000,0.00000000,-1.36895687E-06
57,19,0.00000000,0.00000000,0.00000000,-1.36895687E-06
57,20,0.00000000,0.00000000,0.00000000,-1.36895687E-06
58,1,1.78616953,0.00000000,0.162862033,9.21524861E-06
58,2,1.78616953,0.162862033,0.516450524,9.21524861E-06
58,3,1.78616953,0.516450524,1.07679069,9.21524861E-06
58,4,1.78616953,1.07679069,0.759262085,9.21524861E-06
58,5,1.78616953,0.759262085,2.18533707,9.21524861E-06
58,6,1.78616953,2.18533707,1.17072856,9.21524861E-06
58,7,1.78616953,1.17072856,1.11781120,9.21524861E-06
58,8,1.78616953,1.11781120,0.484248400,9.21524861E-06
58,9,1.78616953,0.484248400,2.89318871,9.21524861E-06
58,10,1.78616953,2.89318871,3.78065848,9.21524861E-06
58,11,1.78616953,3.78065848,4.63922453,9.21524861E-06
58,12,1.78616953,4.63922453,4.46381760,9.21524861E-06
58,13,1.78616953,4.46381760,1.55554914,9.21524861E-06
58,14,1.78616953,1.55554914,1.37817097,9.21524861E-06
58,15,1.78616953,1.37817097,4.06038570,9.21524861E-06
58,16,1.78616953,4.06038570,0.995150089,9.21524861E-06
58,17,1.78616953,0.995150089,5.09219885,9.21524861E-06
58,18,1.78616953,5.09219885,9.51661301,9.21524861E-06
58,19,1.78616953,9.51661301,5.46617842,9.21524861E-06
58,20,1.78616953,5.46617842,1.78616953,9.21524861E-06
