i,k,old_q,old_q_ch_in,old_q_ch_out,qlat_ch_old
1,1,173.776535,0.00000000,8.86374378,2.04190117E-04
1,2,173.776535,8.86374378,17.8089256,2.04190117E-04
1,3,173.776535,17.8089256,26.2257423,2.04190117E-04
1,4,173.776535,26.2257423,36.5283661,2.04190117E-04
1,5,173.776535,36.5283661,42.9717979,2.04190117E-04
1,6,173.776535,42.9717979,53.4348221,2.04190117E-04
1,7,173.776535,53.4348221,62.9241028,2.04190117E-04
1,8,173.776535,62.9241028,73.4824982,2.04190117E-04
1,9,173.776535,73.4824982,70.1605225,2.04190117E-04
1,10,173.776535,70.1605225,100.786438,2.04190117E-04
1,11,173.776535,100.786438,93.2876892,2.04190117E-04
1,12,173.776535,93.2876892,100.149277,2.04190117E-04
1,13,173.776535,100.149277,117.177673,2.04190117E-04
1,14,173.776535,117.177673,141.433990,2.04190117E-04
1,15,173.776535,141.433990,115.263489,2.04190117E-04
1,16,173.776535,115.263489,137.446548,2.04190117E-04
1,17,173.776535,137.446548,158.847763,2.04190117E-04
1,18,173.776535,158.847763,162.998535,2.04190117E-04
1,19,173.776535,162.998535,164.806274,2.04190117E-04
1,20,173.776535,164.806274,173.776535,2.04190117E-04
2,1,1063.75378,0.00000000,53.6191940,2.15190998E-03
2,2,1063.75378,53.6191940,106.555786,2.15190998E-03
2,3,1063.75378,106.555786,159.345306,2.15190998E-03
2,4,1063.75378,159.345306,213.702866,2.15190998E-03
2,5,1063.75378,213.702866,268.244995,2.15190998E-03
2,6,1063.75378,268.244995,321.630859,2.15190998E-03
2,7,1063.75378,321.630859,373.873871,2.15190998E-03
2,8,1063.75378,373.873871,425.831451,2.15190998E-03
2,9,1063.75378,425.831451,478.420685,2.15190998E-03
2,10,1063.75378,478.420685,532.117065,2.15190998E-03
2,11,1063.75378,532.117065,586.805237,2.15190998E-03
2,12,1063.75378,586.805237,641.915710,2.15190998E-03
2,13,1063.75378,641.915710,696.718445,2.15190998E-03
2,14,1063.75378,696.718445,750.633423,2.15190998E-03
2,15,1063.75378,750.633423,803.435120,2.15190998E-03
2,16,1063.75378,803.435120,855.300842,2.15190998E-03
2,17,1063.75378,855.300842,906.711609,2.15190998E-03
2,18,1063.75378,906.711609,958.271179,2.15190998E-03
2,19,1063.75378,958.271179,1010.51221,2.15190998E-03
2,20,1063.75378,1010.51221,1063.75378,2.15190998E-03
3,1,56.5496559,0.00000000,2.84194112,4.24849713E-05
3,2,56.5496559,2.84194112,5.68388224,4.24849713E-05
3,3,56.5496559,5.68388224,8.52582359,4.24849713E-05
3,4,56.5496559,8.52582359,11.3677645,4.24849713E-05
3,5,56.5496559,11.3677645,14.2097063,4.24849713E-05
3,6,56.5496559,14.2097063,17.0516415,4.24849713E-05
3,7,56.5496559,17.0516415,19.8936348,4.24849713E-05
3,8,56.5496559,19.8936348,22.7352180,4.24849713E-05
3,9,56.5496559,22.7352180,25.5792656,4.24849713E-05
3,10,56.5496559,25.5792656,28.4112167,4.24849713E-05
3,11,56.5496559,28.4112167,31.2913437,4.24849713E-05
3,12,56.5496559,31.2913437,34.0167198,4.24849713E-05
3,13,56.5496559,34.0167198,37.1367912,4.24849713E-05
3,14,56.5496559,37.1367912,39.4817085,4.24849713E-05
3,15,56.5496559,39.4817085,42.9261780,4.24849713E-05
3,16,56.5496559,42.9261780,45.4229050,4.24849713E-05
3,17,56.5496559,45.4229050,48.0366478,4.24849713E-05
3,18,56.5496559,48.0366478,51.3879128,4.24849713E-05
3,19,56.5496559,51.3879128,54.2063026,4.24849713E-05
3,20,56.5496559,54.2063026,56.5496559,4.24849713E-05
4,1,37.4385033,0.00000000,1.93363798,3.09808056E-05
4,2,37.4385033,1.93363798,3.58413792,3.09808056E-05
4,3,37.4385033,3.58413792,6.08060503,3.09808056E-05
4,4,37.4385033,6.08060503,7.55883980,3.09808056E-05
4,5,37.4385033,7.55883980,9.10170269,3.09808056E-05
4,6,37.4385033,9.10170269,11.2569857,3.09808056E-05
4,7,37.4385033,11.2569857,13.5880833,3.09808056E-05
4,8,37.4385033,13.5880833,15.5865889,3.09808056E-05
4,9,37.4385033,15.5865889,17.1952801,3.09808056E-05
4,10,37.4385033,17.1952801,18.7059784,3.09808056E-05
4,11,37.4385033,18.7059784,20.4279556,3.09808056E-05
4,12,37.4385033,20.4279556,22.4662209,3.09808056E-05
4,13,37.4385033,22.4662209,24.7060394,3.09808056E-05
4,14,37.4385033,24.7060394,26.9317741,3.09808056E-05
4,15,37.4385033,26.9317741,28.9662437,3.09808056E-05
4,16,37.4385033,28.9662437,30.7526131,3.09808056E-05
4,17,37.4385033,30.7526131,32.3583069,3.09808056E-05
4,18,37.4385033,32.3583069,33.9228020,3.09808056E-05
4,19,37.4385033,33.9228020,35.5871964,3.09808056E-05
4,20,37.4385033,35.5871964,37.4385033,3.09808056E-05
5,1,0.00000000,0.00000000,0.00000000,-2.24161317E-06
5,2,0.00000000,0.00000000,0.00000000,-2.24161317E-06
5,3,0.00000000,0.00000000,0.00000000,-2.24161317E-06
5,4,0.00000000,0.00000000,0.00000000,-2.24161317E-06
5,5,0.00000000,0.00000000,0.00000000,-2.24161317E-06
5,6,0.00000000,0.00000000,0.00000000,-2.24161317E-06
5,7,0.00000000,0.00000000,0.00000000,-2.24161317E-06
5,8,0.00000000,0.00000000,0.00000000,-2.24161317E-06
5,9,0.00000000,0.00000000,0.00000000,-2.24161317E-06
5,10,0.00000000,0.00000000,0.00000000,-2.24161317E-06
5,11,0.00000000,0.00000000,0.00000000,-2.24161317E-06
5,12,0.00000000,0.00000000,0.00000000,-2.24161317E-06
5,13,0.00000000,0.00000000,0.00000000,-2.24161317E-06
5,14,0.00000000,0.00000000,0.00000000,-2.24161317E-06
5,15,0.00000000,0.00000000,0.00000000,-2.24161317E-06
5,16,0.00000000,0.00000000,0.00000000,-2.24161317E-06
5,17,0.00000000,0.00000000,0.00000000,-2.24161317E-06
5,18,0.00000000,0.00000000,0.00000000,-2.24161317E-06
5,19,0.00000000,0.00000000,0.00000000,-2.24161317E-06
5,20,0.00000000,0.00000000,0.00000000,-2.24161317E-06
6,1,0.00000000,0.00000000,0.00000000,-7.07903709E-08
6,2,0.00000000,0.00000000,0.00000000,-7.07903709E-08
6,3,0.00000000,0.00000000,0.00000000,-7.07903709E-08
6,4,0.00000000,0.00000000,0.00000000,-7.07903709E-08
6,5,0.00000000,0.00000000,0.00000000,-7.07903709E-08
6,6,0.00000000,0.00000000,0.00000000,-7.07903709E-08
6,7,0.00000000,0.00000000,0.00000000,-7.07903709E-08
6,8,0.00000000,0.00000000,0.00000000,-7.07903709E-08
6,9,0.00000000,0.00000000,0.00000000,-7.07903709E-08
6,10,0.00000000,0.00000000,0.00000000,-7.07903709E-08
6,11,0.00000000,0.00000000,0.00000000,-7.07903709E-08
6,12,0.00000000,0.00000000,0.00000000,-7.07903709E-08
6,13,0.00000000,0.00000000,0.00000000,-7.07903709E-08
6,14,0.00000000,0.00000000,0.00000000,-7.07903709E-08
6,15,0.00000000,0.00000000,0.00000000,-7.07903709E-08
6,16,0.00000000,0.00000000,0.00000000,-7.07903709E-08
6,17,0.00000000,0.00000000,0.00000000,-7.07903709E-08
6,18,0.00000000,0.00000000,0.00000000,-7.07903709E-08
6,19,0.00000000,0.00000000,0.00000000,-7.07903709E-08
6,20,0.00000000,0.00000000,0.00000000,-7.07903709E-08
7,1,3.15382640E-05,0.00000000,1.82411372E-06,1.39372916E-10
7,2,3.15382640E-05,1.82411372E-06,3.75021136E-06,1.39372916E-10
7,3,3.15382640E-05,3.75021136E-06,5.24068128E-06,1.39372916E-10
7,4,3.15382640E-05,5.24068128E-06,7.63896605E-06,1.39372916E-10
7,5,3.15382640E-05,7.63896605E-06,9.24996675E-06,1.39372916E-10
7,6,3.15382640E-05,9.24996675E-06,1.06896759E-05,1.39372916E-10
7,7,3.15382640E-05,1.06896759E-05,1.26632076E-05,1.39372916E-10
7,8,3.15382640E-05,1.26632076E-05,1.49796197E-05,1.39372916E-10
7,9,3.15382640E-05,1.49796197E-05,1.60461423E-05,1.39372916E-10
7,10,3.15382640E-05,1.60461423E-05,2.11582737E-05,1.39372916E-10
7,11,3.15382640E-05,2.11582737E-05,1.59033807E-05,1.39372916E-10
7,12,3.15382640E-05,1.59033807E-05,2.24453506E-05,1.39372916E-10
7,13,3.15382640E-05,2.24453506E-05,2.67673640E-05,1.39372916E-10
7,14,3.15382640E-05,2.67673640E-05,2.58009168E-05,1.39372916E-10
7,15,3.15382640E-05,2.58009168E-05,2.50497906E-05,1.39372916E-10
7,16,3.15382640E-05,2.50497906E-05,2.92230179E-05,1.39372916E-10
7,17,3.15382640E-05,2.92230179E-05,2.80031272E-05,1.39372916E-10
7,18,3.15382640E-05,2.80031272E-05,4.08319283E-05,1.39372916E-10
7,19,3.15382640E-05,4.08319283E-05,3.59611840E-05,1.39372916E-10
7,20,3.15382640E-05,3.59611840E-05,3.15382640E-05,1.39372916E-10
8,1,0.00000000,0.00000000,0.00000000,-3.34875192E-04
8,2,0.00000000,0.00000000,0.00000000,-3.34875192E-04
8,3,0.00000000,0.00000000,0.00000000,-3.34875192E-04
8,4,0.00000000,0.00000000,0.00000000,-3.34875192E-04
8,5,0.00000000,0.00000000,0.00000000,-3.34875192E-04
8,6,0.00000000,0.00000000,0.00000000,-3.34875192E-04
8,7,0.00000000,0.00000000,0.00000000,-3.34875192E-04
8,8,0.00000000,0.00000000,0.00000000,-3.34875192E-04
8,9,0.00000000,0.00000000,0.00000000,-3.34875192E-04
8,10,0.00000000,0.00000000,0.00000000,-3.34875192E-04
8,11,0.00000000,0.00000000,0.00000000,-3.34875192E-04
8,12,0.00000000,0.00000000,0.00000000,-3.34875192E-04
8,13,0.00000000,0.00000000,0.00000000,-3.34875192E-04
8,14,0.00000000,0.00000000,0.00000000,-3.34875192E-04
8,15,0.00000000,0.00000000,0.00000000,-3.34875192E-04
8,16,0.00000000,0.00000000,0.00000000,-3.34875192E-04
8,17,0.00000000,0.00000000,0.00000000,-3.34875192E-04
8,18,0.00000000,0.00000000,0.00000000,-3.34875192E-04
8,19,0.00000000,0.00000000,0.00000000,-3.34875192E-04
8,20,0.00000000,0.00000000,0.00000000,-3.34875192E-04
9,1,0.00000000,0.00000000,0.00000000,-6.83015605E-06
9,2,0.00000000,0.00000000,0.00000000,-6.83015605E-06
9,3,0.00000000,0.00000000,0.00000000,-6.83015605E-06
9,4,0.00000000,0.00000000,0.00000000,-6.83015605E-06
9,5,0.00000000,0.00000000,0.00000000,-6.83015605E-06
9,6,0.00000000,0.00000000,0.00000000,-6.83015605E-06
9,7,0.00000000,0.00000000,0.00000000,-6.83015605E-06
9,8,0.00000000,0.00000000,0.00000000,-6.83015605E-06
9,9,0.00000000,0.00000000,0.00000000,-6.83015605E-06
9,10,0.00000000,0.00000000,0.00000000,-6.83015605E-06
9,11,0.00000000,0.00000000,0.00000000,-6.83015605E-06
9,12,0.00000000,0.00000000,0.00000000,-6.83015605E-06
9,13,0.00000000,0.00000000,0.00000000,-6.83015605E-06
9,14,0.00000000,0.00000000,0.00000000,-6.83015605E-06
9,15,0.00000000,0.00000000,0.00000000,-6.83015605E-06
9,16,0.00000000,0.00000000,0.00000000,-6.83015605E-06
9,17,0.00000000,0.00000000,0.00000000,-6.83015605E-06
9,18,0.00000000,0.00000000,0.00000000,-6.83015605E-06
9,19,0.00000000,0.00000000,0.00000000,-6.83015605E-06
9,20,0.00000000,0.00000000,0.00000000,-6.83015605E-06
10,1,0.00000000,0.00000000,0.00000000,-1.02171602E-04
10,2,0.00000000,0.00000000,0.00000000,-1.02171602E-04
10,3,0.00000000,0.00000000,0.00000000,-1.02171602E-04
10,4,0.00000000,0.00000000,0.00000000,-1.02171602E-04
10,5,0.00000000,0.00000000,0.00000000,-1.02171602E-04
10,6,0.00000000,0.00000000,0.00000000,-1.02171602E-04
10,7,0.00000000,0.00000000,0.00000000,-1.02171602E-04
10,8,0.00000000,0.00000000,0.00000000,-1.02171602E-04
10,9,0.00000000,0.00000000,0.00000000,-1.02171602E-04
10,10,0.00000000,0.00000000,0.00000000,-1.02171602E-04
10,11,0.00000000,0.00000000,0.00000000,-1.02171602E-04
10,12,0.00000000,0.00000000,0.00000000,-1.02171602E-04
10,13,0.00000000,0.00000000,0.00000000,-1.02171602E-04
10,14,0.00000000,0.00000000,0.00000000,-1.02171602E-04
10,15,0.00000000,0.00000000,0.00000000,-1.02171602E-04
10,16,0.00000000,0.00000000,0.00000000,-1.02171602E-04
10,17,0.00000000,0.00000000,0.00000000,-1.02171602E-04
10,18,0.00000000,0.00000000,0.00000000,-1.02171602E-04
10,19,0.00000000,0.00000000,0.00000000,-1.02171602E-04
10,20,0.00000000,0.00000000,0.00000000,-1.02171602E-04
11,1,16.1787224,0.00000000,0.805954695,1.36764320E-05
11,2,16.1787224,0.805954695,1.57253170,1.36764320E-05
11,3,16.1787224,1.57253170,2.51339006,1.36764320E-05
11,4,16.1787224,2.51339006,3.07255054,1.36764320E-05
11,5,16.1787224,3.07255054,3.99696422,1.36764320E-05
11,6,16.1787224,3.99696422,4.95422506,1.36764320E-05
11,7,16.1787224,4.95422506,5.66453552,1.36764320E-05
11,8,16.1787224,5.66453552,6.30109215,1.36764320E-05
11,9,16.1787224,6.30109215,7.09077740,1.36764320E-05
11,10,16.1787224,7.09077740,8.03201485,1.36764320E-05
11,11,16.1787224,8.03201485,8.96581459,1.36764320E-05
11,12,16.1787224,8.96581459,9.76908588,1.36764320E-05
11,13,16.1787224,9.76908588,10.4512739,1.36764320E-05
11,14,16.1787224,10.4512739,11.1157427,1.36764320E-05
11,15,16.1787224,11.1157427,11.8639965,1.36764320E-05
11,16,16.1787224,11.8639965,12.7274170,1.36764320E-05
11,17,16.1787224,12.7274170,13.6609364,1.36764320E-05
11,18,16.1787224,13.6609364,14.5834703,1.36764320E-05
11,19,16.1787224,14.5834703,15.4290333,1.36764320E-05
11,20,16.1787224,15.4290333,16.1787224,1.36764320E-05
12,1,0.00000000,0.00000000,0.00000000,-5.82188464E-10
12,2,0.00000000,0.00000000,0.00000000,-5.82188464E-10
12,3,0.00000000,0.00000000,0.00000000,-5.82188464E-10
12,4,0.00000000,0.00000000,0.00000000,-5.82188464E-10
12,5,0.00000000,0.00000000,0.00000000,-5.82188464E-10
12,6,0.00000000,0.00000000,0.00000000,-5.82188464E-10
12,7,0.00000000,0.00000000,0.00000000,-5.82188464E-10
12,8,0.00000000,0.00000000,0.00000000,-5.82188464E-10
12,9,0.00000000,0.00000000,0.00000000,-5.82188464E-10
12,10,0.00000000,0.00000000,0.00000000,-5.82188464E-10
12,11,0.00000000,0.00000000,0.00000000,-5.82188464E-10
12,12,0.00000000,0.00000000,0.00000000,-5.82188464E-10
12,13,0.00000000,0.00000000,0.00000000,-5.82188464E-10
12,14,0.00000000,0.00000000,0.00000000,-5.82188464E-10
12,15,0.00000000,0.00000000,0.00000000,-5.82188464E-10
12,16,0.00000000,0.00000000,0.00000000,-5.82188464E-10
12,17,0.00000000,0.00000000,0.00000000,-5.82188464E-10
12,18,0.00000000,0.00000000,0.00000000,-5.82188464E-10
12,19,0.00000000,0.00000000,0.00000000,-5.82188464E-10
12,20,0.00000000,0.00000000,0.00000000,-5.82188464E-10
13,1,0.00000000,0.00000000,0.00000000,-8.63753598E-07
13,2,0.00000000,0.00000000,0.00000000,-8.63753598E-07
13,3,0.00000000,0.00000000,0.00000000,-8.63753598E-07
13,4,0.00000000,0.00000000,0.00000000,-8.63753598E-07
13,5,0.00000000,0.00000000,0.00000000,-8.63753598E-07
13,6,0.00000000,0.00000000,0.00000000,-8.63753598E-07
13,7,0.00000000,0.00000000,0.00000000,-8.63753598E-07
13,8,0.00000000,0.00000000,0.00000000,-8.63753598E-07
13,9,0.00000000,0.00000000,0.00000000,-8.63753598E-07
13,10,0.00000000,0.00000000,0.00000000,-8.63753598E-07
13,11,0.00000000,0.00000000,0.00000000,-8.63753598E-07
13,12,0.00000000,0.00000000,0.00000000,-8.63753598E-07
13,13,0.00000000,0.00000000,0.00000000,-8.63753598E-07
13,14,0.00000000,0.00000000,0.00000000,-8.63753598E-07
13,15,0.00000000,0.00000000,0.00000000,-8.63753598E-07
13,16,0.00000000,0.00000000,0.00000000,-8.63753598E-07
13,17,0.00000000,0.00000000,0.00000000,-8.63753598E-07
13,18,0.00000000,0.00000000,0.00000000,-8.63753598E-07
13,19,0.00000000,0.00000000,0.00000000,-8.63753598E-07
13,20,0.00000000,0.00000000,0.00000000,-8.63753598E-07
14,1,190.991135,0.00000000,25.2765236,1.86699175E-03
14,2,190.991135,25.2765236,50.1679344,1.86699175E-03
14,3,190.991135,50.1679344,74.1508026,1.86699175E-03
14,4,190.991135,74.1508026,96.5627289,1.86699175E-03
14,5,190.991135,96.5627289,116.759735,1.86699175E-03
14,6,190.991135,116.759735,134.263397,1.86699175E-03
14,7,190.991135,134.263397,148.844681,1.86699175E-03
14,8,190.991135,148.844681,160.531784,1.86699175E-03
14,9,190.991135,160.531784,169.560776,1.86699175E-03
14,10,190.991135,169.560776,176.298920,1.86699175E-03
14,11,190.991135,176.298920,181.167648,1.86699175E-03
14,12,190.991135,181.167648,184.581726,1.86699175E-03
14,13,190.991135,184.581726,186.910477,1.86699175E-03
14,14,190.991135,186.910477,188.459000,1.86699175E-03
14,15,190.991135,188.459000,189.465164,1.86699175E-03
14,16,190.991135,189.465164,190.105438,1.86699175E-03
14,17,190.991135,190.105438,190.505463,1.86699175E-03
14,18,190.991135,190.505463,190.751526,1.86699175E-03
14,19,190.991135,190.751526,190.901047,1.86699175E-03
14,20,190.991135,190.901047,190.991135,1.86699175E-03
15,1,59.0752296,56.5496559,56.6214867,8.74140187E-06
15,2,59.0752296,56.6214867,56.7724724,8.74140187E-06
15,3,59.0752296,56.7724724,56.8369980,8.74140187E-06
15,4,59.0752296,56.8369980,57.2214241,8.74140187E-06
15,5,59.0752296,57.2214241,57.3842468,8.74140187E-06
15,6,59.0752296,57.3842468,57.5187340,8.74140187E-06
15,7,59.0752296,57.5187340,57.8258667,8.74140187E-06
15,8,59.0752296,57.8258667,58.1951218,8.74140187E-06
15,9,59.0752296,58.1951218,58.4505424,8.74140187E-06
15,10,59.0752296,58.4505424,58.5628967,8.74140187E-06
15,11,59.0752296,58.5628967,58.6278076,8.74140187E-06
15,12,59.0752296,58.6278076,58.7392349,8.74140187E-06
15,13,59.0752296,58.7392349,58.9097214,8.74140187E-06
15,14,59.0752296,58.9097214,59.0812187,8.74140187E-06
15,15,59.0752296,59.0812187,59.1845512,8.74140187E-06
15,16,59.0752296,59.1845512,59.1911926,8.74140187E-06
15,17,59.0752296,59.1911926,59.1270638,8.74140187E-06
15,18,59.0752296,59.1270638,59.0516434,8.74140187E-06
15,19,59.0752296,59.0516434,59.0238266,8.74140187E-06
15,20,59.0752296,59.0238266,59.0752296,8.74140187E-06
16,1,0.00000000,0.00000000,0.00000000,-5.71470242E-04
16,2,0.00000000,0.00000000,0.00000000,-5.71470242E-04
16,3,0.00000000,0.00000000,0.00000000,-5.71470242E-04
16,4,0.00000000,0.00000000,0.00000000,-5.71470242E-04
16,5,0.00000000,0.00000000,0.00000000,-5.71470242E-04
16,6,0.00000000,0.00000000,0.00000000,-5.71470242E-04
16,7,0.00000000,0.00000000,0.00000000,-5.71470242E-04
16,8,0.00000000,0.00000000,0.00000000,-5.71470242E-04
16,9,0.00000000,0.00000000,0.00000000,-5.71470242E-04
16,10,0.00000000,0.00000000,0.00000000,-5.71470242E-04
16,11,0.00000000,0.00000000,0.00000000,-5.71470242E-04
16,12,0.00000000,0.00000000,0.00000000,-5.71470242E-04
16,13,0.00000000,0.00000000,0.00000000,-5.71470242E-04
16,14,0.00000000,0.00000000,0.00000000,-5.71470242E-04
16,15,0.00000000,0.00000000,0.00000000,-5.71470242E-04
16,16,0.00000000,0.00000000,0.00000000,-5.71470242E-04
16,17,0.00000000,0.00000000,0.00000000,-5.71470242E-04
16,18,0.00000000,0.00000000,0.00000000,-5.71470242E-04
16,19,0.00000000,0.00000000,0.00000000,-5.71470242E-04
16,20,0.00000000,0.00000000,0.00000000,-5.71470242E-04
17,1,0.00000000,0.00000000,0.00000000,-2.64699520E-05
17,2,0.00000000,0.00000000,0.00000000,-2.64699520E-05
17,3,0.00000000,0.00000000,0.00000000,-2.64699520E-05
17,4,0.00000000,0.00000000,0.00000000,-2.64699520E-05
17,5,0.00000000,0.00000000,0.00000000,-2.64699520E-05
17,6,0.00000000,0.00000000,0.00000000,-2.64699520E-05
17,7,0.00000000,0.00000000,0.00000000,-2.64699520E-05
17,8,0.00000000,0.00000000,0.00000000,-2.64699520E-05
17,9,0.00000000,0.00000000,0.00000000,-2.64699520E-05
17,10,0.00000000,0.00000000,0.00000000,-2.64699520E-05
17,11,0.00000000,0.00000000,0.00000000,-2.64699520E-05
17,12,0.00000000,0.00000000,0.00000000,-2.64699520E-05
17,13,0.00000000,0.00000000,0.00000000,-2.64699520E-05
17,14,0.00000000,0.00000000,0.00000000,-2.64699520E-05
17,15,0.00000000,0.00000000,0.00000000,-2.64699520E-05
17,16,0.00000000,0.00000000,0.00000000,-2.64699520E-05
17,17,0.00000000,0.00000000,0.00000000,-2.64699520E-05
17,18,0.00000000,0.00000000,0.00000000,-2.64699520E-05
17,19,0.00000000,0.00000000,0.00000000,-2.64699520E-05
17,20,0.00000000,0.00000000,0.00000000,-2.64699520E-05
18,1,23.7230301,16.1787224,16.3026047,4.17961637E-05
18,2,23.7230301,16.3026047,17.1556511,4.17961637E-05
18,3,23.7230301,17.1556511,17.6325207,4.17961637E-05
18,4,23.7230301,17.6325207,17.7946434,4.17961637E-05
18,5,23.7230301,17.7946434,17.9291763,4.17961637E-05
18,6,23.7230301,17.9291763,18.2195625,4.17961637E-05
18,7,23.7230301,18.2195625,18.6954041,4.17961637E-05
18,8,23.7230301,18.6954041,19.2846794,4.17961637E-05
18,9,23.7230301,19.2846794,19.8822784,4.17961637E-05
18,10,23.7230301,19.8822784,20.4005089,4.17961637E-05
18,11,23.7230301,20.4005089,20.7940903,4.17961637E-05
18,12,23.7230301,20.7940903,21.0631962,4.17961637E-05
18,13,23.7230301,21.0631962,21.2432346,4.17961637E-05
18,14,23.7230301,21.2432346,21.3884907,4.17961637E-05
18,15,23.7230301,21.3884907,21.5559940,4.17961637E-05
18,16,23.7230301,21.5559940,21.7927399,4.17961637E-05
18,17,23.7230301,21.7927399,22.1279488,4.17961637E-05
18,18,23.7230301,22.1279488,22.5705261,4.17961637E-05
18,19,23.7230301,22.5705261,23.1104298,4.17961637E-05
18,20,23.7230301,23.1104298,23.7230301,4.17961637E-05
19,1,4.19634022E-03,0.00000000,2.08585378E-04,6.54863985E-09
19,2,4.19634022E-03,2.08585378E-04,4.17170639E-04,6.54863985E-09
19,3,4.19634022E-03,4.17170639E-04,6.25758490E-04,6.54863985E-09
19,4,4.19634022E-03,6.25758490E-04,8.34316830E-04,6.54863985E-09
19,5,4.19634022E-03,8.34316830E-04,1.04310678E-03,6.54863985E-09
19,6,4.19634022E-03,1.04310678E-03,1.25057390E-03,6.54863985E-09
19,7,4.19634022E-03,1.25057390E-03,1.46368705E-03,6.54863985E-09
19,8,4.19634022E-03,1.46368705E-03,1.65864988E-03,6.54863985E-09
19,9,4.19634022E-03,1.65864988E-03,1.89710897E-03,6.54863985E-09
19,10,4.19634022E-03,1.89710897E-03,2.06075073E-03,6.54863985E-09
19,11,4.19634022E-03,2.06075073E-03,2.30755215E-03,6.54863985E-09
19,12,4.19634022E-03,2.30755215E-03,2.51630414E-03,6.54863985E-09
19,13,4.19634022E-03,2.51630414E-03,2.68903142E-03,6.54863985E-09
19,14,4.19634022E-03,2.68903142E-03,2.91573070E-03,6.54863985E-09
19,15,4.19634022E-03,2.91573070E-03,3.15317465E-03,6.54863985E-09
19,16,4.19634022E-03,3.15317465E-03,3.34199099E-03,6.54863985E-09
19,17,4.19634022E-03,3.34199099E-03,3.52125522E-03,6.54863985E-09
19,18,4.19634022E-03,3.52125522E-03,3.74191860E-03,6.54863985E-09
19,19,4.19634022E-03,3.74191860E-03,3.98330949E-03,6.54863985E-09
19,20,4.19634022E-03,3.98330949E-03,4.19634022E-03,6.54863985E-09
20,1,59.1135254,59.0752296,59.0683823,2.15985693E-07
20,2,59.1135254,59.0683823,59.0739899,2.15985693E-07
20,3,59.1135254,59.0739899,59.0592842,2.15985693E-07
20,4,59.1135254,59.0592842,59.0614891,2.15985693E-07
20,5,59.1135254,59.0614891,59.0582619,2.15985693E-07
20,6,59.1135254,59.0582619,59.0970459,2.15985693E-07
20,7,59.1135254,59.0970459,59.0930443,2.15985693E-07
20,8,59.1135254,59.0930443,59.0827293,2.15985693E-07
20,9,59.1135254,59.0827293,59.0794029,2.15985693E-07
20,10,59.1135254,59.0794029,59.0851021,2.15985693E-07
20,11,59.1135254,59.0851021,59.0971603,2.15985693E-07
20,12,59.1135254,59.0971603,59.1119461,2.15985693E-07
20,13,59.1135254,59.1119461,59.1264076,2.15985693E-07
20,14,59.1135254,59.1264076,59.1386833,2.15985693E-07
20,15,59.1135254,59.1386833,59.1480293,2.15985693E-07
20,16,59.1135254,59.1480293,59.1546249,2.15985693E-07
20,17,59.1135254,59.1546249,59.1590881,2.15985693E-07
20,18,59.1135254,59.1590881,59.1622314,2.15985693E-07
20,19,59.1135254,59.1622314,59.1950493,2.15985693E-07
20,20,59.1135254,59.1950493,59.1135254,2.15985693E-07
21,1,13.2562017,0.00000000,0.861877680,1.32888308E-04
21,2,13.2562017,0.861877680,1.57385290,1.32888308E-04
21,3,13.2562017,1.57385290,2.18913150,1.32888308E-04
21,4,13.2562017,2.18913150,2.74834490,1.32888308E-04
21,5,13.2562017,2.74834490,3.28177929,1.32888308E-04
21,6,13.2562017,3.28177929,3.81128693,1.32888308E-04
21,7,13.2562017,3.81128693,4.35191917,1.32888308E-04
21,8,13.2562017,4.35191917,4.91331339,1.32888308E-04
21,9,13.2562017,4.91331339,5.50087070,1.32888308E-04
21,10,13.2562017,5.50087070,6.11673450,1.32888308E-04
21,11,13.2562017,6.11673450,6.76062059,1.32888308E-04
21,12,13.2562017,6.76062059,7.43048954,1.32888308E-04
21,13,13.2562017,7.43048954,8.12310791,1.32888308E-04
21,14,13.2562017,8.12310791,8.83449459,1.32888308E-04
21,15,13.2562017,8.83449459,9.56029129,1.32888308E-04
21,16,13.2562017,9.56029129,10.2960320,1.32888308E-04
21,17,13.2562017,10.2960320,11.0373716,1.32888308E-04
21,18,13.2562017,11.0373716,11.7802296,1.32888308E-04
21,19,13.2562017,11.7802296,12.5209141,1.32888308E-04
21,20,13.2562017,12.5209141,13.2562017,1.32888308E-04
22,1,1150.79712,23.7230301,79.8855286,2.40099127E-03
22,2,1150.79712,79.8855286,138.485107,2.40099127E-03
22,3,1150.79712,138.485107,195.790558,2.40099127E-03
22,4,1150.79712,195.790558,256.294464,2.40099127E-03
22,5,1150.79712,256.294464,308.588287,2.40099127E-03
22,6,1150.79712,308.588287,356.429596,2.40099127E-03
22,7,1150.79712,356.429596,409.764313,2.40099127E-03
22,8,1150.79712,409.764313,471.821808,2.40099127E-03
22,9,1150.79712,471.821808,537.993103,2.40099127E-03
22,10,1150.79712,537.993103,601.711426,2.40099127E-03
22,11,1150.79712,601.711426,659.537170,2.40099127E-03
22,12,1150.79712,659.537170,712.265625,2.40099127E-03
22,13,1150.79712,712.265625,763.046265,2.40099127E-03
22,14,1150.79712,763.046265,814.850098,2.40099127E-03
22,15,1150.79712,814.850098,868.975098,2.40099127E-03
22,16,1150.79712,868.975098,925.012146,2.40099127E-03
22,17,1150.79712,925.012146,981.747314,2.40099127E-03
22,18,1150.79712,981.747314,1038.21436,2.40099127E-03
22,19,1150.79712,1038.21436,1094.31702,2.40099127E-03
22,20,1150.79712,1094.31702,1150.79712,2.40099127E-03
23,1,0.00000000,4.19634022E-03,0.00000000,-1.57415256E-04
23,2,0.00000000,0.00000000,0.00000000,-1.57415256E-04
23,3,0.00000000,0.00000000,0.00000000,-1.57415256E-04
23,4,0.00000000,0.00000000,0.00000000,-1.57415256E-04
23,5,0.00000000,0.00000000,0.00000000,-1.57415256E-04
23,6,0.00000000,0.00000000,0.00000000,-1.57415256E-04
23,7,0.00000000,0.00000000,0.00000000,-1.57415256E-04
23,8,0.00000000,0.00000000,0.00000000,-1.57415256E-04
23,9,0.00000000,0.00000000,0.00000000,-1.57415256E-04
23,10,0.00000000,0.00000000,0.00000000,-1.57415256E-04
23,11,0.00000000,0.00000000,0.00000000,-1.57415256E-04
23,12,0.00000000,0.00000000,0.00000000,-1.57415256E-04
23,13,0.00000000,0.00000000,0.00000000,-1.57415256E-04
23,14,0.00000000,0.00000000,0.00000000,-1.57415256E-04
23,15,0.00000000,0.00000000,0.00000000,-1.57415256E-04
23,16,0.00000000,0.00000000,0.00000000,-1.57415256E-04
23,17,0.00000000,0.00000000,0.00000000,-1.57415256E-04
23,18,0.00000000,0.00000000,0.00000000,-1.57415256E-04
23,19,0.00000000,0.00000000,0.00000000,-1.57415256E-04
23,20,0.00000000,0.00000000,0.00000000,-1.57415256E-04
24,1,12.1990061,13.2562017,13.2410698,-1.51560300E-07
24,2,12.1990061,13.2410698,13.7278833,-1.51560300E-07
24,3,12.1990061,13.7278833,13.7306318,-1.51560300E-07
24,4,12.1990061,13.7306318,13.2626829,-1.51560300E-07
24,5,12.1990061,13.2626829,12.6376266,-1.51560300E-07
24,6,12.1990061,12.6376266,12.1478853,-1.51560300E-07
24,7,12.1990061,12.1478853,11.9539165,-1.51560300E-07
24,8,12.1990061,11.9539165,12.0795269,-1.51560300E-07
24,9,12.1990061,12.0795269,12.4514313,-1.51560300E-07
24,10,12.1990061,12.4514313,12.9485312,-1.51560300E-07
24,11,12.1990061,12.9485312,13.4441156,-1.51560300E-07
24,12,12.1990061,13.4441156,13.8346682,-1.51560300E-07
24,13,12.1990061,13.8346682,14.0547142,-1.51560300E-07
24,14,12.1990061,14.0547142,14.0801506,-1.51560300E-07
24,15,12.1990061,14.0801506,13.9234610,-1.51560300E-07
24,16,12.1990061,13.9234610,13.6243048,-1.51560300E-07
24,17,12.1990061,13.6243048,13.2383003,-1.51560300E-07
24,18,12.1990061,13.2383003,12.7935839,-1.51560300E-07
24,19,12.1990061,12.7935839,12.4666138,-1.51560300E-07
24,20,12.1990061,12.4666138,12.1990061,-1.51560300E-07
25,1,1050.52515,1150.79712,1067.02856,-1.81400583E-06
25,2,1050.52515,1067.02856,1198.38721,-1.81400583E-06
25,3,1050.52515,1198.38721,1271.14685,-1.81400583E-06
25,4,1050.52515,1271.14685,1243.68652,-1.81400583E-06
25,5,1050.52515,1243.68652,1158.88513,-1.81400583E-06
25,6,1050.52515,1158.88513,1071.65918,-1.81400583E-06
25,7,1050.52515,1071.65918,1019.72235,-1.81400583E-06
25,8,1050.52515,1019.72235,1017.29974,-1.81400583E-06
25,9,1050.52515,1017.29974,1059.44373,-1.81400583E-06
25,10,1050.52515,1059.44373,1129.83752,-1.81400583E-06
25,11,1050.52515,1129.83752,1208.34973,-1.81400583E-06
25,12,1050.52515,1208.34973,1276.68958,-1.81400583E-06
25,13,1050.52515,1276.68958,1321.80725,-1.81400583E-06
25,14,1050.52515,1321.80725,1337.20520,-1.81400583E-06
25,15,1050.52515,1337.20520,1322.68835,-1.81400583E-06
25,16,1050.52515,1322.68835,1283.11206,-1.81400583E-06
25,17,1050.52515,1283.11206,1226.63477,-1.81400583E-06
25,18,1050.52515,1226.63477,1162.92053,-1.81400583E-06
25,19,1050.52515,1162.92053,1101.50110,-1.81400583E-06
25,20,1050.52515,1101.50110,1050.52515,-1.81400583E-06
26,1,0.00000000,0.00000000,0.00000000,-1.60424242E-04
26,2,0.00000000,0.00000000,0.00000000,-1.60424242E-04
26,3,0.00000000,0.00000000,0.00000000,-1.60424242E-04
26,4,0.00000000,0.00000000,0.00000000,-1.60424242E-04
26,5,0.00000000,0.00000000,0.00000000,-1.60424242E-04
26,6,0.00000000,0.00000000,0.00000000,-1.60424242E-04
26,7,0.00000000,0.00000000,0.00000000,-1.60424242E-04
26,8,0.00000000,0.00000000,0.00000000,-1.60424242E-04
26,9,0.00000000,0.00000000,0.00000000,-1.60424242E-04
26,10,0.00000000,0.00000000,0.00000000,-1.60424242E-04
26,11,0.00000000,0.00000000,0.00000000,-1.60424242E-04
26,12,0.00000000,0.00000000,0.00000000,-1.60424242E-04
26,13,0.00000000,0.00000000,0.00000000,-1.60424242E-04
26,14,0.00000000,0.00000000,0.00000000,-1.60424242E-04
26,15,0.00000000,0.00000000,0.00000000,-1.60424242E-04
26,16,0.00000000,0.00000000,0.00000000,-1.60424242E-04
26,17,0.00000000,0.00000000,0.00000000,-1.60424242E-04
26,18,0.00000000,0.00000000,0.00000000,-1.60424242E-04
26,19,0.00000000,0.00000000,0.00000000,-1.60424242E-04
26,20,0.00000000,0.00000000,0.00000000,-1.60424242E-04
27,1,0.00000000,12.1990061,0.00000000,-1.38470891E-03
27,2,0.00000000,0.00000000,0.00000000,-1.38470891E-03
27,3,0.00000000,0.00000000,0.00000000,-1.38470891E-03
27,4,0.00000000,0.00000000,0.00000000,-1.38470891E-03
27,5,0.00000000,0.00000000,0.00000000,-1.38470891E-03
27,6,0.00000000,0.00000000,0.00000000,-1.38470891E-03
27,7,0.00000000,0.00000000,0.00000000,-1.38470891E-03
27,8,0.00000000,0.00000000,0.00000000,-1.38470891E-03
27,9,0.00000000,0.00000000,0.00000000,-1.38470891E-03
27,10,0.00000000,0.00000000,0.00000000,-1.38470891E-03
27,11,0.00000000,0.00000000,0.00000000,-1.38470891E-03
27,12,0.00000000,0.00000000,0.00000000,-1.38470891E-03
27,13,0.00000000,0.00000000,0.00000000,-1.38470891E-03
27,14,0.00000000,0.00000000,0.00000000,-1.38470891E-03
27,15,0.00000000,0.00000000,0.00000000,-1.38470891E-03
27,16,0.00000000,0.00000000,0.00000000,-1.38470891E-03
27,17,0.00000000,0.00000000,0.00000000,-1.38470891E-03
27,18,0.00000000,0.00000000,0.00000000,-1.38470891E-03
27,19,0.00000000,0.00000000,0.00000000,-1.38470891E-03
27,20,0.00000000,0.00000000,0.00000000,-1.38470891E-03
28,1,697.010620,1050.52515,1081.57202,-4.39431169E-04
28,2,697.010620,1081.57202,1269.89343,-4.39431169E-04
28,3,697.010620,1269.89343,936.510132,-4.39431169E-04
28,4,697.010620,936.510132,818.199219,-4.39431169E-04
28,5,697.010620,818.199219,1315.50488,-4.39431169E-04
28,6,697.010620,1315.50488,923.920532,-4.39431169E-04
28,7,697.010620,923.920532,1036.68103,-4.39431169E-04
28,8,697.010620,1036.68103,475.068268,-4.39431169E-04
28,9,697.010620,475.068268,1086.12781,-4.39431169E-04
28,10,697.010620,1086.12781,1133.50879,-4.39431169E-04
28,11,697.010620,1133.50879,727.792603,-4.39431169E-04
28,12,697.010620,727.792603,343.991608,-4.39431169E-04
28,13,697.010620,343.991608,676.126648,-4.39431169E-04
28,14,697.010620,676.126648,1083.46899,-4.39431169E-04
28,15,697.010620,1083.46899,969.595581,-4.39431169E-04
28,16,697.010620,969.595581,420.736481,-4.39431169E-04
28,17,697.010620,420.736481,216.326324,-4.39431169E-04
28,18,697.010620,216.326324,766.637939,-4.39431169E-04
28,19,697.010620,766.637939,841.883850,-4.39431169E-04
28,20,697.010620,841.883850,697.010620,-4.39431169E-04
29,1,1.68223500,3.15382640E-05,5.99644780E-02,5.49733386E-06
29,2,1.68223500,5.99644780E-02,0.182005465,5.49733386E-06
29,3,1.68223500,0.182005465,7.31778592E-02,5.49733386E-06
29,4,1.68223500,7.31778592E-02,0.477591753,5.49733386E-06
29,5,1.68223500,0.477591753,0.169357166,5.49733386E-06
29,6,1.68223500,0.169357166,0.262925506,5.49733386E-06
29,7,1.68223500,0.262925506,0.786046326,5.49733386E-06
29,8,1.68223500,0.786046326,0.615206122,5.49733386E-06
29,9,1.68223500,0.615206122,0.598488569,5.49733386E-06
29,10,1.68223500,0.598488569,0.185046300,5.49733386E-06
29,11,1.68223500,0.185046300,0.647589445,5.49733386E-06
29,12,1.68223500,0.647589445,0.874881685,5.49733386E-06
29,13,1.68223500,0.874881685,1.58394778,5.49733386E-06
29,14,1.68223500,1.58394778,1.14941883,5.49733386E-06
29,15,1.68223500,1.14941883,0.741082907,5.49733386E-06
29,16,1.68223500,0.741082907,0.881258726,5.49733386E-06
29,17,1.68223500,0.881258726,0.329343200,5.49733386E-06
29,18,1.68223500,0.329343200,1.02754867,5.49733386E-06
29,19,1.68223500,1.02754867,1.68545699,5.49733386E-06
29,20,1.68223500,1.68545699,1.68223500,5.49733386E-06
30,1,10.2472181,0.00000000,0.462398350,1.43458474E-05
30,2,10.2472181,0.462398350,0.979748368,1.43458474E-05
30,3,10.2472181,0.979748368,1.35024571,1.43458474E-05
30,4,10.2472181,1.35024571,1.59893131,1.43458474E-05
30,5,10.2472181,1.59893131,3.55976224,1.43458474E-05
30,6,10.2472181,3.55976224,0.680785120,1.43458474E-05
30,7,10.2472181,0.680785120,5.27439260,1.43458474E-05
30,8,10.2472181,5.27439260,3.10467720,1.43458474E-05
30,9,10.2472181,3.10467720,3.12316799,1.43458474E-05
30,10,10.2472181,3.12316799,5.93201685,1.43458474E-05
30,11,10.2472181,5.93201685,5.30835724,1.43458474E-05
30,12,10.2472181,5.30835724,6.40103531,1.43458474E-05
30,13,10.2472181,6.40103531,5.30406475,1.43458474E-05
30,14,10.2472181,5.30406475,1.89080191,1.43458474E-05
30,15,10.2472181,1.89080191,11.1332636,1.43458474E-05
30,16,10.2472181,11.1332636,11.3858309,1.43458474E-05
30,17,10.2472181,11.3858309,4.13300562,1.43458474E-05
30,18,10.2472181,4.13300562,8.10647678,1.43458474E-05
30,19,10.2472181,8.10647678,9.31195164,1.43458474E-05
30,20,10.2472181,9.31195164,10.2472181,1.43458474E-05
31,1,64.0083466,39.1207390,37.5909729,4.75462984E-05
31,2,64.0083466,37.5909729,56.6785049,4.75462984E-05
31,3,64.0083466,56.6785049,9.71240997,4.75462984E-05
31,4,64.0083466,9.71240997,54.3741913,4.75462984E-05
31,5,64.0083466,54.3741913,74.1627579,4.75462984E-05
31,6,64.0083466,74.1627579,54.4395981,4.75462984E-05
31,7,64.0083466,54.4395981,16.9491272,4.75462984E-05
31,8,64.0083466,16.9491272,19.3898239,4.75462984E-05
31,9,64.0083466,19.3898239,36.9752693,4.75462984E-05
31,10,64.0083466,36.9752693,67.9376678,4.75462984E-05
31,11,64.0083466,67.9376678,75.7556610,4.75462984E-05
31,12,64.0083466,75.7556610,53.2149086,4.75462984E-05
31,13,64.0083466,53.2149086,40.1996307,4.75462984E-05
31,14,64.0083466,40.1996307,37.7224846,4.75462984E-05
31,15,64.0083466,37.7224846,49.4824409,4.75462984E-05
31,16,64.0083466,49.4824409,61.5167694,4.75462984E-05
31,17,64.0083466,61.5167694,79.8287582,4.75462984E-05
31,18,64.0083466,79.8287582,86.9140625,4.75462984E-05
31,19,64.0083466,86.9140625,74.7788925,4.75462984E-05
31,20,64.0083466,74.7788925,64.0083466,4.75462984E-05
32,1,3127.18604,201.238358,151.106674,-2.17001936E-08
32,2,3127.18604,151.106674,125.609940,-2.17001936E-08
32,3,3127.18604,125.609940,165.800491,-2.17001936E-08
32,4,3127.18604,165.800491,338.207703,-2.17001936E-08
32,5,3127.18604,338.207703,706.725525,-2.17001936E-08
32,6,3127.18604,706.725525,1281.52429,-2.17001936E-08
32,7,3127.18604,1281.52429,1984.84314,-2.17001936E-08
32,8,3127.18604,1984.84314,2677.23071,-2.17001936E-08
32,9,3127.18604,2677.23071,3229.36182,-2.17001936E-08
32,10,3127.18604,3229.36182,3580.53955,-2.17001936E-08
32,11,3127.18604,3580.53955,3745.08984,-2.17001936E-08
32,12,3127.18604,3745.08984,3778.33398,-2.17001936E-08
32,13,3127.18604,3778.33398,3738.05811,-2.17001936E-08
32,14,3127.18604,3738.05811,3664.43164,-2.17001936E-08
32,15,3127.18604,3664.43164,3578.52930,-2.17001936E-08
32,16,3127.18604,3578.52930,3489.00684,-2.17001936E-08
32,17,3127.18604,3489.00684,3398.65820,-2.17001936E-08
32,18,3127.18604,3398.65820,3308.17480,-2.17001936E-08
32,19,3127.18604,3308.17480,3217.67969,-2.17001936E-08
32,20,3127.18604,3217.67969,3127.18604,-2.17001936E-08
33,1,32.3569946,64.0083466,56.4541702,-7.11933753E-05
33,2,32.3569946,56.4541702,46.4710770,-7.11933753E-05
33,3,32.3569946,46.4710770,0.00000000,-7.11933753E-05
33,4,32.3569946,0.00000000,0.00000000,-7.11933753E-05
33,5,32.3569946,0.00000000,53.2686996,-7.11933753E-05
33,6,32.3569946,53.2686996,109.002533,-7.11933753E-05
33,7,32.3569946,109.002533,100.844193,-7.11933753E-05
33,8,32.3569946,100.844193,74.7273560,-7.11933753E-05
33,9,32.3569946,74.7273560,35.4763565,-7.11933753E-05
33,10,32.3569946,35.4763565,4.61875725,-7.11933753E-05
33,11,32.3569946,4.61875725,0.832059860,-7.11933753E-05
33,12,32.3569946,0.832059860,24.7653561,-7.11933753E-05
33,13,32.3569946,24.7653561,45.6754684,-7.11933753E-05
33,14,32.3569946,45.6754684,60.2547913,-7.11933753E-05
33,15,32.3569946,60.2547913,89.4213181,-7.11933753E-05
33,16,32.3569946,89.4213181,103.993301,-7.11933753E-05
33,17,32.3569946,103.993301,93.2292862,-7.11933753E-05
33,18,32.3569946,93.2292862,77.2893524,-7.11933753E-05
33,19,32.3569946,77.2893524,57.2465668,-7.11933753E-05
33,20,32.3569946,57.2465668,32.3569946,-7.11933753E-05
34,1,2759.67090,3127.18604,3108.63062,-5.50686764E-07
34,2,2759.67090,3108.63062,3090.07495,-5.50686764E-07
34,3,2759.67090,3090.07495,3071.51953,-5.50686764E-07
34,4,2759.67090,3071.51953,3052.96411,-5.50686764E-07
34,5,2759.67090,3052.96411,3034.40894,-5.50686764E-07
34,6,2759.67090,3034.40894,3015.85474,-5.50686764E-07
34,7,2759.67090,3015.85474,2997.30200,-5.50686764E-07
34,8,2759.67090,2997.30200,2978.75171,-5.50686764E-07
34,9,2759.67090,2978.75171,2960.20703,-5.50686764E-07
34,10,2759.67090,2960.20703,2941.67139,-5.50686764E-07
34,11,2759.67090,2941.67139,2923.15063,-5.50686764E-07
34,12,2759.67090,2923.15063,2904.65283,-5.50686764E-07
34,13,2759.67090,2904.65283,2886.18921,-5.50686764E-07
34,14,2759.67090,2886.18921,2867.77417,-5.50686764E-07
34,15,2759.67090,2867.77417,2849.42700,-5.50686764E-07
34,16,2759.67090,2849.42700,2831.17065,-5.50686764E-07
34,17,2759.67090,2831.17065,2813.03247,-5.50686764E-07
34,18,2759.67090,2813.03247,2795.04468,-5.50686764E-07
34,19,2759.67090,2795.04468,2777.24390,-5.50686764E-07
34,20,2759.67090,2777.24390,2759.67090,-5.50686764E-07
35,1,2436.15405,2759.67090,2741.88843,-6.52723853E-03
35,2,2436.15405,2741.88843,2725.99854,-6.52723853E-03
35,3,2436.15405,2725.99854,2710.63525,-6.52723853E-03
35,4,2436.15405,2710.63525,2695.11499,-6.52723853E-03
35,5,2436.15405,2695.11499,2679.17139,-6.52723853E-03
35,6,2436.15405,2679.17139,2662.78467,-6.52723853E-03
35,7,2436.15405,2662.78467,2646.06665,-6.52723853E-03
35,8,2436.15405,2646.06665,2629.17065,-6.52723853E-03
35,9,2436.15405,2629.17065,2612.24756,-6.52723853E-03
35,10,2436.15405,2612.24756,2595.42993,-6.52723853E-03
35,11,2436.15405,2595.42993,2578.80225,-6.52723853E-03
35,12,2436.15405,2578.80225,2562.41138,-6.52723853E-03
35,13,2436.15405,2562.41138,2546.26123,-6.52723853E-03
35,14,2436.15405,2546.26123,2530.32935,-6.52723853E-03
35,15,2436.15405,2530.32935,2514.57202,-6.52723853E-03
35,16,2436.15405,2514.57202,2498.92773,-6.52723853E-03
35,17,2436.15405,2498.92773,2483.32495,-6.52723853E-03
35,18,2436.15405,2483.32495,2467.70093,-6.52723853E-03
35,19,2436.15405,2467.70093,2451.99512,-6.52723853E-03
35,20,2436.15405,2451.99512,2436.15405,-6.52723853E-03
36,1,4261.90674,3133.16455,3073.17749,2.87812259E-06
36,2,4261.90674,3073.17749,3163.07788,2.87812259E-06
36,3,4261.90674,3163.07788,3372.79663,2.87812259E-06
36,4,4261.90674,3372.79663,3668.60376,2.87812259E-06
36,5,4261.90674,3668.60376,4012.74780,2.87812259E-06
36,6,4261.90674,4012.74780,4367.59619,2.87812259E-06
36,7,4261.90674,4367.59619,4700.05713,2.87812259E-06
36,8,4261.90674,4700.05713,4984.60742,2.87812259E-06
36,9,4261.90674,4984.60742,5204.57422,2.87812259E-06
36,10,4261.90674,5204.57422,5351.92578,2.87812259E-06
36,11,4261.90674,5351.92578,5426.06592,2.87812259E-06
36,12,4261.90674,5426.06592,5432.10938,2.87812259E-06
36,13,4261.90674,5432.10938,5379.02148,2.87812259E-06
36,14,4261.90674,5379.02148,5277.90039,2.87812259E-06
36,15,4261.90674,5277.90039,5140.53564,2.87812259E-06
36,16,4261.90674,5140.53564,4978.32080,2.87812259E-06
36,17,4261.90674,4978.32080,4801.51758,2.87812259E-06
36,18,4261.90674,4801.51758,4618.82764,2.87812259E-06
36,19,4261.90674,4618.82764,4437.21240,2.87812259E-06
36,20,4261.90674,4437.21240,4261.90674,2.87812259E-06
37,1,2774.26099,4261.90674,4007.52222,-4.33411566E-04
37,2,2774.26099,4007.52222,3779.40283,-4.33411566E-04
37,3,2774.26099,3779.40283,3581.80762,-4.33411566E-04
37,4,2774.26099,3581.80762,3415.13403,-4.33411566E-04
37,5,2774.26099,3415.13403,3277.32471,-4.33411566E-04
37,6,2774.26099,3277.32471,3165.06396,-4.33411566E-04
37,7,2774.26099,3165.06396,3074.64746,-4.33411566E-04
37,8,2774.26099,3074.64746,3002.51465,-4.33411566E-04
37,9,2774.26099,3002.51465,2945.49561,-4.33411566E-04
37,10,2774.26099,2945.49561,2900.87451,-4.33411566E-04
37,11,2774.26099,2900.87451,2866.35938,-4.33411566E-04
37,12,2774.26099,2866.35938,2840.01782,-4.33411566E-04
37,13,2774.26099,2840.01782,2820.21582,-4.33411566E-04
37,14,2774.26099,2820.21582,2805.57373,-4.33411566E-04
37,15,2774.26099,2805.57373,2794.93506,-4.33411566E-04
37,16,2774.26099,2794.93506,2787.34399,-4.33411566E-04
37,17,2774.26099,2787.34399,2782.02612,-4.33411566E-04
37,18,2774.26099,2782.02612,2778.36890,-4.33411566E-04
37,19,2774.26099,2778.36890,2775.89917,-4.33411566E-04
37,20,2774.26099,2775.89917,2774.26099,-4.33411566E-04
38,1,2515.40674,2774.26099,2804.39941,-1.20411278E-05
38,2,2515.40674,2804.39941,2863.34888,-1.20411278E-05
38,3,2515.40674,2863.34888,2983.39404,-1.20411278E-05
38,4,2515.40674,2983.39404,3184.86011,-1.20411278E-05
38,5,2515.40674,3184.86011,3453.88062,-1.20411278E-05
38,6,2515.40674,3453.88062,3740.53540,-1.20411278E-05
38,7,2515.40674,3740.53540,3979.78467,-1.20411278E-05
38,8,2515.40674,3979.78467,4122.24756,-1.20411278E-05
38,9,2515.40674,4122.24756,4154.16553,-1.20411278E-05
38,10,2515.40674,4154.16553,4094.45166,-1.20411278E-05
38,11,2515.40674,4094.45166,3975.96899,-1.20411278E-05
38,12,2515.40674,3975.96899,3827.73389,-1.20411278E-05
38,13,2515.40674,3827.73389,3667.61255,-1.20411278E-05
38,14,2515.40674,3667.61255,3503.81494,-1.20411278E-05
38,15,2515.40674,3503.81494,3339.18140,-1.20411278E-05
38,16,2515.40674,3339.18140,3174.42773,-1.20411278E-05
38,17,2515.40674,3174.42773,3009.67065,-1.20411278E-05
38,18,2515.40674,3009.67065,2844.91553,-1.20411278E-05
38,19,2515.40674,2844.91553,2680.16138,-1.20411278E-05
38,20,2515.40674,2680.16138,2515.40674,-1.20411278E-05
39,1,822.241577,2515.40674,2385.74854,-6.51430554E-08
39,2,822.241577,2385.74854,2244.07397,-6.51430554E-08
39,3,822.241577,2244.07397,2080.59302,-6.51430554E-08
39,4,822.241577,2080.59302,1892.93616,-6.51430554E-08
39,5,822.241577,1892.93616,1689.96289,-6.51430554E-08
39,6,822.241577,1689.96289,1488.26257,-6.51430554E-08
39,7,822.241577,1488.26257,1305.10608,-6.51430554E-08
39,8,822.241577,1305.10608,1152.66064,-6.51430554E-08
39,9,822.241577,1152.66064,1035.72559,-6.51430554E-08
39,10,822.241577,1035.72559,952.603638,-6.51430554E-08
39,11,822.241577,952.603638,897.575928,-6.51430554E-08
39,12,822.241577,897.575928,863.500916,-6.51430554E-08
39,13,822.241577,863.500916,843.687622,-6.51430554E-08
39,14,822.241577,843.687622,832.831787,-6.51430554E-08
39,15,822.241577,832.831787,827.209045,-6.51430554E-08
39,16,822.241577,827.209045,824.447937,-6.51430554E-08
39,17,822.241577,824.447937,823.158752,-6.51430554E-08
39,18,822.241577,823.158752,822.584961,-6.51430554E-08
39,19,822.241577,822.584961,822.341003,-6.51430554E-08
39,20,822.241577,822.341003,822.241577,-6.51430554E-08
40,1,7482.15234,822.241577,1288.35107,6.19915165E-02
40,2,7482.15234,1288.35107,1752.72791,6.19915165E-02
40,3,7482.15234,1752.72791,2213.51294,6.19915165E-02
40,4,7482.15234,2213.51294,2668.22778,6.19915165E-02
40,5,7482.15234,2668.22778,3113.93921,6.19915165E-02
40,6,7482.15234,3113.93921,3547.48999,6.19915165E-02
40,7,7482.15234,3547.48999,3965.75366,6.19915165E-02
40,8,7482.15234,3965.75366,4365.87354,6.19915165E-02
40,9,7482.15234,4365.87354,4745.46436,6.19915165E-02
40,10,7482.15234,4745.46436,5102.75195,6.19915165E-02
40,11,7482.15234,5102.75195,5436.64648,6.19915165E-02
40,12,7482.15234,5436.64648,5746.74609,6.19915165E-02
40,13,7482.15234,5746.74609,6033.29346,6.19915165E-02
40,14,7482.15234,6033.29346,6297.07617,6.19915165E-02
40,15,7482.15234,6297.07617,6539.30615,6.19915165E-02
40,16,7482.15234,6539.30615,6761.48193,6.19915165E-02
40,17,7482.15234,6761.48193,6965.24609,6.19915165E-02
40,18,7482.15234,6965.24609,7152.26221,6.19915165E-02
40,19,7482.15234,7152.26221,7324.10059,6.19915165E-02
40,20,7482.15234,7324.10059,7482.15234,6.19915165E-02
41,1,2096.25415,7482.15234,7179.75391,-4.52012756E-07
41,2,2096.25415,7179.75391,6868.57422,-4.52012756E-07
41,3,2096.25415,6868.57422,6550.71484,-4.52012756E-07
41,4,2096.25415,6550.71484,6228.57324,-4.52012756E-07
41,5,2096.25415,6228.57324,5904.74854,-4.52012756E-07
41,6,2096.25415,5904.74854,5581.92285,-4.52012756E-07
41,7,2096.25415,5581.92285,5262.72510,-4.52012756E-07
41,8,2096.25415,5262.72510,4949.60889,-4.52012756E-07
41,9,2096.25415,4949.60889,4644.74609,-4.52012756E-07
41,10,2096.25415,4644.74609,4349.95654,-4.52012756E-07
41,11,2096.25415,4349.95654,4066.66431,-4.52012756E-07
41,12,2096.25415,4066.66431,3795.88721,-4.52012756E-07
41,13,2096.25415,3795.88721,3538.25562,-4.52012756E-07
41,14,2096.25415,3538.25562,3294.04956,-4.52012756E-07
41,15,2096.25415,3294.04956,3063.25073,-4.52012756E-07
41,16,2096.25415,3063.25073,2845.60059,-4.52012756E-07
41,17,2096.25415,2845.60059,2640.66260,-4.52012756E-07
41,18,2096.25415,2640.66260,2447.88062,-4.52012756E-07
41,19,2096.25415,2447.88062,2266.62817,-4.52012756E-07
41,20,2096.25415,2266.62817,2096.25415,-4.52012756E-07
42,1,831.413635,2096.25415,2008.92542,3.80881218E-04
42,2,831.413635,2008.92542,1924.56421,3.80881218E-04
42,3,831.413635,1924.56421,1843.07141,3.80881218E-04
42,4,831.413635,1843.07141,1764.35315,3.80881218E-04
42,5,831.413635,1764.35315,1688.32092,3.80881218E-04
42,6,831.413635,1688.32092,1614.89343,3.80881218E-04
42,7,831.413635,1614.89343,1543.99500,3.80881218E-04
42,8,831.413635,1543.99500,1475.55750,3.80881218E-04
42,9,831.413635,1475.55750,1409.52026,3.80881218E-04
42,10,831.413635,1409.52026,1345.82983,3.80881218E-04
42,11,831.413635,1345.82983,1284.44006,3.80881218E-04
42,12,831.413635,1284.44006,1225.31274,3.80881218E-04
42,13,831.413635,1225.31274,1168.41650,3.80881218E-04
42,14,831.413635,1168.41650,1113.72766,3.80881218E-04
42,15,831.413635,1113.72766,1061.22888,3.80881218E-04
42,16,831.413635,1061.22888,1010.90961,3.80881218E-04
42,17,831.413635,1010.90961,962.765320,3.80881218E-04
42,18,831.413635,962.765320,916.796692,3.80881218E-04
42,19,831.413635,916.796692,873.009583,3.80881218E-04
42,20,831.413635,873.009583,831.413635,3.80881218E-04
43,1,2102.56299,831.413635,639.116333,2.09858109E-09
43,2,2102.56299,639.116333,533.385254,2.09858109E-09
43,3,2102.56299,533.385254,514.328979,2.09858109E-09
43,4,2102.56299,514.328979,577.131958,2.09858109E-09
43,5,2102.56299,577.131958,711.146606,2.09858109E-09
43,6,2102.56299,711.146606,900.234497,2.09858109E-09
43,7,2102.56299,900.234497,1124.38879,2.09858109E-09
43,8,2102.56299,1124.38879,1362.27502,2.09858109E-09
43,9,2102.56299,1362.27502,1594.00183,2.09858109E-09
43,10,2102.56299,1594.00183,1803.40039,2.09858109E-09
43,11,2102.56299,1803.40039,1979.34167,2.09858109E-09
43,12,2102.56299,1979.34167,2115.98413,2.09858109E-09
43,13,2102.56299,2115.98413,2212.14673,2.09858109E-09
43,14,2102.56299,2212.14673,2270.16602,2.09858109E-09
43,15,2102.56299,2270.16602,2294.59766,2.09858109E-09
43,16,2102.56299,2294.59766,2291.03491,2.09858109E-09
43,17,2102.56299,2291.03491,2265.19849,2.09858109E-09
43,18,2102.56299,2265.19849,2222.34155,2.09858109E-09
43,19,2102.56299,2222.34155,2166.93384,2.09858109E-09
43,20,2102.56299,2166.93384,2102.56299,2.09858109E-09
44,1,1920.57178,2102.56299,2096.98608,1.30700681E-03
44,2,1920.57178,2096.98608,2091.10571,1.30700681E-03
44,3,1920.57178,2091.10571,2084.92676,1.30700681E-03
44,4,1920.57178,2084.92676,2078.44897,1.30700681E-03
44,5,1920.57178,2078.44897,2071.66724,1.30700681E-03
44,6,1920.57178,2071.66724,2064.57227,1.30700681E-03
44,7,1920.57178,2064.57227,2057.15063,1.30700681E-03
44,8,1920.57178,2057.15063,2049.38599,1.30700681E-03
44,9,1920.57178,2049.38599,2041.25928,1.30700681E-03
44,10,1920.57178,2041.25928,2032.74890,1.30700681E-03
44,11,1920.57178,2032.74890,2023.83154,1.30700681E-03
44,12,1920.57178,2023.83154,2014.48169,1.30700681E-03
44,13,1920.57178,2014.48169,2004.67224,1.30700681E-03
44,14,1920.57178,2004.67224,1994.37488,1.30700681E-03
44,15,1920.57178,1994.37488,1983.55957,1.30700681E-03
44,16,1920.57178,1983.55957,1972.19495,1.30700681E-03
44,17,1920.57178,1972.19495,1960.24878,1.30700681E-03
44,18,1920.57178,1960.24878,1947.68652,1.30700681E-03
44,19,1920.57178,1947.68652,1934.47290,1.30700681E-03
44,20,1920.57178,1934.47290,1920.57178,1.30700681E-03
45,1,334.484589,1920.57178,1861.90503,3.44697492E-06
45,2,334.484589,1861.90503,1798.50159,3.44697492E-06
45,3,334.484589,1798.50159,1730.17688,3.44697492E-06
45,4,334.484589,1730.17688,1656.88062,3.44697492E-06
45,5,334.484589,1656.88062,1578.70984,3.44697492E-06
45,6,334.484589,1578.70984,1495.92834,3.44697492E-06
45,7,334.484589,1495.92834,1408.98865,3.44697492E-06
45,8,334.484589,1408.98865,1318.54395,3.44697492E-06
45,9,334.484589,1318.54395,1225.44482,3.44697492E-06
45,10,334.484589,1225.44482,1130.71484,3.44697492E-06
45,11,334.484589,1130.71484,1035.50659,3.44697492E-06
45,12,334.484589,1035.50659,941.043518,3.44697492E-06
45,13,334.484589,941.043518,848.553345,3.44697492E-06
45,14,334.484589,848.553345,759.201294,3.44697492E-06
45,15,334.484589,759.201294,674.031738,3.44697492E-06
45,16,334.484589,674.031738,593.921631,3.44697492E-06
45,17,334.484589,593.921631,519.549622,3.44697492E-06
45,18,334.484589,519.549622,451.382141,3.44697492E-06
45,19,334.484589,451.382141,389.674438,3.44697492E-06
45,20,334.484589,389.674438,334.484589,3.44697492E-06
46,1,113.482964,334.484589,319.017670,-1.39524360E-07
46,2,113.482964,319.017670,304.110168,-1.39524360E-07
46,3,113.482964,304.110168,289.721863,-1.39524360E-07
46,4,113.482964,289.721863,275.839600,-1.39524360E-07
46,5,113.482964,275.839600,262.450623,-1.39524360E-07
46,6,113.482964,262.450623,249.542572,-1.39524360E-07
46,7,113.482964,249.542572,237.103668,-1.39524360E-07
46,8,113.482964,237.103668,225.122620,-1.39524360E-07
46,9,113.482964,225.122620,213.588638,-1.39524360E-07
46,10,113.482964,213.588638,202.491318,-1.39524360E-07
46,11,113.482964,202.491318,191.820755,-1.39524360E-07
46,12,113.482964,191.820755,181.567429,-1.39524360E-07
46,13,113.482964,181.567429,171.722031,-1.39524360E-07
46,14,113.482964,171.722031,162.275558,-1.39524360E-07
46,15,113.482964,162.275558,153.219131,-1.39524360E-07
46,16,113.482964,153.219131,144.544022,-1.39524360E-07
46,17,113.482964,144.544022,136.241531,-1.39524360E-07
46,18,113.482964,136.241531,128.302994,-1.39524360E-07
46,19,113.482964,128.302994,120.719719,-1.39524360E-07
46,20,113.482964,120.719719,113.482964,-1.39524360E-07
47,1,169.370575,172.596497,171.997421,1.95620796E-05
47,2,169.370575,171.997421,175.101456,1.95620796E-05
47,3,169.370575,175.101456,167.083267,1.95620796E-05
47,4,169.370575,167.083267,175.013748,1.95620796E-05
47,5,169.370575,175.013748,179.841797,1.95620796E-05
47,6,169.370575,179.841797,167.136841,1.95620796E-05
47,7,169.370575,167.136841,165.153397,1.95620796E-05
47,8,169.370575,165.153397,169.080887,1.95620796E-05
47,9,169.370575,169.080887,173.323685,1.95620796E-05
47,10,169.370575,173.323685,175.769424,1.95620796E-05
47,11,169.370575,175.769424,176.129623,1.95620796E-05
47,12,169.370575,176.129623,174.927170,1.95620796E-05
47,13,169.370575,174.927170,172.805878,1.95620796E-05
47,14,169.370575,172.805878,170.461823,1.95620796E-05
47,15,169.370575,170.461823,168.958389,1.95620796E-05
47,16,169.370575,168.958389,168.312042,1.95620796E-05
47,17,169.370575,168.312042,168.242828,1.95620796E-05
47,18,169.370575,168.242828,168.486694,1.95620796E-05
47,19,169.370575,168.486694,168.884354,1.95620796E-05
47,20,169.370575,168.884354,169.370575,1.95620796E-05
48,1,0.00000000,169.370575,164.469910,-4.96980501E-04
48,2,0.00000000,164.469910,151.534119,-4.96980501E-04
48,3,0.00000000,151.534119,136.501328,-4.96980501E-04
48,4,0.00000000,136.501328,133.140869,-4.96980501E-04
48,5,0.00000000,133.140869,130.254410,-4.96980501E-04
48,6,0.00000000,130.254410,132.671387,-4.96980501E-04
48,7,0.00000000,132.671387,115.366455,-4.96980501E-04
48,8,0.00000000,115.366455,107.560638,-4.96980501E-04
48,9,0.00000000,107.560638,85.3147125,-4.96980501E-04
48,10,0.00000000,85.3147125,80.8932800,-4.96980501E-04
48,11,0.00000000,80.8932800,61.1413155,-4.96980501E-04
48,12,0.00000000,61.1413155,59.1559715,-4.96980501E-04
48,13,0.00000000,59.1559715,44.3489227,-4.96980501E-04
48,14,0.00000000,44.3489227,43.7269897,-4.96980501E-04
48,15,0.00000000,43.7269897,36.4410591,-4.96980501E-04
48,16,0.00000000,36.4410591,25.1696129,-4.96980501E-04
48,17,0.00000000,25.1696129,21.4979362,-4.96980501E-04
48,18,0.00000000,21.4979362,8.77269363,-4.96980501E-04
48,19,0.00000000,8.77269363,0.00000000,-4.96980501E-04
48,20,0.00000000,0.00000000,0.00000000,-4.96980501E-04
49,1,1.91461612E-02,0.00000000,4.46087564E-04,5.18219636E-08
49,2,1.91461612E-02,4.46087564E-04,1.53857924E-03,5.18219636E-08
49,3,1.91461612E-02,1.53857924E-03,2.88113626E-03,5.18219636E-08
49,4,1.91461612E-02,2.88113626E-03,4.23950888E-03,5.18219636E-08
49,5,1.91461612E-02,4.23950888E-03,5.49172750E-03,5.18219636E-08
49,6,1.91461612E-02,5.49172750E-03,6.59058848E-03,5.18219636E-08
49,7,1.91461612E-02,6.59058848E-03,7.53586832E-03,5.18219636E-08
49,8,1.91461612E-02,7.53586832E-03,8.35421402E-03,5.18219636E-08
49,9,1.91461612E-02,8.35421402E-03,9.08496883E-03,5.18219636E-08
49,10,1.91461612E-02,9.08496883E-03,9.77061130E-03,5.18219636E-08
49,11,1.91461612E-02,9.77061130E-03,1.04506183E-02,5.18219636E-08
49,12,1.91461612E-02,1.04506183E-02,1.11579150E-02,5.18219636E-08
49,13,1.91461612E-02,1.11579150E-02,1.19171739E-02,5.18219636E-08
49,14,1.91461612E-02,1.19171739E-02,1.27444025E-02,5.18219636E-08
49,15,1.91461612E-02,1.27444025E-02,1.36474380E-02,5.18219636E-08
49,16,1.91461612E-02,1.36474380E-02,1.46269193E-02,5.18219636E-08
49,17,1.91461612E-02,1.46269193E-02,1.56776235E-02,5.18219636E-08
49,18,1.91461612E-02,1.56776235E-02,1.67898629E-02,5.18219636E-08
49,19,1.91461612E-02,1.67898629E-02,1.79508794E-02,5.18219636E-08
49,20,1.91461612E-02,1.79508794E-02,1.91461612E-02,5.18219636E-08
50,1,0.00000000,32.3761406,0.00000000,-4.51313937E-03
50,2,0.00000000,0.00000000,0.00000000,-4.51313937E-03
50,3,0.00000000,0.00000000,0.00000000,-4.51313937E-03
50,4,0.00000000,0.00000000,0.00000000,-4.51313937E-03
50,5,0.00000000,0.00000000,0.00000000,-4.51313937E-03
50,6,0.00000000,0.00000000,0.00000000,-4.51313937E-03
50,7,0.00000000,0.00000000,0.00000000,-4.51313937E-03
50,8,0.00000000,0.00000000,0.00000000,-4.51313937E-03
50,9,0.00000000,0.00000000,0.00000000,-4.51313937E-03
50,10,0.00000000,0.00000000,0.00000000,-4.51313937E-03
50,11,0.00000000,0.00000000,0.00000000,-4.51313937E-03
50,12,0.00000000,0.00000000,0.00000000,-4.51313937E-03
50,13,0.00000000,0.00000000,0.00000000,-4.51313937E-03
50,14,0.00000000,0.00000000,0.00000000,-4.51313937E-03
50,15,0.00000000,0.00000000,0.00000000,-4.51313937E-03
50,16,0.00000000,0.00000000,0.00000000,-4.51313937E-03
50,17,0.00000000,0.00000000,0.00000000,-4.51313937E-03
50,18,0.00000000,0.00000000,0.00000000,-4.51313937E-03
50,19,0.00000000,0.00000000,0.00000000,-4.51313937E-03
50,20,0.00000000,0.00000000,0.00000000,-4.51313937E-03
51,1,41.0168686,0.00000000,0.829396129,4.16337789E-05
51,2,41.0168686,0.829396129,4.85021019,4.16337789E-05
51,3,41.0168686,4.85021019,3.94759512,4.16337789E-05
51,4,41.0168686,3.94759512,4.29517078,4.16337789E-05
51,5,41.0168686,4.29517078,5.52655506,4.16337789E-05
51,6,41.0168686,5.52655506,5.70277309,4.16337789E-05
51,7,41.0168686,5.70277309,12.0775633,4.16337789E-05
51,8,41.0168686,12.0775633,11.6492443,4.16337789E-05
51,9,41.0168686,11.6492443,12.5285912,4.16337789E-05
51,10,41.0168686,12.5285912,7.14051723,4.16337789E-05
51,11,41.0168686,7.14051723,30.2356071,4.16337789E-05
51,12,41.0168686,30.2356071,12.8996191,4.16337789E-05
51,13,41.0168686,12.8996191,1.11518788,4.16337789E-05
51,14,41.0168686,1.11518788,23.7299366,4.16337789E-05
51,15,41.0168686,23.7299366,40.9643097,4.16337789E-05
51,16,41.0168686,40.9643097,18.3726730,4.16337789E-05
51,17,41.0168686,18.3726730,0.461806536,4.16337789E-05
51,18,41.0168686,0.461806536,24.0175762,4.16337789E-05
51,19,41.0168686,24.0175762,39.0944061,4.16337789E-05
51,20,41.0168686,39.0944061,41.0168686,4.16337789E-05
52,1,480.634766,214.793396,146.246185,8.08349403E-04
52,2,480.634766,146.246185,440.162018,8.08349403E-04
52,3,480.634766,440.162018,304.455170,8.08349403E-04
52,4,480.634766,304.455170,257.589478,8.08349403E-04
52,5,480.634766,257.589478,323.898468,8.08349403E-04
52,6,480.634766,323.898468,430.186981,8.08349403E-04
52,7,480.634766,430.186981,278.298584,8.08349403E-04
52,8,480.634766,278.298584,286.111023,8.08349403E-04
52,9,480.634766,286.111023,364.846893,8.08349403E-04
52,10,480.634766,364.846893,383.340271,8.08349403E-04
52,11,480.634766,383.340271,525.375183,8.08349403E-04
52,12,480.634766,525.375183,663.946960,8.08349403E-04
52,13,480.634766,663.946960,722.511963,8.08349403E-04
52,14,480.634766,722.511963,709.374268,8.08349403E-04
52,15,480.634766,709.374268,797.430054,8.08349403E-04
52,16,480.634766,797.430054,762.758240,8.08349403E-04
52,17,480.634766,762.758240,656.855652,8.08349403E-04
52,18,480.634766,656.855652,573.681519,8.08349403E-04
52,19,480.634766,573.681519,526.743408,8.08349403E-04
52,20,480.634766,526.743408,480.634766,8.08349403E-04
53,1,3220.32935,480.634766,622.402222,4.66649085E-02
53,2,3220.32935,622.402222,761.640137,4.66649085E-02
53,3,3220.32935,761.640137,899.012329,4.66649085E-02
53,4,3220.32935,899.012329,1035.05688,4.66649085E-02
53,5,3220.32935,1035.05688,1170.20972,4.66649085E-02
53,6,3220.32935,1170.20972,1304.84192,4.66649085E-02
53,7,3220.32935,1304.84192,1439.25500,4.66649085E-02
53,8,3220.32935,1439.25500,1573.67432,4.66649085E-02
53,9,3220.32935,1573.67432,1708.26758,4.66649085E-02
53,10,3220.32935,1708.26758,1843.18042,4.66649085E-02
53,11,3220.32935,1843.18042,1978.50854,4.66649085E-02
53,12,3220.32935,1978.50854,2114.32397,4.66649085E-02
53,13,3220.32935,2114.32397,2250.66895,4.66649085E-02
53,14,3220.32935,2250.66895,2387.56006,4.66649085E-02
53,15,3220.32935,2387.56006,2525.02075,4.66649085E-02
53,16,3220.32935,2525.02075,2663.03687,4.66649085E-02
53,17,3220.32935,2663.03687,2801.59668,4.66649085E-02
53,18,3220.32935,2801.59668,2940.68237,4.66649085E-02
53,19,3220.32935,2940.68237,3080.26758,4.66649085E-02
53,20,3220.32935,3080.26758,3220.32935,4.66649085E-02
54,1,3739.16724,3220.32935,3205.74756,-1.59282901E-03
54,2,3739.16724,3205.74756,3178.57788,-1.59282901E-03
54,3,3739.16724,3178.57788,3154.38916,-1.59282901E-03
54,4,3739.16724,3154.38916,3140.46411,-1.59282901E-03
54,5,3739.16724,3140.46411,3139.24805,-1.59282901E-03
54,6,3739.16724,3139.24805,3150.57422,-1.59282901E-03
54,7,3739.16724,3150.57422,3173.03662,-1.59282901E-03
54,8,3739.16724,3173.03662,3204.76855,-1.59282901E-03
54,9,3739.16724,3204.76855,3243.85547,-1.59282901E-03
54,10,3739.16724,3243.85547,3288.54077,-1.59282901E-03
54,11,3739.16724,3288.54077,3337.21411,-1.59282901E-03
54,12,3739.16724,3337.21411,3388.44800,-1.59282901E-03
54,13,3739.16724,3388.44800,3440.92236,-1.59282901E-03
54,14,3739.16724,3440.92236,3493.36060,-1.59282901E-03
54,15,3739.16724,3493.36060,3544.54395,-1.59282901E-03
54,16,3739.16724,3544.54395,3593.24146,-1.59282901E-03
54,17,3739.16724,3593.24146,3638.22241,-1.59282901E-03
54,18,3739.16724,3638.22241,3678.28101,-1.59282901E-03
54,19,3739.16724,3678.28101,3712.28687,-1.59282901E-03
54,20,3739.16724,3712.28687,3739.16724,-1.59282901E-03
55,1,1017.81769,3739.16724,3867.43726,-1.09227998E-02
55,2,1017.81769,3867.43726,3709.56055,-1.09227998E-02
55,3,1017.81769,3709.56055,3467.32617,-1.09227998E-02
55,4,1017.81769,3467.32617,3245.40649,-1.09227998E-02
55,5,1017.81769,3245.40649,3086.46387,-1.09227998E-02
55,6,1017.81769,3086.46387,2996.03271,-1.09227998E-02
55,7,1017.81769,2996.03271,2959.82153,-1.09227998E-02
55,8,1017.81769,2959.82153,2955.19897,-1.09227998E-02
55,9,1017.81769,2955.19897,2898.37915,-1.09227998E-02
55,10,1017.81769,2898.37915,2887.79321,-1.09227998E-02
55,11,1017.81769,2887.79321,2917.75806,-1.09227998E-02
55,12,1017.81769,2917.75806,2911.17627,-1.09227998E-02
55,13,1017.81769,2911.17627,2834.12964,-1.09227998E-02
55,14,1017.81769,2834.12964,2680.26978,-1.09227998E-02
55,15,1017.81769,2680.26978,2459.46118,-1.09227998E-02
55,16,1017.81769,2459.46118,2189.78442,-1.09227998E-02
55,17,1017.81769,2189.78442,1892.13062,-1.09227998E-02
55,18,1017.81769,1892.13062,1586.65649,-1.09227998E-02
55,19,1017.81769,1586.65649,1290.73975,-1.09227998E-02
55,20,1017.81769,1290.73975,1017.81769,-1.09227998E-02
56,1,1220.38635,1017.81769,601.709717,9.73234055E-05
56,2,1220.38635,601.709717,687.669800,9.73234055E-05
56,3,1220.38635,687.669800,869.638062,9.73234055E-05
56,4,1220.38635,869.638062,986.994263,9.73234055E-05
56,5,1220.38635,986.994263,1008.97424,9.73234055E-05
56,6,1220.38635,1008.97424,963.136108,9.73234055E-05
56,7,1220.38635,963.136108,893.823242,9.73234055E-05
56,8,1220.38635,893.823242,840.506348,9.73234055E-05
56,9,1220.38635,840.506348,960.638062,9.73234055E-05
56,10,1220.38635,960.638062,1084.90979,9.73234055E-05
56,11,1220.38635,1084.90979,1149.20251,9.73234055E-05
56,12,1220.38635,1149.20251,1174.69470,9.73234055E-05
56,13,1220.38635,1174.69470,1177.42200,9.73234055E-05
56,14,1220.38635,1177.42200,1169.20764,9.73234055E-05
56,15,1220.38635,1169.20764,1158.46484,9.73234055E-05
56,16,1220.38635,1158.46484,1152.31274,9.73234055E-05
56,17,1220.38635,1152.31274,1193.15588,9.73234055E-05
56,18,1220.38635,1193.15588,1248.58801,9.73234055E-05
56,19,1220.38635,1248.58801,1297.58850,9.73234055E-05
56,20,1220.38635,1297.58850,1220.38635,9.73234055E-05
57,1,3647.03223,2284.14014,2102.21655,-2.77417627E-07
57,2,3647.03223,2102.21655,2389.91748,-2.77417627E-07
57,3,3647.03223,2389.91748,2649.27393,-2.77417627E-07
57,4,3647.03223,2649.27393,2719.71948,-2.77417627E-07
57,5,3647.03223,2719.71948,2498.65723,-2.77417627E-07
57,6,3647.03223,2498.65723,2312.57520,-2.77417627E-07
57,7,3647.03223,2312.57520,2161.86475,-2.77417627E-07
57,8,3647.03223,2161.86475,2038.62048,-2.77417627E-07
57,9,3647.03223,2038.62048,1991.51746,-2.77417627E-07
57,10,3647.03223,1991.51746,2113.81812,-2.77417627E-07
57,11,3647.03223,2113.81812,2244.49609,-2.77417627E-07
57,12,3647.03223,2244.49609,2318.75977,-2.77417627E-07
57,13,3647.03223,2318.75977,2487.34717,-2.77417627E-07
57,14,3647.03223,2487.34717,2812.26001,-2.77417627E-07
57,15,3647.03223,2812.26001,3181.23145,-2.77417627E-07
57,16,3647.03223,3181.23145,3439.84033,-2.77417627E-07
57,17,3647.03223,3439.84033,3644.42993,-2.77417627E-07
57,18,3647.03223,3644.42993,3755.57666,-2.77417627E-07
57,19,3647.03223,3755.57666,3755.85864,-2.77417627E-07
57,20,3647.03223,3755.85864,3647.03223,-2.77417627E-07
58,1,1370.14771,3647.03223,2689.53149,1.90678802E-05
58,2,1370.14771,2689.53149,1412.54419,1.90678802E-05
58,3,1370.14771,1412.54419,1662.09009,1.90678802E-05
58,4,1370.14771,1662.09009,1716.82007,1.90678802E-05
58,5,1370.14771,1716.82007,1875.79761,1.90678802E-05
58,6,1370.14771,1875.79761,2321.83765,1.90678802E-05
58,7,1370.14771,2321.83765,2781.66455,1.90678802E-05
58,8,1370.14771,2781.66455,3024.86011,1.90678802E-05
58,9,1370.14771,3024.86011,3087.71338,1.90678802E-05
58,10,1370.14771,3087.71338,3133.08057,1.90678802E-05
58,11,1370.14771,3133.08057,3241.83618,1.90678802E-05
58,12,1370.14771,3241.83618,3339.41870,1.90678802E-05
58,13,1370.14771,3339.41870,3269.58521,1.90678802E-05
58,14,1370.14771,3269.58521,2921.79614,1.90678802E-05
58,15,1370.14771,2921.79614,2317.20630,1.90678802E-05
58,16,1370.14771,2317.20630,1611.34912,1.90678802E-05
58,17,1370.14771,1611.34912,1026.62964,1.90678802E-05
58,18,1370.14771,1026.62964,758.442444,1.90678802E-05
58,19,1370.14771,758.442444,899.590881,1.90678802E-05
58,20,1370.14771,899.590881,1370.14771,1.90678802E-05
