i,k,old_q,old_q_ch_in,old_q_ch_out,qlat_ch_old
1,1,19.1830425,0.00000000,0.968354344,2.22932413E-05
1,2,19.1830425,0.968354344,1.93626308,2.22932413E-05
1,3,19.1830425,1.93626308,2.90674400,2.22932413E-05
1,4,19.1830425,2.90674400,3.86983442,2.22932413E-05
1,5,19.1830425,3.86983442,4.84113407,2.22932413E-05
1,6,19.1830425,4.84113407,5.82451391,2.22932413E-05
1,7,19.1830425,5.82451391,6.75091267,2.22932413E-05
1,8,19.1830425,6.75091267,7.77703714,2.22932413E-05
1,9,19.1830425,7.77703714,8.67054939,2.22932413E-05
1,10,19.1830425,8.67054939,9.73442745,2.22932413E-05
1,11,19.1830425,9.73442745,10.6577520,2.22932413E-05
1,12,19.1830425,10.6577520,11.5790234,2.22932413E-05
1,13,19.1830425,11.5790234,12.5302620,2.22932413E-05
1,14,19.1830425,12.5302620,13.6596241,2.22932413E-05
1,15,19.1830425,13.6596241,14.5739279,2.22932413E-05
1,16,19.1830425,14.5739279,15.3223495,2.22932413E-05
1,17,19.1830425,15.3223495,16.5175705,2.22932413E-05
1,18,19.1830425,16.5175705,17.6835899,2.22932413E-05
1,19,19.1830425,17.6835899,18.0746326,2.22932413E-05
1,20,19.1830425,18.0746326,19.1830425,2.22932413E-05
2,1,4.84464025,0.00000000,0.244070113,9.84653343E-06
2,2,4.84464025,0.244070113,0.494384587,9.84653343E-06
2,3,4.84464025,0.494384587,0.712929368,9.84653343E-06
2,4,4.84464025,0.712929368,0.994788170,9.84653343E-06
2,5,4.84464025,0.994788170,1.23444796,9.84653343E-06
2,6,4.84464025,1.23444796,1.45194006,9.84653343E-06
2,7,4.84464025,1.45194006,1.69491065,9.84653343E-06
2,8,4.84464025,1.69491065,1.95696700,9.84653343E-06
2,9,4.84464025,1.95696700,2.22377181,9.84653343E-06
2,10,4.84464025,2.22377181,2.43492174,9.84653343E-06
2,11,4.84464025,2.43492174,2.68783379,9.84653343E-06
2,12,4.84464025,2.68783379,2.91713500,9.84653343E-06
2,13,4.84464025,2.91713500,3.15780044,9.84653343E-06
2,14,4.84464025,3.15780044,3.42411089,9.84653343E-06
2,15,4.84464025,3.42411089,3.68825197,9.84653343E-06
2,16,4.84464025,3.68825197,3.94774532,9.84653343E-06
2,17,4.84464025,3.94774532,4.17386866,9.84653343E-06
2,18,4.84464025,4.17386866,4.37892151,9.84653343E-06
2,19,4.84464025,4.37892151,4.58761120,9.84653343E-06
2,20,4.84464025,4.58761120,4.84464025,9.84653343E-06
3,1,3.18252063,0.00000000,0.159106866,2.37853283E-06
3,2,3.18252063,0.159106866,0.318213701,2.37853283E-06
3,3,3.18252063,0.318213701,0.477320611,2.37853283E-06
3,4,3.18252063,0.477320611,0.636427402,2.37853283E-06
3,5,3.18252063,0.636427402,0.795534313,2.37853283E-06
3,6,3.18252063,0.795534313,0.954640985,2.37853283E-06
3,7,3.18252063,0.954640985,1.11374855,2.37853283E-06
3,8,3.18252063,1.11374855,1.27285194,2.37853283E-06
3,9,3.18252063,1.27285194,1.43197680,2.37853283E-06
3,10,3.18252063,1.43197680,1.59100437,2.37853283E-06
3,11,3.18252063,1.59100437,1.75039089,2.37853283E-06
3,12,3.18252063,1.75039089,1.90873599,2.37853283E-06
3,13,3.18252063,1.90873599,2.06936169,2.37853283E-06
3,14,3.18252063,2.06936169,2.22654581,2.37853283E-06
3,15,3.18252063,2.22654581,2.38624859,2.37853283E-06
3,16,3.18252063,2.38624859,2.54827833,2.37853283E-06
3,17,3.18252063,2.54827833,2.70205355,2.37853283E-06
3,18,3.18252063,2.70205355,2.86269140,2.37853283E-06
3,19,3.18252063,2.86269140,3.02742362,2.37853283E-06
3,20,3.18252063,3.02742362,3.18252063,2.37853283E-06
4,1,19.5505295,0.00000000,0.982242167,1.60207564E-05
4,2,19.5505295,0.982242167,1.96229684,1.60207564E-05
4,3,19.5505295,1.96229684,2.93269777,1.60207564E-05
4,4,19.5505295,2.93269777,3.97684717,1.60207564E-05
4,5,19.5505295,3.97684717,4.83688974,1.60207564E-05
4,6,19.5505295,4.83688974,5.91615725,1.60207564E-05
4,7,19.5505295,5.91615725,6.90829611,1.60207564E-05
4,8,19.5505295,6.90829611,7.81109667,1.60207564E-05
4,9,19.5505295,7.81109667,8.80797577,1.60207564E-05
4,10,19.5505295,8.80797577,9.86348152,1.60207564E-05
4,11,19.5505295,9.86348152,10.8815975,1.60207564E-05
4,12,19.5505295,10.8815975,11.6794910,1.60207564E-05
4,13,19.5505295,11.6794910,12.7735224,1.60207564E-05
4,14,19.5505295,12.7735224,13.6778078,1.60207564E-05
4,15,19.5505295,13.6778078,14.5744333,1.60207564E-05
4,16,19.5505295,14.5744333,16.0122585,1.60207564E-05
4,17,19.5505295,16.0122585,16.7163506,1.60207564E-05
4,18,19.5505295,16.7163506,17.6603565,1.60207564E-05
4,19,19.5505295,17.6603565,18.5935593,1.60207564E-05
4,20,19.5505295,18.5935593,19.5505295,1.60207564E-05
5,1,2.22591472,0.00000000,0.111730859,1.90292337E-06
5,2,2.22591472,0.111730859,0.223459855,1.90292337E-06
5,3,2.22591472,0.223459855,0.335208356,1.90292337E-06
5,4,2.22591472,0.335208356,0.446838289,1.90292337E-06
5,5,2.22591472,0.446838289,0.558923960,1.90292337E-06
5,6,2.22591472,0.558923960,0.669907629,1.90292337E-06
5,7,2.22591472,0.669907629,0.782338500,1.90292337E-06
5,8,2.22591472,0.782338500,0.894687533,1.90292337E-06
5,9,2.22591472,0.894687533,1.00393367,1.90292337E-06
5,10,2.22591472,1.00393367,1.11808443,1.90292337E-06
5,11,2.22591472,1.11808443,1.22842968,1.90292337E-06
5,12,2.22591472,1.22842968,1.34584534,1.90292337E-06
5,13,2.22591472,1.34584534,1.44221175,1.90292337E-06
5,14,2.22591472,1.44221175,1.57415116,1.90292337E-06
5,15,2.22591472,1.57415116,1.66603541,1.90292337E-06
5,16,2.22591472,1.66603541,1.80184829,1.90292337E-06
5,17,2.22591472,1.80184829,1.88766348,1.90292337E-06
5,18,2.22591472,1.88766348,2.01661682,1.90292337E-06
5,19,2.22591472,2.01661682,2.11904502,1.90292337E-06
5,20,2.22591472,2.11904502,2.22591472,1.90292337E-06
6,1,3.24710345,0.00000000,0.162419915,1.07333271E-05
6,2,3.24710345,0.162419915,0.324585736,1.07333271E-05
6,3,3.24710345,0.324585736,0.484093368,1.07333271E-05
6,4,3.24710345,0.484093368,0.658978343,1.07333271E-05
6,5,3.24710345,0.658978343,0.799937487,1.07333271E-05
6,6,3.24710345,0.799937487,0.975487113,1.07333271E-05
6,7,3.24710345,0.975487113,1.14422035,1.07333271E-05
6,8,3.24710345,1.14422035,1.29397440,1.07333271E-05
6,9,3.24710345,1.29397440,1.45316529,1.07333271E-05
6,10,3.24710345,1.45316529,1.62727821,1.07333271E-05
6,11,3.24710345,1.62727821,1.79882312,1.07333271E-05
6,12,3.24710345,1.79882312,1.94994462,1.07333271E-05
6,13,3.24710345,1.94994462,2.09198594,1.07333271E-05
6,14,3.24710345,2.09198594,2.28003097,1.07333271E-05
6,15,3.24710345,2.28003097,2.39874411,1.07333271E-05
6,16,3.24710345,2.39874411,2.62477922,1.07333271E-05
6,17,3.24710345,2.62477922,2.77116251,1.07333271E-05
6,18,3.24710345,2.77116251,2.93571734,1.07333271E-05
6,19,3.24710345,2.93571734,3.08634973,1.07333271E-05
6,20,3.24710345,3.08634973,3.24710345,1.07333271E-05
7,1,0.392509997,0.00000000,1.98088102E-02,1.50522976E-06
7,2,0.392509997,1.98088102E-02,3.95783409E-02,1.50522976E-06
7,3,0.392509997,3.95783409E-02,5.94579987E-02,1.50522976E-06
7,4,0.392509997,5.94579987E-02,7.93766528E-02,1.50522976E-06
7,5,0.392509997,7.93766528E-02,9.83322039E-02,1.50522976E-06
7,6,0.392509997,9.83322039E-02,0.119901918,1.50522976E-06
7,7,0.392509997,0.119901918,0.137701899,1.50522976E-06
7,8,0.392509997,0.137701899,0.158811420,1.50522976E-06
7,9,0.392509997,0.158811420,0.178981155,1.50522976E-06
7,10,0.392509997,0.178981155,0.196977645,1.50522976E-06
7,11,0.392509997,0.196977645,0.216702446,1.50522976E-06
7,12,0.392509997,0.216702446,0.240255013,1.50522976E-06
7,13,0.392509997,0.240255013,0.254351467,1.50522976E-06
7,14,0.392509997,0.254351467,0.284147739,1.50522976E-06
7,15,0.392509997,0.284147739,0.291968107,1.50522976E-06
7,16,0.392509997,0.291968107,0.310701489,1.50522976E-06
7,17,0.392509997,0.310701489,0.345167100,1.50522976E-06
7,18,0.392509997,0.345167100,0.357369483,1.50522976E-06
7,19,0.392509997,0.357369483,0.373356879,1.50522976E-06
7,20,0.392509997,0.373356879,0.392509997,1.50522976E-06
8,1,0.617986441,0.00000000,3.09030656E-02,4.12212330E-06
8,2,0.617986441,3.09030656E-02,6.17599823E-02,4.12212330E-06
8,3,0.617986441,6.17599823E-02,9.20921266E-02,4.12212330E-06
8,4,0.617986441,9.20921266E-02,0.125403166,4.12212330E-06
8,5,0.617986441,0.125403166,0.152208179,4.12212330E-06
8,6,0.617986441,0.152208179,0.185555100,4.12212330E-06
8,7,0.617986441,0.185555100,0.217729330,4.12212330E-06
8,8,0.617986441,0.217729330,0.246247113,4.12212330E-06
8,9,0.617986441,0.246247113,0.276448965,4.12212330E-06
8,10,0.617986441,0.276448965,0.309548885,4.12212330E-06
8,11,0.617986441,0.309548885,0.342200607,4.12212330E-06
8,12,0.617986441,0.342200607,0.371350378,4.12212330E-06
8,13,0.617986441,0.371350378,0.397711128,4.12212330E-06
8,14,0.617986441,0.397711128,0.434089899,4.12212330E-06
8,15,0.617986441,0.434089899,0.456372768,4.12212330E-06
8,16,0.617986441,0.456372768,0.498923033,4.12212330E-06
8,17,0.617986441,0.498923033,0.527295172,4.12212330E-06
8,18,0.617986441,0.527295172,0.558758855,4.12212330E-06
8,19,0.617986441,0.558758855,0.587442398,4.12212330E-06
8,20,0.617986441,0.587442398,0.617986441,4.12212330E-06
9,1,0.559637308,0.00000000,2.74897125E-02,4.28635667E-06
9,2,0.559637308,2.74897125E-02,5.65939844E-02,4.28635667E-06
9,3,0.559637308,5.65939844E-02,8.00442249E-02,4.28635667E-06
9,4,0.559637308,8.00442249E-02,0.110722467,4.28635667E-06
9,5,0.559637308,0.110722467,0.141216621,4.28635667E-06
9,6,0.559637308,0.141216621,0.166205704,4.28635667E-06
9,7,0.559637308,0.166205704,0.191623062,4.28635667E-06
9,8,0.559637308,0.191623062,0.219328448,4.28635667E-06
9,9,0.559637308,0.219328448,0.246628523,4.28635667E-06
9,10,0.559637308,0.246628523,0.282950610,4.28635667E-06
9,11,0.559637308,0.282950610,0.300534695,4.28635667E-06
9,12,0.559637308,0.300534695,0.330586076,4.28635667E-06
9,13,0.559637308,0.330586076,0.362616807,4.28635667E-06
9,14,0.559637308,0.362616807,0.386475384,4.28635667E-06
9,15,0.559637308,0.386475384,0.409666508,4.28635667E-06
9,16,0.559637308,0.409666508,0.438053519,4.28635667E-06
9,17,0.559637308,0.438053519,0.470692962,4.28635667E-06
9,18,0.559637308,0.470692962,0.501974940,4.28635667E-06
9,19,0.559637308,0.501974940,0.531244993,4.28635667E-06
9,20,0.559637308,0.531244993,0.559637308,4.28635667E-06
10,1,0.182968408,0.00000000,8.97310767E-03,1.85163503E-06
10,2,0.182968408,8.97310767E-03,1.85585395E-02,1.85163503E-06
10,3,0.182968408,1.85585395E-02,2.61653028E-02,1.85163503E-06
10,4,0.182968408,2.61653028E-02,3.59290466E-02,1.85163503E-06
10,5,0.182968408,3.59290466E-02,4.64519225E-02,1.85163503E-06
10,6,0.182968408,4.64519225E-02,5.42082936E-02,1.85163503E-06
10,7,0.182968408,5.42082936E-02,6.27778918E-02,1.85163503E-06
10,8,0.182968408,6.27778918E-02,7.17820749E-02,1.85163503E-06
10,9,0.182968408,7.17820749E-02,8.06448758E-02,1.85163503E-06
10,10,0.182968408,8.06448758E-02,9.13738310E-02,1.85163503E-06
10,11,0.182968408,9.13738310E-02,9.97734293E-02,1.85163503E-06
10,12,0.182968408,9.97734293E-02,0.107246742,1.85163503E-06
10,13,0.182968408,0.107246742,0.118262097,1.85163503E-06
10,14,0.182968408,0.118262097,0.127095371,1.85163503E-06
10,15,0.182968408,0.127095371,0.134517714,1.85163503E-06
10,16,0.182968408,0.134517714,0.142847210,1.85163503E-06
10,17,0.182968408,0.142847210,0.152747259,1.85163503E-06
10,18,0.182968408,0.152747259,0.163494051,1.85163503E-06
10,19,0.182968408,0.163494051,0.172972381,1.85163503E-06
10,20,0.182968408,0.172972381,0.182968408,1.85163503E-06
11,1,2.16355300,0.00000000,0.109331354,1.86316959E-06
11,2,2.16355300,0.109331354,0.218436569,1.86316959E-06
11,3,2.16355300,0.218436569,0.328140855,1.86316959E-06
11,4,2.16355300,0.328140855,0.438242853,1.86316959E-06
11,5,2.16355300,0.438242853,0.542462766,1.86316959E-06
11,6,2.16355300,0.542462766,0.661912858,1.86316959E-06
11,7,2.16355300,0.661912858,0.760158598,1.86316959E-06
11,8,2.16355300,0.760158598,0.875976264,1.86316959E-06
11,9,2.16355300,0.875976264,0.988330781,1.86316959E-06
11,10,2.16355300,0.988330781,1.08833277,1.86316959E-06
11,11,2.16355300,1.08833277,1.19322109,1.86316959E-06
11,12,2.16355300,1.19322109,1.32896030,1.86316959E-06
11,13,2.16355300,1.32896030,1.39981592,1.86316959E-06
11,14,2.16355300,1.39981592,1.56834948,1.86316959E-06
11,15,2.16355300,1.56834948,1.62433612,1.86316959E-06
11,16,2.16355300,1.62433612,1.70179498,1.86316959E-06
11,17,2.16355300,1.70179498,1.89881623,1.86316959E-06
11,18,2.16355300,1.89881623,1.98435605,1.86316959E-06
11,19,2.16355300,1.98435605,2.06369066,1.86316959E-06
11,20,2.16355300,2.06369066,2.16355300,1.86316959E-06
12,1,0.814238191,0.00000000,4.06577215E-02,9.82315100E-07
12,2,0.814238191,4.06577215E-02,8.12042728E-02,9.82315100E-07
12,3,0.814238191,8.12042728E-02,0.121745661,9.82315100E-07
12,4,0.814238191,0.121745661,0.163875028,9.82315100E-07
12,5,0.814238191,0.163875028,0.200557128,9.82315100E-07
12,6,0.814238191,0.200557128,0.245963737,9.82315100E-07
12,7,0.814238191,0.245963737,0.284467608,9.82315100E-07
12,8,0.814238191,0.284467608,0.323247671,9.82315100E-07
12,9,0.814238191,0.323247671,0.366864204,9.82315100E-07
12,10,0.814238191,0.366864204,0.408864200,9.82315100E-07
12,11,0.814238191,0.408864200,0.446012676,9.82315100E-07
12,12,0.814238191,0.446012676,0.482900441,9.82315100E-07
12,13,0.814238191,0.482900441,0.532572091,9.82315100E-07
12,14,0.814238191,0.532572091,0.561338782,9.82315100E-07
12,15,0.814238191,0.561338782,0.618936121,9.82315100E-07
12,16,0.814238191,0.618936121,0.657865286,9.82315100E-07
12,17,0.814238191,0.657865286,0.680002213,9.82315100E-07
12,18,0.814238191,0.680002213,0.729832947,9.82315100E-07
12,19,0.814238191,0.729832947,0.768824756,9.82315100E-07
12,20,0.814238191,0.768824756,0.814238191,9.82315100E-07
13,1,7.21040440,0.00000000,0.361075997,4.40647364E-06
13,2,7.21040440,0.361075997,0.721331537,4.40647364E-06
13,3,7.21040440,0.721331537,1.08342552,4.40647364E-06
13,4,7.21040440,1.08342552,1.44858956,4.40647364E-06
13,5,7.21040440,1.44858956,1.78930712,4.40647364E-06
13,6,7.21040440,1.78930712,2.18685174,4.40647364E-06
13,7,7.21040440,2.18685174,2.51218724,4.40647364E-06
13,8,7.21040440,2.51218724,2.88802457,4.40647364E-06
13,9,7.21040440,2.88802457,3.26671958,4.40647364E-06
13,10,7.21040440,3.26671958,3.60475874,4.40647364E-06
13,11,7.21040440,3.60475874,3.92325044,4.40647364E-06
13,12,7.21040440,3.92325044,4.39964056,4.40647364E-06
13,13,7.21040440,4.39964056,4.60782480,4.40647364E-06
13,14,7.21040440,4.60782480,5.16331482,4.40647364E-06
13,15,7.21040440,5.16331482,5.44751406,4.40647364E-06
13,16,7.21040440,5.44751406,5.58728790,4.40647364E-06
13,17,7.21040440,5.58728790,6.18348646,4.40647364E-06
13,18,7.21040440,6.18348646,6.61047935,4.40647364E-06
13,19,7.21040440,6.61047935,6.83198786,4.40647364E-06
13,20,7.21040440,6.83198786,7.21040440,4.40647364E-06
14,1,15.6551914,0.00000000,0.152509257,1.12447096E-05
14,2,15.6551914,0.152509257,0.303904414,1.12447096E-05
14,3,15.6551914,0.303904414,0.452927530,1.12447096E-05
14,4,15.6551914,0.452927530,0.598643184,1.12447096E-05
14,5,15.6551914,0.598643184,0.741657794,1.12447096E-05
14,6,15.6551914,0.741657794,0.885507345,1.12447096E-05
14,7,15.6551914,0.885507345,1.03790557,1.12447096E-05
14,8,15.6551914,1.03790557,1.21164918,1.12447096E-05
14,9,15.6551914,1.21164918,1.42510319,1.12447096E-05
14,10,15.6551914,1.42510319,1.70228338,1.12447096E-05
14,11,15.6551914,1.70228338,2.07258344,1.12447096E-05
14,12,15.6551914,2.07258344,2.57016611,1.12447096E-05
14,13,15.6551914,2.57016611,3.23300195,1.12447096E-05
14,14,15.6551914,3.23300195,4.10148716,1.12447096E-05
14,15,15.6551914,4.10148716,5.21659374,1.12447096E-05
14,16,15.6551914,5.21659374,6.61756325,1.12447096E-05
14,17,15.6551914,6.61756325,8.33925247,1.12447096E-05
14,18,15.6551914,8.33925247,10.4093761,1.12447096E-05
14,19,15.6551914,10.4093761,12.8459358,1.12447096E-05
14,20,15.6551914,12.8459358,15.6551914,1.12447096E-05
15,1,4.07505894,3.74215794,3.74023247,9.62757781E-07
15,2,4.07505894,3.74023247,3.75099277,9.62757781E-07
15,3,4.07505894,3.75099277,3.78780913,9.62757781E-07
15,4,4.07505894,3.78780913,3.79386377,9.62757781E-07
15,5,4.07505894,3.79386377,3.79401588,9.62757781E-07
15,6,4.07505894,3.79401588,3.80588150,9.62757781E-07
15,7,4.07505894,3.80588150,3.85143590,9.62757781E-07
15,8,4.07505894,3.85143590,3.84338951,9.62757781E-07
15,9,4.07505894,3.84338951,3.86537981,9.62757781E-07
15,10,4.07505894,3.86537981,3.91413522,9.62757781E-07
15,11,4.07505894,3.91413522,3.87815547,9.62757781E-07
15,12,4.07505894,3.87815547,3.92249036,9.62757781E-07
15,13,4.07505894,3.92249036,3.93499303,9.62757781E-07
15,14,4.07505894,3.93499303,3.87139177,9.62757781E-07
15,15,4.07505894,3.87139177,3.98164749,9.62757781E-07
15,16,4.07505894,3.98164749,4.09372425,9.62757781E-07
15,17,4.07505894,4.09372425,3.99189281,9.62757781E-07
15,18,4.07505894,3.99189281,3.95785689,9.62757781E-07
15,19,4.07505894,3.95785689,3.98050117,9.62757781E-07
15,20,4.07505894,3.98050117,4.07505894,9.62757781E-07
16,1,1.18457329,0.617986441,0.636946797,3.16323235E-06
16,2,1.18457329,0.636946797,0.666032672,3.16323235E-06
16,3,1.18457329,0.666032672,0.703942955,3.16323235E-06
16,4,1.18457329,0.703942955,0.735387564,3.16323235E-06
16,5,1.18457329,0.735387564,0.735416055,3.16323235E-06
16,6,1.18457329,0.735416055,0.749403536,3.16323235E-06
16,7,1.18457329,0.749403536,0.832168698,3.16323235E-06
16,8,1.18457329,0.832168698,0.826115549,3.16323235E-06
16,9,1.18457329,0.826115549,0.870096147,3.16323235E-06
16,10,1.18457329,0.870096147,0.862637877,3.16323235E-06
16,11,1.18457329,0.862637877,0.871894062,3.16323235E-06
16,12,1.18457329,0.871894062,0.937776506,3.16323235E-06
16,13,1.18457329,0.937776506,0.980139256,3.16323235E-06
16,14,1.18457329,0.980139256,1.02831316,3.16323235E-06
16,15,1.18457329,1.02831316,0.972936630,3.16323235E-06
16,16,1.18457329,0.972936630,0.999084294,3.16323235E-06
16,17,1.18457329,0.999084294,1.06557250,3.16323235E-06
16,18,1.18457329,1.06557250,1.08770895,3.16323235E-06
16,19,1.18457329,1.08770895,1.16987443,3.16323235E-06
16,20,1.18457329,1.16987443,1.18457329,3.16323235E-06
17,1,6.64556217,0.814238191,1.11386967,5.20341928E-06
17,2,6.64556217,1.11386967,1.42108607,5.20341928E-06
17,3,6.64556217,1.42108607,1.68816984,5.20341928E-06
17,4,6.64556217,1.68816984,1.99058795,5.20341928E-06
17,5,6.64556217,1.99058795,2.27085018,5.20341928E-06
17,6,6.64556217,2.27085018,2.59849119,5.20341928E-06
17,7,6.64556217,2.59849119,2.91043663,5.20341928E-06
17,8,6.64556217,2.91043663,3.16450953,5.20341928E-06
17,9,6.64556217,3.16450953,3.52533889,5.20341928E-06
17,10,6.64556217,3.52533889,3.82486200,5.20341928E-06
17,11,6.64556217,3.82486200,3.90755892,5.20341928E-06
17,12,6.64556217,3.90755892,4.27183056,5.20341928E-06
17,13,6.64556217,4.27183056,4.88065720,5.20341928E-06
17,14,6.64556217,4.88065720,5.06968689,5.20341928E-06
17,15,6.64556217,5.06968689,4.99379683,5.20341928E-06
17,16,6.64556217,4.99379683,5.49057722,5.20341928E-06
17,17,6.64556217,5.49057722,5.96293831,5.20341928E-06
17,18,6.64556217,5.96293831,6.30402946,5.20341928E-06
17,19,6.64556217,6.30402946,6.41748190,5.20341928E-06
17,20,6.64556217,6.41748190,6.64556217,5.20341928E-06
18,1,2.65116072,2.16355300,2.15936971,2.43708655E-06
18,2,2.65116072,2.15936971,2.26935387,2.43708655E-06
18,3,2.65116072,2.26935387,2.22056031,2.43708655E-06
18,4,2.65116072,2.22056031,2.22646832,2.43708655E-06
18,5,2.65116072,2.22646832,2.30094504,2.43708655E-06
18,6,2.65116072,2.30094504,2.36259222,2.43708655E-06
18,7,2.65116072,2.36259222,2.37405968,2.43708655E-06
18,8,2.65116072,2.37405968,2.35807776,2.43708655E-06
18,9,2.65116072,2.35807776,2.35277295,2.43708655E-06
18,10,2.65116072,2.35277295,2.37798095,2.43708655E-06
18,11,2.65116072,2.37798095,2.43027616,2.43708655E-06
18,12,2.65116072,2.43027616,2.49502182,2.43708655E-06
18,13,2.65116072,2.49502182,2.55760264,2.43708655E-06
18,14,2.65116072,2.55760264,2.60815907,2.43708655E-06
18,15,2.65116072,2.60815907,2.64117503,2.43708655E-06
18,16,2.65116072,2.64117503,2.65833259,2.43708655E-06
18,17,2.65116072,2.65833259,2.65755558,2.43708655E-06
18,18,2.65116072,2.65755558,2.64605284,2.43708655E-06
18,19,2.65116072,2.64605284,2.64720345,2.43708655E-06
18,20,2.65116072,2.64720345,2.65116072,2.43708655E-06
19,1,1.57952178,1.18457329,1.08831394,7.46395187E-07
19,2,1.57952178,1.08831394,1.23119700,7.46395187E-07
19,3,1.57952178,1.23119700,1.23894560,7.46395187E-07
19,4,1.57952178,1.23894560,1.17832649,7.46395187E-07
19,5,1.57952178,1.17832649,1.28749788,7.46395187E-07
19,6,1.57952178,1.28749788,1.30388749,7.46395187E-07
19,7,1.57952178,1.30388749,1.27860582,7.46395187E-07
19,8,1.57952178,1.27860582,1.30304563,7.46395187E-07
19,9,1.57952178,1.30304563,1.45705247,7.46395187E-07
19,10,1.57952178,1.45705247,1.26718009,7.46395187E-07
19,11,1.57952178,1.26718009,1.46228683,7.46395187E-07
19,12,1.57952178,1.46228683,1.42478764,7.46395187E-07
19,13,1.57952178,1.42478764,1.41008294,7.46395187E-07
19,14,1.57952178,1.41008294,1.50413156,7.46395187E-07
19,15,1.57952178,1.50413156,1.50190175,7.46395187E-07
19,16,1.57952178,1.50190175,1.53975999,7.46395187E-07
19,17,1.57952178,1.53975999,1.51087344,7.46395187E-07
19,18,1.57952178,1.51087344,1.54828262,7.46395187E-07
19,19,1.57952178,1.54828262,1.65097296,7.46395187E-07
19,20,1.57952178,1.65097296,1.57952178,7.46395187E-07
20,1,4.30643988,4.25802755,4.23678970,2.35910449E-07
20,2,4.30643988,4.23678970,4.16774464,2.35910449E-07
20,3,4.30643988,4.16774464,4.20609570,2.35910449E-07
20,4,4.30643988,4.20609570,4.26231527,2.35910449E-07
20,5,4.30643988,4.26231527,4.24586439,2.35910449E-07
20,6,4.30643988,4.24586439,4.17438078,2.35910449E-07
20,7,4.30643988,4.17438078,4.14733839,2.35910449E-07
20,8,4.30643988,4.14733839,4.15052462,2.35910449E-07
20,9,4.30643988,4.15052462,4.22742701,2.35910449E-07
20,10,4.30643988,4.22742701,4.24987984,2.35910449E-07
20,11,4.30643988,4.24987984,4.24128914,2.35910449E-07
20,12,4.30643988,4.24128914,4.20063782,2.35910449E-07
20,13,4.30643988,4.20063782,4.10406399,2.35910449E-07
20,14,4.30643988,4.10406399,4.01608849,2.35910449E-07
20,15,4.30643988,4.01608849,4.04492426,2.35910449E-07
20,16,4.30643988,4.04492426,4.07263565,2.35910449E-07
20,17,4.30643988,4.07263565,4.14137030,2.35910449E-07
20,18,4.30643988,4.14137030,4.14955091,2.35910449E-07
20,19,4.30643988,4.14955091,4.26248074,2.35910449E-07
20,20,4.30643988,4.26248074,4.30643988,2.35910449E-07
21,1,7.15152788,6.64556217,6.55159855,6.72957140E-06
21,2,7.15152788,6.55159855,6.54023504,6.72957140E-06
21,3,7.15152788,6.54023504,6.61420441,6.72957140E-06
21,4,7.15152788,6.61420441,6.67346478,6.72957140E-06
21,5,7.15152788,6.67346478,6.74792957,6.72957140E-06
21,6,7.15152788,6.74792957,6.88133860,6.72957140E-06
21,7,7.15152788,6.88133860,6.91183758,6.72957140E-06
21,8,7.15152788,6.91183758,6.89263821,6.72957140E-06
21,9,7.15152788,6.89263821,7.12892771,6.72957140E-06
21,10,7.15152788,7.12892771,7.09932661,6.72957140E-06
21,11,7.15152788,7.09932661,7.05035019,6.72957140E-06
21,12,7.15152788,7.05035019,7.11737919,6.72957140E-06
21,13,7.15152788,7.11737919,7.22113895,6.72957140E-06
21,14,7.15152788,7.22113895,7.26219511,6.72957140E-06
21,15,7.15152788,7.26219511,7.21712112,6.72957140E-06
21,16,7.15152788,7.21712112,7.12762213,6.72957140E-06
21,17,7.15152788,7.12762213,7.05278444,6.72957140E-06
21,18,7.15152788,7.05278444,7.03152227,6.72957140E-06
21,19,7.15152788,7.03152227,7.07071829,6.72957140E-06
21,20,7.15152788,7.07071829,7.15152788,6.72957140E-06
22,1,4.62944984,2.65116072,2.74062252,4.24081009E-06
22,2,4.62944984,2.74062252,2.88899970,4.24081009E-06
22,3,4.62944984,2.88899970,2.95451069,4.24081009E-06
22,4,4.62944984,2.95451069,2.94855261,4.24081009E-06
22,5,4.62944984,2.94855261,3.03582740,4.24081009E-06
22,6,4.62944984,3.03582740,3.18530369,4.24081009E-06
22,7,4.62944984,3.18530369,3.34418201,4.24081009E-06
22,8,4.62944984,3.34418201,3.52909446,4.24081009E-06
22,9,4.62944984,3.52909446,3.61278200,4.24081009E-06
22,10,4.62944984,3.61278200,3.63826299,4.24081009E-06
22,11,4.62944984,3.63826299,3.69764876,4.24081009E-06
22,12,4.62944984,3.69764876,3.93475699,4.24081009E-06
22,13,4.62944984,3.93475699,4.15219069,4.24081009E-06
22,14,4.62944984,4.15219069,4.23629713,4.24081009E-06
22,15,4.62944984,4.23629713,4.24718857,4.24081009E-06
22,16,4.62944984,4.24718857,4.19940281,4.24081009E-06
22,17,4.62944984,4.19940281,4.15037537,4.24081009E-06
22,18,4.62944984,4.15037537,4.21856546,4.24081009E-06
22,19,4.62944984,4.21856546,4.41527319,4.24081009E-06
22,20,4.62944984,4.41527319,4.62944984,4.24081009E-06
23,1,2.62412810,1.57952178,1.65440834,7.14726821E-06
23,2,2.62412810,1.65440834,1.72784817,7.14726821E-06
23,3,2.62412810,1.72784817,1.77329779,7.14726821E-06
23,4,2.62412810,1.77329779,1.77734399,7.14726821E-06
23,5,2.62412810,1.77734399,1.72435093,7.14726821E-06
23,6,2.62412810,1.72435093,1.75946045,7.14726821E-06
23,7,2.62412810,1.75946045,1.79384434,7.14726821E-06
23,8,2.62412810,1.79384434,1.90749454,7.14726821E-06
23,9,2.62412810,1.90749454,1.98672616,7.14726821E-06
23,10,2.62412810,1.98672616,1.92999566,7.14726821E-06
23,11,2.62412810,1.92999566,1.98310387,7.14726821E-06
23,12,2.62412810,1.98310387,2.15995288,7.14726821E-06
23,13,2.62412810,2.15995288,2.26741672,7.14726821E-06
23,14,2.62412810,2.26741672,2.32056069,7.14726821E-06
23,15,2.62412810,2.32056069,2.33679914,7.14726821E-06
23,16,2.62412810,2.33679914,2.35547352,7.14726821E-06
23,17,2.62412810,2.35547352,2.49266434,7.14726821E-06
23,18,2.62412810,2.49266434,2.59817100,7.14726821E-06
23,19,2.62412810,2.59817100,2.59829712,7.14726821E-06
23,20,2.62412810,2.59829712,2.62412810,7.14726821E-06
24,1,7.89044046,7.15152788,7.36930084,1.65370477E-06
24,2,7.89044046,7.36930084,7.48864985,1.65370477E-06
24,3,7.89044046,7.48864985,7.69748974,1.65370477E-06
24,4,7.89044046,7.69748974,7.89497375,1.65370477E-06
24,5,7.89044046,7.89497375,7.70846701,1.65370477E-06
24,6,7.89044046,7.70846701,7.45314932,1.65370477E-06
24,7,7.89044046,7.45314932,7.51569223,1.65370477E-06
24,8,7.89044046,7.51569223,7.83391285,1.65370477E-06
24,9,7.89044046,7.83391285,7.87214041,1.65370477E-06
24,10,7.89044046,7.87214041,7.62142897,1.65370477E-06
24,11,7.89044046,7.62142897,7.43731928,1.65370477E-06
24,12,7.89044046,7.43731928,7.38310575,1.65370477E-06
24,13,7.89044046,7.38310575,7.47792816,1.65370477E-06
24,14,7.89044046,7.47792816,7.57431126,1.65370477E-06
24,15,7.89044046,7.57431126,7.63047266,1.65370477E-06
24,16,7.89044046,7.63047266,7.67879868,1.65370477E-06
24,17,7.89044046,7.67879868,7.74604559,1.65370477E-06
24,18,7.89044046,7.74604559,7.82380724,1.65370477E-06
24,19,7.89044046,7.82380724,7.88682270,1.65370477E-06
24,20,7.89044046,7.88682270,7.89044046,1.65370477E-06
25,1,12.7188253,11.8398542,11.7544355,3.50767209E-06
25,2,12.7188253,11.7544355,11.8879538,3.50767209E-06
25,3,12.7188253,11.8879538,11.8762751,3.50767209E-06
25,4,12.7188253,11.8762751,12.0028372,3.50767209E-06
25,5,12.7188253,12.0028372,11.8924637,3.50767209E-06
25,6,12.7188253,11.8924637,11.8885908,3.50767209E-06
25,7,12.7188253,11.8885908,12.1206846,3.50767209E-06
25,8,12.7188253,12.1206846,12.3347740,3.50767209E-06
25,9,12.7188253,12.3347740,12.4036741,3.50767209E-06
25,10,12.7188253,12.4036741,12.2156334,3.50767209E-06
25,11,12.7188253,12.2156334,11.8801661,3.50767209E-06
25,12,12.7188253,11.8801661,11.8523283,3.50767209E-06
25,13,12.7188253,11.8523283,12.0465717,3.50767209E-06
25,14,12.7188253,12.0465717,12.2873335,3.50767209E-06
25,15,12.7188253,12.2873335,12.4246540,3.50767209E-06
25,16,12.7188253,12.4246540,12.4484949,3.50767209E-06
25,17,12.7188253,12.4484949,12.5217981,3.50767209E-06
25,18,12.7188253,12.5217981,12.6130610,3.50767209E-06
25,19,12.7188253,12.6130610,12.4604006,3.50767209E-06
25,20,12.7188253,12.4604006,12.7188253,3.50767209E-06
26,1,3.97501945,2.62412810,2.39710426,1.22411404E-06
26,2,3.97501945,2.39710426,2.61691093,1.22411404E-06
26,3,3.97501945,2.61691093,2.71817780,1.22411404E-06
26,4,3.97501945,2.71817780,2.83650970,1.22411404E-06
26,5,3.97501945,2.83650970,2.80812836,1.22411404E-06
26,6,3.97501945,2.80812836,2.81706572,1.22411404E-06
26,7,3.97501945,2.81706572,3.17489290,1.22411404E-06
26,8,3.97501945,3.17489290,3.19980001,1.22411404E-06
26,9,3.97501945,3.19980001,3.02388096,1.22411404E-06
26,10,3.97501945,3.02388096,3.16784954,1.22411404E-06
26,11,3.97501945,3.16784954,3.60606337,1.22411404E-06
26,12,3.97501945,3.60606337,3.33680820,1.22411404E-06
26,13,3.97501945,3.33680820,3.37122750,1.22411404E-06
26,14,3.97501945,3.37122750,3.42911053,1.22411404E-06
26,15,3.97501945,3.42911053,3.68474865,1.22411404E-06
26,16,3.97501945,3.68474865,3.78028774,1.22411404E-06
26,17,3.97501945,3.78028774,3.76625061,1.22411404E-06
26,18,3.97501945,3.76625061,3.94422054,1.22411404E-06
26,19,3.97501945,3.94422054,3.88505125,1.22411404E-06
26,20,3.97501945,3.88505125,3.97501945,1.22411404E-06
27,1,10.8072548,7.89044046,8.16531467,9.51354559E-06
27,2,10.8072548,8.16531467,8.43865776,9.51354559E-06
27,3,10.8072548,8.43865776,8.87800694,9.51354559E-06
27,4,10.8072548,8.87800694,9.16135883,9.51354559E-06
27,5,10.8072548,9.16135883,9.19211769,9.51354559E-06
27,6,10.8072548,9.19211769,9.02562332,9.51354559E-06
27,7,10.8072548,9.02562332,8.79580116,9.51354559E-06
27,8,10.8072548,8.79580116,8.74822617,9.51354559E-06
27,9,10.8072548,8.74822617,8.90021515,9.51354559E-06
27,10,10.8072548,8.90021515,9.38121986,9.51354559E-06
27,11,10.8072548,9.38121986,9.85279655,9.51354559E-06
27,12,10.8072548,9.85279655,10.0348282,9.51354559E-06
27,13,10.8072548,10.0348282,10.3831549,9.51354559E-06
27,14,10.8072548,10.3831549,10.5730095,9.51354559E-06
27,15,10.8072548,10.5730095,11.5131111,9.51354559E-06
27,16,10.8072548,11.5131111,11.2314882,9.51354559E-06
27,17,10.8072548,11.2314882,11.4492836,9.51354559E-06
27,18,10.8072548,11.4492836,11.3972778,9.51354559E-06
27,19,10.8072548,11.3972778,10.7102575,9.51354559E-06
27,20,10.8072548,10.7102575,10.8072548,9.51354559E-06
28,1,22.0070438,12.7188253,13.2616529,6.95106337E-06
28,2,22.0070438,13.2616529,13.2369337,6.95106337E-06
28,3,22.0070438,13.2369337,13.6562290,6.95106337E-06
28,4,22.0070438,13.6562290,14.2605000,6.95106337E-06
28,5,22.0070438,14.2605000,14.9332399,6.95106337E-06
28,6,22.0070438,14.9332399,16.4475288,6.95106337E-06
28,7,22.0070438,16.4475288,15.4661608,6.95106337E-06
28,8,22.0070438,15.4661608,16.5944729,6.95106337E-06
28,9,22.0070438,16.5944729,16.7104015,6.95106337E-06
28,10,22.0070438,16.7104015,17.0582829,6.95106337E-06
28,11,22.0070438,17.0582829,18.7000828,6.95106337E-06
28,12,22.0070438,18.7000828,18.9309235,6.95106337E-06
28,13,22.0070438,18.9309235,18.8806190,6.95106337E-06
28,14,22.0070438,18.8806190,19.5386181,6.95106337E-06
28,15,22.0070438,19.5386181,18.9269600,6.95106337E-06
28,16,22.0070438,18.9269600,20.4090137,6.95106337E-06
28,17,22.0070438,20.4090137,22.0534153,6.95106337E-06
28,18,22.0070438,22.0534153,22.4762688,6.95106337E-06
28,19,22.0070438,22.4762688,21.2886353,6.95106337E-06
28,20,22.0070438,21.2886353,22.0070438,6.95106337E-06
29,1,4.25824404,4.36752939,4.36718130,1.42349040E-06
29,2,4.25824404,4.36718130,4.35499239,1.42349040E-06
29,3,4.25824404,4.35499239,4.32908058,1.42349040E-06
29,4,4.25824404,4.32908058,4.43810463,1.42349040E-06
29,5,4.25824404,4.43810463,4.59184074,1.42349040E-06
29,6,4.25824404,4.59184074,4.71434021,1.42349040E-06
29,7,4.25824404,4.71434021,4.59279108,1.42349040E-06
29,8,4.25824404,4.59279108,4.59451485,1.42349040E-06
29,9,4.25824404,4.59451485,4.70458841,1.42349040E-06
29,10,4.25824404,4.70458841,4.75669479,1.42349040E-06
29,11,4.25824404,4.75669479,4.99775171,1.42349040E-06
29,12,4.25824404,4.99775171,4.91831684,1.42349040E-06
29,13,4.25824404,4.91831684,5.20533228,1.42349040E-06
29,14,4.25824404,5.20533228,5.42259312,1.42349040E-06
29,15,4.25824404,5.42259312,5.23857450,1.42349040E-06
29,16,4.25824404,5.23857450,5.11679888,1.42349040E-06
29,17,4.25824404,5.11679888,5.05180979,1.42349040E-06
29,18,4.25824404,5.05180979,4.87370539,1.42349040E-06
29,19,4.25824404,4.87370539,4.52287483,1.42349040E-06
29,20,4.25824404,4.52287483,4.25824404,1.42349040E-06
30,1,14.3825178,10.8072548,12.0848045,2.97717816E-06
30,2,14.3825178,12.0848045,11.5166702,2.97717816E-06
30,3,14.3825178,11.5166702,11.3726797,2.97717816E-06
30,4,14.3825178,11.3726797,11.9541636,2.97717816E-06
30,5,14.3825178,11.9541636,12.2148743,2.97717816E-06
30,6,14.3825178,12.2148743,13.2721415,2.97717816E-06
30,7,14.3825178,13.2721415,12.7051535,2.97717816E-06
30,8,14.3825178,12.7051535,11.4172783,2.97717816E-06
30,9,14.3825178,11.4172783,12.0587177,2.97717816E-06
30,10,14.3825178,12.0587177,11.9812422,2.97717816E-06
30,11,14.3825178,11.9812422,11.8591270,2.97717816E-06
30,12,14.3825178,11.8591270,12.6849566,2.97717816E-06
30,13,14.3825178,12.6849566,14.2230148,2.97717816E-06
30,14,14.3825178,14.2230148,13.9550571,2.97717816E-06
30,15,14.3825178,13.9550571,13.4378309,2.97717816E-06
30,16,14.3825178,13.4378309,12.0169048,2.97717816E-06
30,17,14.3825178,12.0169048,12.0238152,2.97717816E-06
30,18,14.3825178,12.0238152,13.1921988,2.97717816E-06
30,19,14.3825178,13.1921988,13.6630821,2.97717816E-06
30,20,14.3825178,13.6630821,14.3825178,2.97717816E-06
31,1,25.9416542,23.8087730,23.8080349,1.06988580E-06
31,2,25.9416542,23.8080349,23.7129326,1.06988580E-06
31,3,25.9416542,23.7129326,23.9005241,1.06988580E-06
31,4,25.9416542,23.9005241,23.5460072,1.06988580E-06
31,5,25.9416542,23.5460072,25.3222656,1.06988580E-06
31,6,25.9416542,25.3222656,25.0315933,1.06988580E-06
31,7,25.9416542,25.0315933,24.8222675,1.06988580E-06
31,8,25.9416542,24.8222675,24.9220448,1.06988580E-06
31,9,25.9416542,24.9220448,25.1798210,1.06988580E-06
31,10,25.9416542,25.1798210,24.0911942,1.06988580E-06
31,11,25.9416542,24.0911942,23.6024113,1.06988580E-06
31,12,25.9416542,23.6024113,25.0389004,1.06988580E-06
31,13,25.9416542,25.0389004,25.4644928,1.06988580E-06
31,14,25.9416542,25.4644928,24.4071083,1.06988580E-06
31,15,25.9416542,24.4071083,23.5999584,1.06988580E-06
31,16,25.9416542,23.5999584,24.5493889,1.06988580E-06
31,17,25.9416542,24.5493889,25.0476379,1.06988580E-06
31,18,25.9416542,25.0476379,26.2973270,1.06988580E-06
31,19,25.9416542,26.2973270,26.2162304,1.06988580E-06
31,20,25.9416542,26.2162304,25.9416542,1.06988580E-06
32,1,349.629456,30.0377083,35.5706177,1.31905369E-06
32,2,349.629456,35.5706177,43.4530373,1.31905369E-06
32,3,349.629456,43.4530373,53.0700417,1.31905369E-06
32,4,349.629456,53.0700417,67.5385590,1.31905369E-06
32,5,349.629456,67.5385590,90.9845200,1.31905369E-06
32,6,349.629456,90.9845200,127.254074,1.31905369E-06
32,7,349.629456,127.254074,178.432831,1.31905369E-06
32,8,349.629456,178.432831,243.695358,1.31905369E-06
32,9,349.629456,243.695358,318.221100,1.31905369E-06
32,10,349.629456,318.221100,392.924530,1.31905369E-06
32,11,349.629456,392.924530,456.195740,1.31905369E-06
32,12,349.629456,456.195740,497.711823,1.31905369E-06
32,13,349.629456,497.711823,512.478516,1.31905369E-06
32,14,349.629456,512.478516,502.625183,1.31905369E-06
32,15,349.629456,502.625183,475.899475,1.31905369E-06
32,16,349.629456,475.899475,442.006500,1.31905369E-06
32,17,349.629456,442.006500,409.049408,1.31905369E-06
32,18,349.629456,409.049408,381.773743,1.31905369E-06
32,19,349.629456,381.773743,361.894623,1.31905369E-06
32,20,349.629456,361.894623,349.629456,1.31905369E-06
33,1,30.0784721,28.1675682,27.6057529,9.90998433E-06
33,2,30.0784721,27.6057529,27.4486465,9.90998433E-06
33,3,30.0784721,27.4486465,26.5913353,9.90998433E-06
33,4,30.0784721,26.5913353,25.9993706,9.90998433E-06
33,5,30.0784721,25.9993706,26.6058369,9.90998433E-06
33,6,30.0784721,26.6058369,27.3155861,9.90998433E-06
33,7,30.0784721,27.3155861,27.1075954,9.90998433E-06
33,8,30.0784721,27.1075954,27.6610794,9.90998433E-06
33,9,30.0784721,27.6610794,27.8434753,9.90998433E-06
33,10,30.0784721,27.8434753,28.8084354,9.90998433E-06
33,11,30.0784721,28.8084354,28.0213223,9.90998433E-06
33,12,30.0784721,28.0213223,28.2577076,9.90998433E-06
33,13,30.0784721,28.2577076,27.1326313,9.90998433E-06
33,14,30.0784721,27.1326313,27.7021236,9.90998433E-06
33,15,30.0784721,27.7021236,27.7492962,9.90998433E-06
33,16,30.0784721,27.7492962,27.7657642,9.90998433E-06
33,17,30.0784721,27.7657642,29.2028351,9.90998433E-06
33,18,30.0784721,29.2028351,29.7045231,9.90998433E-06
33,19,30.0784721,29.7045231,29.3111248,9.90998433E-06
33,20,30.0784721,29.3111248,30.0784721,9.90998433E-06
34,1,394.892639,349.629456,348.022034,9.07510582E-07
34,2,394.892639,348.022034,346.739899,9.07510582E-07
34,3,394.892639,346.739899,345.790894,9.07510582E-07
34,4,394.892639,345.790894,345.185425,9.07510582E-07
34,5,394.892639,345.185425,344.935883,9.07510582E-07
34,6,394.892639,344.935883,345.056610,9.07510582E-07
34,7,394.892639,345.056610,345.563782,9.07510582E-07
34,8,394.892639,345.563782,346.474640,9.07510582E-07
34,9,394.892639,346.474640,347.807465,9.07510582E-07
34,10,394.892639,347.807465,349.580658,9.07510582E-07
34,11,394.892639,349.580658,351.812775,9.07510582E-07
34,12,394.892639,351.812775,354.521545,9.07510582E-07
34,13,394.892639,354.521545,357.723663,9.07510582E-07
34,14,394.892639,357.723663,361.434204,9.07510582E-07
34,15,394.892639,361.434204,365.666077,9.07510582E-07
34,16,394.892639,365.666077,370.429565,9.07510582E-07
34,17,394.892639,370.429565,375.732025,9.07510582E-07
34,18,394.892639,375.732025,381.577301,9.07510582E-07
34,19,394.892639,381.577301,387.965485,9.07510582E-07
34,20,394.892639,387.965485,394.892639,9.07510582E-07
35,1,396.986481,394.892639,394.986450,2.57707343E-05
35,2,396.986481,394.986450,395.078522,2.57707343E-05
35,3,396.986481,395.078522,395.179932,2.57707343E-05
35,4,396.986481,395.179932,395.292389,2.57707343E-05
35,5,396.986481,395.292389,395.404846,2.57707343E-05
35,6,396.986481,395.404846,395.515625,2.57707343E-05
35,7,396.986481,395.515625,395.632233,2.57707343E-05
35,8,396.986481,395.632233,395.745972,2.57707343E-05
35,9,396.986481,395.745972,395.829926,2.57707343E-05
35,10,396.986481,395.829926,395.885681,2.57707343E-05
35,11,396.986481,395.885681,395.944305,2.57707343E-05
35,12,396.986481,395.944305,396.010284,2.57707343E-05
35,13,396.986481,396.010284,396.083557,2.57707343E-05
35,14,396.986481,396.083557,396.175720,2.57707343E-05
35,15,396.986481,396.175720,396.301483,2.57707343E-05
35,16,396.986481,396.301483,396.449738,2.57707343E-05
35,17,396.986481,396.449738,396.607666,2.57707343E-05
35,18,396.986481,396.607666,396.764740,2.57707343E-05
35,19,396.986481,396.764740,396.898773,2.57707343E-05
35,20,396.986481,396.898773,396.986481,2.57707343E-05
36,1,1092.32043,418.993530,438.655731,1.72005166E-05
36,2,1092.32043,438.655731,460.007629,1.72005166E-05
36,3,1092.32043,460.007629,482.852844,1.72005166E-05
36,4,1092.32043,482.852844,507.065369,1.72005166E-05
36,5,1092.32043,507.065369,532.608398,1.72005166E-05
36,6,1092.32043,532.608398,559.529053,1.72005166E-05
36,7,1092.32043,559.529053,587.940002,1.72005166E-05
36,8,1092.32043,587.940002,617.993958,1.72005166E-05
36,9,1092.32043,617.993958,649.852661,1.72005166E-05
36,10,1092.32043,649.852661,683.654724,1.72005166E-05
36,11,1092.32043,683.654724,719.481812,1.72005166E-05
36,12,1092.32043,719.481812,757.327820,1.72005166E-05
36,13,1092.32043,757.327820,797.073364,1.72005166E-05
36,14,1092.32043,797.073364,838.469360,1.72005166E-05
36,15,1092.32043,838.469360,881.130859,1.72005166E-05
36,16,1092.32043,881.130859,924.544739,1.72005166E-05
36,17,1092.32043,924.544739,968.088806,1.72005166E-05
36,18,1092.32043,968.088806,1011.06134,1.72005166E-05
36,19,1092.32043,1011.06134,1052.71948,1.72005166E-05
36,20,1092.32043,1052.71948,1092.32043,1.72005166E-05
37,1,1059.75244,1092.32043,1144.86853,6.96235645E-07
37,2,1059.75244,1144.86853,1190.38184,6.96235645E-07
37,3,1059.75244,1190.38184,1227.29272,6.96235645E-07
37,4,1059.75244,1227.29272,1254.58423,6.96235645E-07
37,5,1059.75244,1254.58423,1271.85779,6.96235645E-07
37,6,1059.75244,1271.85779,1279.32373,6.96235645E-07
37,7,1059.75244,1279.32373,1277.72046,6.96235645E-07
37,8,1059.75244,1277.72046,1268.18958,6.96235645E-07
37,9,1059.75244,1268.18958,1252.13464,6.96235645E-07
37,10,1059.75244,1252.13464,1231.09143,6.96235645E-07
37,11,1059.75244,1231.09143,1206.62659,6.96235645E-07
37,12,1059.75244,1206.62659,1180.27344,6.96235645E-07
37,13,1059.75244,1180.27344,1153.49963,6.96235645E-07
37,14,1059.75244,1153.49963,1127.69849,6.96235645E-07
37,15,1059.75244,1127.69849,1104.18665,6.96235645E-07
37,16,1059.75244,1104.18665,1084.19775,6.96235645E-07
37,17,1059.75244,1084.19775,1068.86304,6.96235645E-07
37,18,1059.75244,1068.86304,1059.17688,6.96235645E-07
37,19,1059.75244,1059.17688,1055.94885,6.96235645E-07
37,20,1059.75244,1055.94885,1059.75244,6.96235645E-07
38,1,1106.59778,1059.75244,1081.61963,1.01652836E-06
38,2,1106.59778,1081.61963,1125.52234,1.01652836E-06
38,3,1106.59778,1125.52234,1188.43787,1.01652836E-06
38,4,1106.59778,1188.43787,1264.34485,1.01652836E-06
38,5,1106.59778,1264.34485,1344.96460,1.01652836E-06
38,6,1106.59778,1344.96460,1420.98767,1.01652836E-06
38,7,1106.59778,1420.98767,1483.51831,1.01652836E-06
38,8,1106.59778,1483.51831,1525.42065,1.01652836E-06
38,9,1106.59778,1525.42065,1542.30640,1.01652836E-06
38,10,1106.59778,1542.30640,1533.01331,1.01652836E-06
38,11,1106.59778,1533.01331,1499.55469,1.01652836E-06
38,12,1106.59778,1499.55469,1446.61438,1.01652836E-06
38,13,1106.59778,1446.61438,1380.74475,1.01652836E-06
38,14,1106.59778,1380.74475,1309.42969,1.01652836E-06
38,15,1106.59778,1309.42969,1240.16785,1.01652836E-06
38,16,1106.59778,1240.16785,1179.68921,1.01652836E-06
38,17,1106.59778,1179.68921,1133.36902,1.01652836E-06
38,18,1106.59778,1133.36902,1104.86255,1.01652836E-06
38,19,1106.59778,1104.86255,1095.95447,1.01652836E-06
38,20,1106.59778,1095.95447,1106.59778,1.01652836E-06
39,1,1498.71716,1106.59778,1127.74097,3.33557210E-07
39,2,1498.71716,1127.74097,1157.98169,3.33557210E-07
39,3,1498.71716,1157.98169,1195.55603,3.33557210E-07
39,4,1498.71716,1195.55603,1238.46350,3.33557210E-07
39,5,1498.71716,1238.46350,1284.57703,3.33557210E-07
39,6,1498.71716,1284.57703,1331.75256,3.33557210E-07
39,7,1498.71716,1331.75256,1377.93066,3.33557210E-07
39,8,1498.71716,1377.93066,1421.22803,3.33557210E-07
39,9,1498.71716,1421.22803,1460.02100,3.33557210E-07
39,10,1498.71716,1460.02100,1493.01123,3.33557210E-07
39,11,1498.71716,1493.01123,1519.27722,3.33557210E-07
39,12,1498.71716,1519.27722,1538.30688,3.33557210E-07
39,13,1498.71716,1538.30688,1550.01270,3.33557210E-07
39,14,1498.71716,1550.01270,1554.72693,3.33557210E-07
39,15,1498.71716,1554.72693,1553.17871,3.33557210E-07
39,16,1498.71716,1553.17871,1546.45557,3.33557210E-07
39,17,1498.71716,1546.45557,1535.94861,3.33557210E-07
39,18,1498.71716,1535.94861,1523.28564,3.33557210E-07
39,19,1498.71716,1523.28564,1510.25464,3.33557210E-07
39,20,1498.71716,1510.25464,1498.71716,3.33557210E-07
40,1,1534.90405,1498.71716,1496.18469,2.46170766E-05
40,2,1534.90405,1496.18469,1493.92053,2.46170766E-05
40,3,1534.90405,1493.92053,1491.96033,2.46170766E-05
40,4,1534.90405,1491.96033,1490.33850,2.46170766E-05
40,5,1534.90405,1490.33850,1489.08899,2.46170766E-05
40,6,1534.90405,1489.08899,1488.24451,2.46170766E-05
40,7,1534.90405,1488.24451,1487.83679,2.46170766E-05
40,8,1534.90405,1487.83679,1487.89648,2.46170766E-05
40,9,1534.90405,1487.89648,1488.45374,2.46170766E-05
40,10,1534.90405,1488.45374,1489.53711,2.46170766E-05
40,11,1534.90405,1489.53711,1491.17444,2.46170766E-05
40,12,1534.90405,1491.17444,1493.39270,2.46170766E-05
40,13,1534.90405,1493.39270,1496.21777,2.46170766E-05
40,14,1534.90405,1496.21777,1499.67432,2.46170766E-05
40,15,1534.90405,1499.67432,1503.78577,2.46170766E-05
40,16,1534.90405,1503.78577,1508.57495,2.46170766E-05
40,17,1534.90405,1508.57495,1514.06226,2.46170766E-05
40,18,1534.90405,1514.06226,1520.26770,2.46170766E-05
40,19,1534.90405,1520.26770,1527.20935,2.46170766E-05
40,20,1534.90405,1527.20935,1534.90405,2.46170766E-05
41,1,1823.84497,1534.90405,1542.72388,5.23296535E-07
41,2,1823.84497,1542.72388,1551.23804,5.23296535E-07
41,3,1823.84497,1551.23804,1560.45630,5.23296535E-07
41,4,1823.84497,1560.45630,1570.38660,5.23296535E-07
41,5,1823.84497,1570.38660,1581.03564,5.23296535E-07
41,6,1823.84497,1581.03564,1592.40771,5.23296535E-07
41,7,1823.84497,1592.40771,1604.50562,5.23296535E-07
41,8,1823.84497,1604.50562,1617.32959,5.23296535E-07
41,9,1823.84497,1617.32959,1630.87720,5.23296535E-07
41,10,1823.84497,1630.87720,1645.14307,5.23296535E-07
41,11,1823.84497,1645.14307,1660.11938,5.23296535E-07
41,12,1823.84497,1660.11938,1675.79456,5.23296535E-07
41,13,1823.84497,1675.79456,1692.15430,5.23296535E-07
41,14,1823.84497,1692.15430,1709.18042,5.23296535E-07
41,15,1823.84497,1709.18042,1726.85083,5.23296535E-07
41,16,1823.84497,1726.85083,1745.14026,5.23296535E-07
41,17,1823.84497,1745.14026,1764.01953,5.23296535E-07
41,18,1823.84497,1764.01953,1783.45532,5.23296535E-07
41,19,1823.84497,1783.45532,1803.41064,5.23296535E-07
41,20,1823.84497,1803.41064,1823.84497,5.23296535E-07
42,1,2065.27832,1823.84497,1835.27051,2.57756187E-06
42,2,2065.27832,1835.27051,1846.81885,2.57756187E-06
42,3,2065.27832,1846.81885,1858.48157,2.57756187E-06
42,4,2065.27832,1858.48157,1870.25024,2.57756187E-06
42,5,2065.27832,1870.25024,1882.11658,2.57756187E-06
42,6,2065.27832,1882.11658,1894.07129,2.57756187E-06
42,7,2065.27832,1894.07129,1906.10535,2.57756187E-06
42,8,2065.27832,1906.10535,1918.20923,2.57756187E-06
42,9,2065.27832,1918.20923,1930.37354,2.57756187E-06
42,10,2065.27832,1930.37354,1942.58862,2.57756187E-06
42,11,2065.27832,1942.58862,1954.84399,2.57756187E-06
42,12,2065.27832,1954.84399,1967.13013,2.57756187E-06
42,13,2065.27832,1967.13013,1979.43640,2.57756187E-06
42,14,2065.27832,1979.43640,1991.75293,2.57756187E-06
42,15,2065.27832,1991.75293,2004.06909,2.57756187E-06
42,16,2065.27832,2004.06909,2016.37451,2.57756187E-06
42,17,2065.27832,2016.37451,2028.65857,2.57756187E-06
42,18,2065.27832,2028.65857,2040.91089,2.57756187E-06
42,19,2065.27832,2040.91089,2053.12109,2.57756187E-06
42,20,2065.27832,2053.12109,2065.27832,2.57756187E-06
43,1,2079.30713,2065.27832,2136.20044,5.59588489E-06
43,2,2079.30713,2136.20044,2201.73950,5.59588489E-06
43,3,2079.30713,2201.73950,2260.27515,5.59588489E-06
43,4,2079.30713,2260.27515,2310.59937,5.59588489E-06
43,5,2079.30713,2310.59937,2351.91968,5.59588489E-06
43,6,2079.30713,2351.91968,2383.82324,5.59588489E-06
43,7,2079.30713,2383.82324,2406.22070,5.59588489E-06
43,8,2079.30713,2406.22070,2419.28906,5.59588489E-06
43,9,2079.30713,2419.28906,2423.40796,5.59588489E-06
43,10,2079.30713,2423.40796,2419.11230,5.59588489E-06
43,11,2079.30713,2419.11230,2407.05176,5.59588489E-06
43,12,2079.30713,2407.05176,2387.95996,5.59588489E-06
43,13,2079.30713,2387.95996,2362.62671,5.59588489E-06
43,14,2079.30713,2362.62671,2331.87842,5.59588489E-06
43,15,2079.30713,2331.87842,2296.55566,5.59588489E-06
43,16,2079.30713,2296.55566,2257.49438,5.59588489E-06
43,17,2079.30713,2257.49438,2215.50537,5.59588489E-06
43,18,2079.30713,2215.50537,2171.35352,5.59588489E-06
43,19,2079.30713,2171.35352,2125.74365,5.59588489E-06
43,20,2079.30713,2125.74365,2079.30713,5.59588489E-06
44,1,1889.50562,2079.30713,2069.73120,1.73885892E-05
44,2,1889.50562,2069.73120,2060.14014,1.73885892E-05
44,3,1889.50562,2060.14014,2050.53833,1.73885892E-05
44,4,1889.50562,2050.53833,2040.93042,1.73885892E-05
44,5,1889.50562,2040.93042,2031.32080,1.73885892E-05
44,6,1889.50562,2031.32080,2021.71350,1.73885892E-05
44,7,1889.50562,2021.71350,2012.11267,1.73885892E-05
44,8,1889.50562,2012.11267,2002.52222,1.73885892E-05
44,9,1889.50562,2002.52222,1992.94580,1.73885892E-05
44,10,1889.50562,1992.94580,1983.38696,1.73885892E-05
44,11,1889.50562,1983.38696,1973.84937,1.73885892E-05
44,12,1889.50562,1973.84937,1964.33679,1.73885892E-05
44,13,1889.50562,1964.33679,1954.85205,1.73885892E-05
44,14,1889.50562,1954.85205,1945.39868,1.73885892E-05
44,15,1889.50562,1945.39868,1935.97949,1.73885892E-05
44,16,1889.50562,1935.97949,1926.59790,1.73885892E-05
44,17,1889.50562,1926.59790,1917.25659,1.73885892E-05
44,18,1889.50562,1917.25659,1907.95898,1.73885892E-05
44,19,1889.50562,1907.95898,1898.70776,1.73885892E-05
44,20,1889.50562,1898.70776,1889.50562,1.73885892E-05
45,1,1544.94495,1889.50562,1866.83130,8.66862229E-06
45,2,1544.94495,1866.83130,1844.52832,8.66862229E-06
45,3,1544.94495,1844.52832,1822.63867,8.66862229E-06
45,4,1544.94495,1822.63867,1801.20483,8.66862229E-06
45,5,1544.94495,1801.20483,1780.26782,8.66862229E-06
45,6,1544.94495,1780.26782,1759.86743,8.66862229E-06
45,7,1544.94495,1759.86743,1740.04211,8.66862229E-06
45,8,1544.94495,1740.04211,1720.82764,8.66862229E-06
45,9,1544.94495,1720.82764,1702.25684,8.66862229E-06
45,10,1544.94495,1702.25684,1684.35828,8.66862229E-06
45,11,1544.94495,1684.35828,1667.15625,8.66862229E-06
45,12,1544.94495,1667.15625,1650.67004,8.66862229E-06
45,13,1544.94495,1650.67004,1634.91321,8.66862229E-06
45,14,1544.94495,1634.91321,1619.89294,8.66862229E-06
45,15,1544.94495,1619.89294,1605.61084,8.66862229E-06
45,16,1544.94495,1605.61084,1592.06250,8.66862229E-06
45,17,1544.94495,1592.06250,1579.23792,8.66862229E-06
45,18,1544.94495,1579.23792,1567.12280,8.66862229E-06
45,19,1544.94495,1567.12280,1555.69873,8.66862229E-06
45,20,1544.94495,1555.69873,1544.94495,8.66862229E-06
46,1,1500.07739,1544.94495,1542.18921,6.80054145E-05
46,2,1500.07739,1542.18921,1539.49158,6.80054145E-05
46,3,1500.07739,1539.49158,1536.85107,6.80054145E-05
46,4,1500.07739,1536.85107,1534.26685,6.80054145E-05
46,5,1500.07739,1534.26685,1531.73804,6.80054145E-05
46,6,1500.07739,1531.73804,1529.26379,6.80054145E-05
46,7,1500.07739,1529.26379,1526.84363,6.80054145E-05
46,8,1500.07739,1526.84363,1524.47656,6.80054145E-05
46,9,1500.07739,1524.47656,1522.16199,6.80054145E-05
46,10,1500.07739,1522.16199,1519.89893,6.80054145E-05
46,11,1500.07739,1519.89893,1517.68750,6.80054145E-05
46,12,1500.07739,1517.68750,1515.52722,6.80054145E-05
46,13,1500.07739,1515.52722,1513.41772,6.80054145E-05
46,14,1500.07739,1513.41772,1511.35876,6.80054145E-05
46,15,1500.07739,1511.35876,1509.35022,6.80054145E-05
46,16,1500.07739,1509.35022,1507.39233,6.80054145E-05
46,17,1500.07739,1507.39233,1505.48560,6.80054145E-05
46,18,1500.07739,1505.48560,1503.63037,6.80054145E-05
46,19,1500.07739,1503.63037,1501.82739,6.80054145E-05
46,20,1500.07739,1501.82739,1500.07739,6.80054145E-05
47,1,1510.36377,1507.63098,1507.71741,1.87380192E-05
47,2,1510.36377,1507.71741,1507.77905,1.87380192E-05
47,3,1510.36377,1507.77905,1507.93933,1.87380192E-05
47,4,1510.36377,1507.93933,1508.03687,1.87380192E-05
47,5,1510.36377,1508.03687,1508.13416,1.87380192E-05
47,6,1510.36377,1508.13416,1508.43372,1.87380192E-05
47,7,1510.36377,1508.43372,1508.70117,1.87380192E-05
47,8,1510.36377,1508.70117,1508.85608,1.87380192E-05
47,9,1510.36377,1508.85608,1508.83435,1.87380192E-05
47,10,1510.36377,1508.83435,1508.97559,1.87380192E-05
47,11,1510.36377,1508.97559,1509.08191,1.87380192E-05
47,12,1510.36377,1509.08191,1509.39771,1.87380192E-05
47,13,1510.36377,1509.39771,1509.48022,1.87380192E-05
47,14,1510.36377,1509.48022,1509.39075,1.87380192E-05
47,15,1510.36377,1509.39075,1509.07739,1.87380192E-05
47,16,1510.36377,1509.07739,1508.95215,1.87380192E-05
47,17,1510.36377,1508.95215,1509.34998,1.87380192E-05
47,18,1510.36377,1509.34998,1509.82715,1.87380192E-05
47,19,1510.36377,1509.82715,1510.22180,1.87380192E-05
47,20,1510.36377,1510.22180,1510.36377,1.87380192E-05
48,1,1518.46582,1510.36377,1510.49902,3.03844954E-05
48,2,1518.46582,1510.49902,1511.04846,3.03844954E-05
48,3,1518.46582,1511.04846,1511.41296,3.03844954E-05
48,4,1518.46582,1511.41296,1511.76831,3.03844954E-05
48,5,1518.46582,1511.76831,1512.44617,3.03844954E-05
48,6,1518.46582,1512.44617,1513.08826,3.03844954E-05
48,7,1518.46582,1513.08826,1513.49390,3.03844954E-05
48,8,1518.46582,1513.49390,1513.91711,3.03844954E-05
48,9,1518.46582,1513.91711,1514.72974,3.03844954E-05
48,10,1518.46582,1514.72974,1515.00378,3.03844954E-05
48,11,1518.46582,1515.00378,1515.27954,3.03844954E-05
48,12,1518.46582,1515.27954,1515.43750,3.03844954E-05
48,13,1518.46582,1515.43750,1515.51831,3.03844954E-05
48,14,1518.46582,1515.51831,1515.37378,3.03844954E-05
48,15,1518.46582,1515.37378,1515.81311,3.03844954E-05
48,16,1518.46582,1515.81311,1516.82385,3.03844954E-05
48,17,1518.46582,1516.82385,1517.62280,3.03844954E-05
48,18,1518.46582,1517.62280,1517.94568,3.03844954E-05
48,19,1518.46582,1517.94568,1517.97241,3.03844954E-05
48,20,1518.46582,1517.97241,1518.46582,3.03844954E-05
49,1,1518.39001,1518.46582,1518.61487,1.49847233E-06
49,2,1518.39001,1518.61487,1518.78174,1.49847233E-06
49,3,1518.39001,1518.78174,1518.85901,1.49847233E-06
49,4,1518.39001,1518.85901,1518.81091,1.49847233E-06
49,5,1518.39001,1518.81091,1519.11511,1.49847233E-06
49,6,1518.39001,1519.11511,1519.38123,1.49847233E-06
49,7,1518.39001,1519.38123,1519.56592,1.49847233E-06
49,8,1518.39001,1519.56592,1519.37146,1.49847233E-06
49,9,1518.39001,1519.37146,1519.19446,1.49847233E-06
49,10,1518.39001,1519.19446,1519.30530,1.49847233E-06
49,11,1518.39001,1519.30530,1519.17639,1.49847233E-06
49,12,1518.39001,1519.17639,1519.11121,1.49847233E-06
49,13,1518.39001,1519.11121,1519.19043,1.49847233E-06
49,14,1518.39001,1519.19043,1518.98291,1.49847233E-06
49,15,1518.39001,1518.98291,1518.60559,1.49847233E-06
49,16,1518.39001,1518.60559,1518.40320,1.49847233E-06
49,17,1518.39001,1518.40320,1518.72070,1.49847233E-06
49,18,1518.39001,1518.72070,1518.76135,1.49847233E-06
49,19,1518.39001,1518.76135,1518.60181,1.49847233E-06
49,20,1518.39001,1518.60181,1518.39001,1.49847233E-06
50,1,1551.72595,1548.46851,1549.29736,1.61342341E-05
50,2,1551.72595,1549.29736,1548.31152,1.61342341E-05
50,3,1551.72595,1548.31152,1547.75549,1.61342341E-05
50,4,1551.72595,1547.75549,1548.38098,1.61342341E-05
50,5,1551.72595,1548.38098,1549.71057,1.61342341E-05
50,6,1551.72595,1549.71057,1549.48901,1.61342341E-05
50,7,1551.72595,1549.48901,1548.78442,1.61342341E-05
50,8,1551.72595,1548.78442,1547.74634,1.61342341E-05
50,9,1551.72595,1547.74634,1548.34680,1.61342341E-05
50,10,1551.72595,1548.34680,1547.40955,1.61342341E-05
50,11,1551.72595,1547.40955,1548.62817,1.61342341E-05
50,12,1551.72595,1548.62817,1548.32739,1.61342341E-05
50,13,1551.72595,1548.32739,1550.01038,1.61342341E-05
50,14,1551.72595,1550.01038,1550.12122,1.61342341E-05
50,15,1551.72595,1550.12122,1549.99353,1.61342341E-05
50,16,1551.72595,1549.99353,1550.16809,1.61342341E-05
50,17,1551.72595,1550.16809,1550.55884,1.61342341E-05
50,18,1551.72595,1550.55884,1551.95581,1.61342341E-05
50,19,1551.72595,1551.95581,1553.11865,1.61342341E-05
50,20,1551.72595,1553.11865,1551.72595,1.61342341E-05
51,1,1555.08118,1551.72595,1550.70947,2.87182388E-06
51,2,1555.08118,1550.70947,1549.97375,2.87182388E-06
51,3,1555.08118,1549.97375,1549.42493,2.87182388E-06
51,4,1555.08118,1549.42493,1549.95483,2.87182388E-06
51,5,1555.08118,1549.95483,1549.65857,2.87182388E-06
51,6,1555.08118,1549.65857,1550.65234,2.87182388E-06
51,7,1555.08118,1550.65234,1550.53259,2.87182388E-06
51,8,1555.08118,1550.53259,1551.54700,2.87182388E-06
51,9,1555.08118,1551.54700,1552.72266,2.87182388E-06
51,10,1555.08118,1552.72266,1553.31360,2.87182388E-06
51,11,1555.08118,1553.31360,1554.47449,2.87182388E-06
51,12,1555.08118,1554.47449,1553.80737,2.87182388E-06
51,13,1555.08118,1553.80737,1553.72815,2.87182388E-06
51,14,1555.08118,1553.72815,1552.54041,2.87182388E-06
51,15,1555.08118,1552.54041,1551.54102,2.87182388E-06
51,16,1555.08118,1551.54102,1550.94861,2.87182388E-06
51,17,1555.08118,1550.94861,1551.58081,2.87182388E-06
51,18,1555.08118,1551.58081,1553.23816,2.87182388E-06
51,19,1555.08118,1553.23816,1555.09399,2.87182388E-06
51,20,1555.08118,1555.09399,1555.08118,2.87182388E-06
52,1,1577.05945,1574.26416,1572.79822,1.29139255E-06
52,2,1577.05945,1572.79822,1570.63354,1.29139255E-06
52,3,1577.05945,1570.63354,1568.52405,1.29139255E-06
52,4,1577.05945,1568.52405,1567.23914,1.29139255E-06
52,5,1577.05945,1567.23914,1566.53259,1.29139255E-06
52,6,1577.05945,1566.53259,1566.43164,1.29139255E-06
52,7,1577.05945,1566.43164,1567.12488,1.29139255E-06
52,8,1577.05945,1567.12488,1568.42993,1.29139255E-06
52,9,1577.05945,1568.42993,1568.66821,1.29139255E-06
52,10,1577.05945,1568.66821,1568.55920,1.29139255E-06
52,11,1577.05945,1568.55920,1569.47546,1.29139255E-06
52,12,1577.05945,1569.47546,1570.90002,1.29139255E-06
52,13,1577.05945,1570.90002,1571.95483,1.29139255E-06
52,14,1577.05945,1571.95483,1575.91565,1.29139255E-06
52,15,1577.05945,1575.91565,1574.42773,1.29139255E-06
52,16,1577.05945,1574.42773,1575.32031,1.29139255E-06
52,17,1577.05945,1575.32031,1575.13525,1.29139255E-06
52,18,1577.05945,1575.13525,1573.98181,1.29139255E-06
52,19,1577.05945,1573.98181,1574.93616,1.29139255E-06
52,20,1577.05945,1574.93616,1577.05945,1.29139255E-06
53,1,1578.43127,1577.05945,1576.72437,5.54513135E-05
53,2,1578.43127,1576.72437,1577.93616,5.54513135E-05
53,3,1578.43127,1577.93616,1576.66577,5.54513135E-05
53,4,1578.43127,1576.66577,1576.56689,5.54513135E-05
53,5,1578.43127,1576.56689,1576.77954,5.54513135E-05
53,6,1578.43127,1576.77954,1577.28723,5.54513135E-05
53,7,1578.43127,1577.28723,1577.84937,5.54513135E-05
53,8,1578.43127,1577.84937,1577.68494,5.54513135E-05
53,9,1578.43127,1577.68494,1577.12817,5.54513135E-05
53,10,1578.43127,1577.12817,1577.11060,5.54513135E-05
53,11,1578.43127,1577.11060,1576.51221,5.54513135E-05
53,12,1578.43127,1576.51221,1577.03979,5.54513135E-05
53,13,1578.43127,1577.03979,1577.70459,5.54513135E-05
53,14,1578.43127,1577.70459,1578.26465,5.54513135E-05
53,15,1578.43127,1578.26465,1578.70667,5.54513135E-05
53,16,1578.43127,1578.70667,1578.55945,5.54513135E-05
53,17,1578.43127,1578.55945,1577.87427,5.54513135E-05
53,18,1578.43127,1577.87427,1577.74951,5.54513135E-05
53,19,1578.43127,1577.74951,1578.04199,5.54513135E-05
53,20,1578.43127,1578.04199,1578.43127,5.54513135E-05
54,1,1567.42212,1578.43127,1578.27625,1.42348972E-06
54,2,1567.42212,1578.27625,1576.97156,1.42348972E-06
54,3,1567.42212,1576.97156,1575.22302,1.42348972E-06
54,4,1567.42212,1575.22302,1574.18921,1.42348972E-06
54,5,1567.42212,1574.18921,1573.41577,1.42348972E-06
54,6,1567.42212,1573.41577,1571.47766,1.42348972E-06
54,7,1567.42212,1571.47766,1571.20068,1.42348972E-06
54,8,1567.42212,1571.20068,1572.89734,1.42348972E-06
54,9,1567.42212,1572.89734,1573.60217,1.42348972E-06
54,10,1567.42212,1573.60217,1572.97070,1.42348972E-06
54,11,1567.42212,1572.97070,1571.01794,1.42348972E-06
54,12,1567.42212,1571.01794,1569.62842,1.42348972E-06
54,13,1567.42212,1569.62842,1568.15918,1.42348972E-06
54,14,1567.42212,1568.15918,1568.04346,1.42348972E-06
54,15,1567.42212,1568.04346,1567.88135,1.42348972E-06
54,16,1567.42212,1567.88135,1568.49963,1.42348972E-06
54,17,1567.42212,1568.49963,1568.13513,1.42348972E-06
54,18,1567.42212,1568.13513,1567.52185,1.42348972E-06
54,19,1567.42212,1567.52185,1566.25049,1.42348972E-06
54,20,1567.42212,1566.25049,1567.42212,1.42348972E-06
55,1,1570.15430,1567.42212,1567.34912,6.30281193E-06
55,2,1570.15430,1567.34912,1567.79858,6.30281193E-06
55,3,1570.15430,1567.79858,1568.36963,6.30281193E-06
55,4,1570.15430,1568.36963,1570.23755,6.30281193E-06
55,5,1570.15430,1570.23755,1570.46301,6.30281193E-06
55,6,1570.15430,1570.46301,1570.51257,6.30281193E-06
55,7,1570.15430,1570.51257,1569.57764,6.30281193E-06
55,8,1570.15430,1569.57764,1569.99634,6.30281193E-06
55,9,1570.15430,1569.99634,1570.38745,6.30281193E-06
55,10,1570.15430,1570.38745,1572.37317,6.30281193E-06
55,11,1570.15430,1572.37317,1573.19946,6.30281193E-06
55,12,1570.15430,1573.19946,1575.30505,6.30281193E-06
55,13,1570.15430,1575.30505,1576.41687,6.30281193E-06
55,14,1570.15430,1576.41687,1576.69312,6.30281193E-06
55,15,1570.15430,1576.69312,1576.00977,6.30281193E-06
55,16,1570.15430,1576.00977,1574.77991,6.30281193E-06
55,17,1570.15430,1574.77991,1573.73608,6.30281193E-06
55,18,1570.15430,1573.73608,1572.08008,6.30281193E-06
55,19,1570.15430,1572.08008,1570.39575,6.30281193E-06
55,20,1570.15430,1570.39575,1570.15430,6.30281193E-06
56,1,1574.36206,1570.15430,1570.07739,2.56777912E-06
56,2,1574.36206,1570.07739,1570.25049,2.56777912E-06
56,3,1574.36206,1570.25049,1569.94849,2.56777912E-06
56,4,1574.36206,1569.94849,1571.09790,2.56777912E-06
56,5,1574.36206,1571.09790,1572.18896,2.56777912E-06
56,6,1574.36206,1572.18896,1573.18176,2.56777912E-06
56,7,1574.36206,1573.18176,1573.85034,2.56777912E-06
56,8,1574.36206,1573.85034,1575.53223,2.56777912E-06
56,9,1574.36206,1575.53223,1578.45312,2.56777912E-06
56,10,1574.36206,1578.45312,1582.43457,2.56777912E-06
56,11,1574.36206,1582.43457,1583.25842,2.56777912E-06
56,12,1574.36206,1583.25842,1583.89185,2.56777912E-06
56,13,1574.36206,1583.89185,1584.33569,2.56777912E-06
56,14,1574.36206,1584.33569,1584.53479,2.56777912E-06
56,15,1574.36206,1584.53479,1581.45667,2.56777912E-06
56,16,1574.36206,1581.45667,1577.41125,2.56777912E-06
56,17,1574.36206,1577.41125,1575.29529,2.56777912E-06
56,18,1574.36206,1575.29529,1575.79187,2.56777912E-06
56,19,1574.36206,1575.79187,1575.04150,2.56777912E-06
56,20,1574.36206,1575.04150,1574.36206,2.56777912E-06
57,1,1578.64539,1579.20667,1580.72339,1.71895624E-06
57,2,1578.64539,1580.72339,1582.98560,1.71895624E-06
57,3,1578.64539,1582.98560,1581.52124,1.71895624E-06
57,4,1578.64539,1581.52124,1576.90503,1.71895624E-06
57,5,1578.64539,1576.90503,1576.44556,1.71895624E-06
57,6,1578.64539,1576.44556,1577.73230,1.71895624E-06
57,7,1578.64539,1577.73230,1577.12183,1.71895624E-06
57,8,1578.64539,1577.12183,1573.83472,1.71895624E-06
57,9,1578.64539,1573.83472,1571.09192,1.71895624E-06
57,10,1578.64539,1571.09192,1572.62744,1.71895624E-06
57,11,1578.64539,1572.62744,1575.53491,1.71895624E-06
57,12,1578.64539,1575.53491,1575.66809,1.71895624E-06
57,13,1578.64539,1575.66809,1575.18677,1.71895624E-06
57,14,1578.64539,1575.18677,1577.05505,1.71895624E-06
57,15,1578.64539,1577.05505,1579.02344,1.71895624E-06
57,16,1578.64539,1579.02344,1579.06616,1.71895624E-06
57,17,1578.64539,1579.06616,1578.93958,1.71895624E-06
57,18,1578.64539,1578.93958,1577.24207,1.71895624E-06
57,19,1578.64539,1577.24207,1577.56982,1.71895624E-06
57,20,1578.64539,1577.56982,1578.64539,1.71895624E-06
58,1,1581.10132,1578.64539,1581.70544,8.51381992E-06
58,2,1581.10132,1581.70544,1578.29480,8.51381992E-06
58,3,1581.10132,1578.29480,1572.59790,8.51381992E-06
58,4,1581.10132,1572.59790,1574.79529,8.51381992E-06
58,5,1581.10132,1574.79529,1581.49719,8.51381992E-06
58,6,1581.10132,1581.49719,1579.53455,8.51381992E-06
58,7,1581.10132,1579.53455,1577.11108,8.51381992E-06
58,8,1581.10132,1577.11108,1583.69226,8.51381992E-06
58,9,1581.10132,1583.69226,1582.88574,8.51381992E-06
58,10,1581.10132,1582.88574,1576.72424,8.51381992E-06
58,11,1581.10132,1576.72424,1577.88965,8.51381992E-06
58,12,1581.10132,1577.88965,1581.12390,8.51381992E-06
58,13,1581.10132,1581.12390,1589.61670,8.51381992E-06
58,14,1581.10132,1589.61670,1587.36841,8.51381992E-06
58,15,1581.10132,1587.36841,1576.25562,8.51381992E-06
58,16,1581.10132,1576.25562,1569.07556,8.51381992E-06
58,17,1581.10132,1569.07556,1578.31360,8.51381992E-06
58,18,1581.10132,1578.31360,1586.17651,8.51381992E-06
58,19,1581.10132,1586.17651,1580.09387,8.51381992E-06
58,20,1581.10132,1580.09387,1581.10132,8.51381992E-06
