i,k,old_q,old_q_ch_in,old_q_ch_out,qlat_ch_old
1,1,30.7590122,0.00000000,1.53856874,3.54195545E-05
1,2,30.7590122,1.53856874,3.07579422,3.54195545E-05
1,3,30.7590122,3.07579422,4.62084770,3.54195545E-05
1,4,30.7590122,4.62084770,6.14266109,3.54195545E-05
1,5,30.7590122,6.14266109,7.69587660,3.54195545E-05
1,6,30.7590122,7.69587660,9.25458717,3.54195545E-05
1,7,30.7590122,9.25458717,10.7453423,3.54195545E-05
1,8,30.7590122,10.7453423,12.2798615,3.54195545E-05
1,9,30.7590122,12.2798615,13.8742924,3.54195545E-05
1,10,30.7590122,13.8742924,15.4293118,3.54195545E-05
1,11,30.7590122,15.4293118,16.9141026,3.54195545E-05
1,12,30.7590122,16.9141026,18.4031410,3.54195545E-05
1,13,30.7590122,18.4031410,19.9622669,3.54195545E-05
1,14,30.7590122,19.9622669,21.5697536,3.54195545E-05
1,15,30.7590122,21.5697536,23.1513195,3.54195545E-05
1,16,30.7590122,23.1513195,24.6622620,3.54195545E-05
1,17,30.7590122,24.6622620,26.1263866,3.54195545E-05
1,18,30.7590122,26.1263866,27.6075249,3.54195545E-05
1,19,30.7590122,27.6075249,29.1530437,3.54195545E-05
1,20,30.7590122,29.1530437,30.7590122,3.54195545E-05
2,1,7.73379087,0.00000000,0.389825910,1.56441947E-05
2,2,7.73379087,0.389825910,0.774547398,1.56441947E-05
2,3,7.73379087,0.774547398,1.15867352,1.56441947E-05
2,4,7.73379087,1.15867352,1.55335641,1.56441947E-05
2,5,7.73379087,1.55335641,1.94994903,1.56441947E-05
2,6,7.73379087,1.94994903,2.33858156,1.56441947E-05
2,7,7.73379087,2.33858156,2.71834278,1.56441947E-05
2,8,7.73379087,2.71834278,3.09553909,1.56441947E-05
2,9,7.73379087,3.09553909,3.47755909,1.56441947E-05
2,10,7.73379087,3.47755909,3.86818290,1.56441947E-05
2,11,7.73379087,3.86818290,4.26627016,1.56441947E-05
2,12,7.73379087,4.26627016,4.66719818,1.56441947E-05
2,13,7.73379087,4.66719818,5.06545591,1.56441947E-05
2,14,7.73379087,5.06545591,5.45699358,1.56441947E-05
2,15,7.73379087,5.45699358,5.84050560,1.56441947E-05
2,16,7.73379087,5.84050560,6.21750689,1.56441947E-05
2,17,7.73379087,6.21750689,6.59150362,1.56441947E-05
2,18,7.73379087,6.59150362,6.96669817,1.56441947E-05
2,19,7.73379087,6.96669817,7.34673405,1.56441947E-05
2,20,7.73379087,7.34673405,7.73379087,1.56441947E-05
3,1,5.05688906,0.00000000,0.252789319,3.77901824E-06
3,2,5.05688906,0.252789319,0.505578637,3.77901824E-06
3,3,5.05688906,0.505578637,0.758368015,3.77901824E-06
3,4,5.05688906,0.758368015,1.01115727,3.77901824E-06
3,5,5.05688906,1.01115727,1.26394665,3.77901824E-06
3,6,5.05688906,1.26394665,1.51673579,3.77901824E-06
3,7,5.05688906,1.51673579,1.76952624,3.77901824E-06
3,8,5.05688906,1.76952624,2.02230620,3.77901824E-06
3,9,5.05688906,2.02230620,2.27514935,3.77901824E-06
3,10,5.05688906,2.27514935,2.52770042,3.77901824E-06
3,11,5.05688906,2.52770042,2.78132820,3.77901824E-06
3,12,5.05688906,2.78132820,3.03183460,3.77901824E-06
3,13,5.05688906,3.03183460,3.28917789,3.77901824E-06
3,14,5.05688906,3.28917789,3.53620338,3.77901824E-06
3,15,5.05688906,3.53620338,3.79077768,3.77901824E-06
3,16,5.05688906,3.79077768,4.05232620,3.77901824E-06
3,17,5.05688906,4.05232620,4.28913689,3.77901824E-06
3,18,5.05688906,4.28913689,4.54651260,3.77901824E-06
3,19,5.05688906,4.54651260,4.81617689,3.77901824E-06
3,20,5.05688906,4.81617689,5.05688906,3.77901824E-06
4,1,31.1366501,0.00000000,1.56192863,2.54538136E-05
4,2,31.1366501,1.56192863,3.10961628,2.54538136E-05
4,3,31.1366501,3.10961628,4.68208981,2.54538136E-05
4,4,31.1366501,4.68208981,6.26415443,2.54538136E-05
4,5,31.1366501,6.26415443,7.79200172,2.54538136E-05
4,6,31.1366501,7.79200172,9.31847191,2.54538136E-05
4,7,31.1366501,9.31847191,10.8952770,2.54538136E-05
4,8,31.1366501,10.8952770,12.5041618,2.54538136E-05
4,9,31.1366501,12.5041618,14.0928535,2.54538136E-05
4,10,31.1366501,14.0928535,15.6326809,2.54538136E-05
4,11,31.1366501,15.6326809,17.1388340,2.54538136E-05
4,12,31.1366501,17.1388340,18.6511135,2.54538136E-05
4,13,31.1366501,18.6511135,20.2023735,2.54538136E-05
4,14,31.1366501,20.2023735,21.7986603,2.54538136E-05
4,15,31.1366501,21.7986603,23.4194050,2.54538136E-05
4,16,31.1366501,23.4194050,25.0320129,2.54538136E-05
4,17,31.1366501,25.0320129,26.6097775,2.54538136E-05
4,18,31.1366501,26.6097775,28.1437397,2.54538136E-05
4,19,31.1366501,28.1437397,29.6446991,2.54538136E-05
4,20,31.1366501,29.6446991,31.1366501,2.54538136E-05
5,1,3.55460763,0.00000000,0.177518368,3.02336889E-06
5,2,3.55460763,0.177518368,0.355031133,3.02336889E-06
5,3,3.55460763,0.355031133,0.532602429,3.02336889E-06
5,4,3.55460763,0.532602429,0.709818065,3.02336889E-06
5,5,3.55460763,0.709818065,0.888401270,3.02336889E-06
5,6,3.55460763,0.888401270,1.06367028,3.02336889E-06
5,7,3.55460763,1.06367028,1.24334693,3.02336889E-06
5,8,3.55460763,1.24334693,1.42242289,3.02336889E-06
5,9,3.55460763,1.42242289,1.59366679,3.02336889E-06
5,10,3.55460763,1.59366679,1.77462769,3.02336889E-06
5,11,3.55460763,1.77462769,1.95812321,3.02336889E-06
5,12,3.55460763,1.95812321,2.13064790,3.02336889E-06
5,13,3.55460763,2.13064790,2.30124474,3.02336889E-06
5,14,3.55460763,2.30124474,2.48252726,3.02336889E-06
5,15,3.55460763,2.48252726,2.66897678,3.02336889E-06
5,16,3.55460763,2.66897678,2.84723735,3.02336889E-06
5,17,3.55460763,2.84723735,3.01581669,3.02336889E-06
5,18,3.55460763,3.01581669,3.18588066,3.02336889E-06
5,19,3.55460763,3.18588066,3.36650109,3.02336889E-06
5,20,3.55460763,3.36650109,3.55460763,3.02336889E-06
6,1,5.15889454,0.00000000,0.258324802,1.70531348E-05
6,2,5.15889454,0.258324802,0.514090955,1.70531348E-05
6,3,5.15889454,0.514090955,0.773728728,1.70531348E-05
6,4,5.15889454,0.773728728,1.03605795,1.70531348E-05
6,5,5.15889454,1.03605795,1.28975105,1.70531348E-05
6,6,5.15889454,1.28975105,1.54112971,1.70531348E-05
6,7,5.15889454,1.54112971,1.79956532,1.70531348E-05
6,8,5.15889454,1.79956532,2.06488419,1.70531348E-05
6,9,5.15889454,2.06488419,2.32969499,1.70531348E-05
6,10,5.15889454,2.32969499,2.58768010,1.70531348E-05
6,11,5.15889454,2.58768010,2.83854556,1.70531348E-05
6,12,5.15889454,2.83854556,3.08718586,1.70531348E-05
6,13,5.15889454,3.08718586,3.33962727,1.70531348E-05
6,14,5.15889454,3.33962727,3.59920979,1.70531348E-05
6,15,5.15889454,3.59920979,3.86510396,1.70531348E-05
6,16,5.15889454,3.86510396,4.13328981,1.70531348E-05
6,17,5.15889454,4.13328981,4.39887047,1.70531348E-05
6,18,5.15889454,4.39887047,4.65837526,1.70531348E-05
6,19,5.15889454,4.65837526,4.91105270,1.70531348E-05
6,20,5.15889454,4.91105270,5.15889454,1.70531348E-05
7,1,0.631389380,0.00000000,3.14790234E-02,2.39151245E-06
7,2,0.631389380,3.14790234E-02,6.28297403E-02,2.39151245E-06
7,3,0.631389380,6.28297403E-02,9.46167186E-02,2.39151245E-06
7,4,0.631389380,9.46167186E-02,0.125885367,2.39151245E-06
7,5,0.631389380,0.125885367,0.156753927,2.39151245E-06
7,6,0.631389380,0.156753927,0.188908547,2.39151245E-06
7,7,0.631389380,0.188908547,0.221071601,2.39151245E-06
7,8,0.631389380,0.221071601,0.251977801,2.39151245E-06
7,9,0.631389380,0.251977801,0.282370389,2.39151245E-06
7,10,0.631389380,0.282370389,0.313636184,2.39151245E-06
7,11,0.631389380,0.313636184,0.346052617,2.39151245E-06
7,12,0.631389380,0.346052617,0.378671467,2.39151245E-06
7,13,0.631389380,0.378671467,0.410408169,2.39151245E-06
7,14,0.631389380,0.410408169,0.441003174,2.39151245E-06
7,15,0.631389380,0.441003174,0.471117914,2.39151245E-06
7,16,0.631389380,0.471117914,0.501731992,2.39151245E-06
7,17,0.631389380,0.501731992,0.533435464,2.39151245E-06
7,18,0.631389380,0.533435464,0.566096187,2.39151245E-06
7,19,0.631389380,0.566096187,0.599018097,2.39151245E-06
7,20,0.631389380,0.599018097,0.631389380,2.39151245E-06
8,1,0.981733978,0.00000000,4.91514280E-02,6.54923906E-06
8,2,0.981733978,4.91514280E-02,9.78128910E-02,6.54923906E-06
8,3,0.981733978,9.78128910E-02,0.147206619,6.54923906E-06
8,4,0.981733978,0.147206619,0.197129637,6.54923906E-06
8,5,0.981733978,0.197129637,0.245417595,6.54923906E-06
8,6,0.981733978,0.245417595,0.293234169,6.54923906E-06
8,7,0.981733978,0.293234169,0.342368901,6.54923906E-06
8,8,0.981733978,0.342368901,0.392831624,6.54923906E-06
8,9,0.981733978,0.392831624,0.443242013,6.54923906E-06
8,10,0.981733978,0.443242013,0.492381573,6.54923906E-06
8,11,0.981733978,0.492381573,0.540151775,6.54923906E-06
8,12,0.981733978,0.540151775,0.587452471,6.54923906E-06
8,13,0.981733978,0.587452471,0.635428309,6.54923906E-06
8,14,0.981733978,0.635428309,0.684744298,6.54923906E-06
8,15,0.981733978,0.684744298,0.735284030,6.54923906E-06
8,16,0.981733978,0.735284030,0.786311626,6.54923906E-06
8,17,0.981733978,0.786311626,0.836899757,6.54923906E-06
8,18,0.981733978,0.836899757,0.886365712,6.54923906E-06
8,19,0.981733978,0.886365712,0.934529901,6.54923906E-06
8,20,0.981733978,0.934529901,0.981733978,6.54923906E-06
9,1,0.877739727,0.00000000,4.41373140E-02,6.81017309E-06
9,2,0.877739727,4.41373140E-02,8.77486765E-02,6.81017309E-06
9,3,0.877739727,8.77486765E-02,0.130918324,6.81017309E-06
9,4,0.877739727,0.130918324,0.175018132,6.81017309E-06
9,5,0.877739727,0.175018132,0.219907030,6.81017309E-06
9,6,0.877739727,0.219907030,0.264678746,6.81017309E-06
9,7,0.877739727,0.264678746,0.308646560,6.81017309E-06
9,8,0.877739727,0.308646560,0.351737976,6.81017309E-06
9,9,0.877739727,0.351737976,0.394380867,6.81017309E-06
9,10,0.877739727,0.394380867,0.437180996,6.81017309E-06
9,11,0.877739727,0.437180996,0.480618954,6.81017309E-06
9,12,0.877739727,0.480618954,0.524882674,6.81017309E-06
9,13,0.877739727,0.524882674,0.569848955,6.81017309E-06
9,14,0.877739727,0.569848955,0.615172386,6.81017309E-06
9,15,0.877739727,0.615172386,0.660422862,6.81017309E-06
9,16,0.877739727,0.660422862,0.705217719,6.81017309E-06
9,17,0.877739727,0.705217719,0.749318063,6.81017309E-06
9,18,0.877739727,0.749318063,0.792668879,6.81017309E-06
9,19,0.877739727,0.792668879,0.835391462,6.81017309E-06
9,20,0.877739727,0.835391462,0.877739727,6.81017309E-06
10,1,0.287351251,0.00000000,1.44309523E-02,2.94188203E-06
10,2,0.287351251,1.44309523E-02,2.86968350E-02,2.94188203E-06
10,3,0.287351251,2.86968350E-02,4.27955985E-02,2.94188203E-06
10,4,0.287351251,4.27955985E-02,5.71679287E-02,2.94188203E-06
10,5,0.287351251,5.71679287E-02,7.18183964E-02,2.94188203E-06
10,6,0.287351251,7.18183964E-02,8.64859372E-02,2.94188203E-06
10,7,0.287351251,8.64859372E-02,0.100934044,2.94188203E-06
10,8,0.287351251,0.100934044,0.115093887,2.94188203E-06
10,9,0.287351251,0.115093887,0.129059553,2.94188203E-06
10,10,0.287351251,0.129059553,0.143007100,2.94188203E-06
10,11,0.287351251,0.143007100,0.157103643,2.94188203E-06
10,12,0.287351251,0.157103643,0.171445861,2.94188203E-06
10,13,0.287351251,0.171445861,0.186038077,2.94188203E-06
10,14,0.287351251,0.186038077,0.200805902,2.94188203E-06
10,15,0.287351251,0.200805902,0.215628609,2.94188203E-06
10,16,0.287351251,0.215628609,0.230378747,2.94188203E-06
10,17,0.287351251,0.230378747,0.244954437,2.94188203E-06
10,18,0.287351251,0.244954437,0.259300888,2.94188203E-06
10,19,0.287351251,0.259300888,0.273417354,2.94188203E-06
10,20,0.287351251,0.273417354,0.287351251,2.94188203E-06
11,1,3.48406839,0.00000000,0.173746005,2.96020812E-06
11,2,3.48406839,0.173746005,0.346746206,2.96020812E-06
11,3,3.48406839,0.346746206,0.522213697,2.96020812E-06
11,4,3.48406839,0.522213697,0.694931686,2.96020812E-06
11,5,3.48406839,0.694931686,0.865103424,2.96020812E-06
11,6,3.48406839,0.865103424,1.04228258,2.96020812E-06
11,7,3.48406839,1.04228258,1.22015154,2.96020812E-06
11,8,3.48406839,1.22015154,1.39129734,2.96020812E-06
11,9,3.48406839,1.39129734,1.55892658,2.96020812E-06
11,10,3.48406839,1.55892658,1.73067987,2.96020812E-06
11,11,3.48406839,1.73067987,1.90895987,2.96020812E-06
11,12,3.48406839,1.90895987,2.08927250,2.96020812E-06
11,13,3.48406839,2.08927250,2.26549196,2.96020812E-06
11,14,3.48406839,2.26549196,2.43532896,2.96020812E-06
11,15,3.48406839,2.43532896,2.60161734,2.96020812E-06
11,16,3.48406839,2.60161734,2.76960850,2.96020812E-06
11,17,3.48406839,2.76960850,2.94314432,2.96020812E-06
11,18,3.48406839,2.94314432,3.12240362,2.96020812E-06
11,19,3.48406839,3.12240362,3.30419445,2.96020812E-06
11,20,3.48406839,3.30419445,3.48406839,2.96020812E-06
12,1,1.28700495,0.00000000,6.46319240E-02,1.56070462E-06
12,2,1.28700495,6.46319240E-02,0.128794283,1.56070462E-06
12,3,1.28700495,0.128794283,0.194027126,1.56070462E-06
12,4,1.28700495,0.194027126,0.259035736,1.56070462E-06
12,5,1.28700495,0.259035736,0.321947008,1.56070462E-06
12,6,1.28700495,0.321947008,0.386055440,1.56070462E-06
12,7,1.28700495,0.386055440,0.452346057,1.56070462E-06
12,8,1.28700495,0.452346057,0.518516004,1.56070462E-06
12,9,1.28700495,0.518516004,0.582579851,1.56070462E-06
12,10,1.28700495,0.582579851,0.644974709,1.56070462E-06
12,11,1.28700495,0.644974709,0.707700074,1.56070462E-06
12,12,1.28700495,0.707700074,0.772336483,1.56070462E-06
12,13,1.28700495,0.772336483,0.838879049,1.56070462E-06
12,14,1.28700495,0.838879049,0.905975401,1.56070462E-06
12,15,1.28700495,0.905975401,0.971991479,1.56070462E-06
12,16,1.28700495,0.971991479,1.03603625,1.56070462E-06
12,17,1.28700495,1.03603625,1.09837115,1.56070462E-06
12,18,1.28700495,1.09837115,1.16013908,1.56070462E-06
12,19,1.28700495,1.16013908,1.22270572,1.56070462E-06
12,20,1.28700495,1.22270572,1.28700495,1.56070462E-06
13,1,11.4940071,0.00000000,0.573837280,7.00101555E-06
13,2,11.4940071,0.573837280,1.14488959,7.00101555E-06
13,3,11.4940071,1.14488959,1.72453332,7.00101555E-06
13,4,11.4940071,1.72453332,2.29616785,7.00101555E-06
13,5,11.4940071,2.29616785,2.85673451,7.00101555E-06
13,6,11.4940071,2.85673451,3.43914008,7.00101555E-06
13,7,11.4940071,3.43914008,4.02880383,7.00101555E-06
13,8,11.4940071,4.02880383,4.59898043,7.00101555E-06
13,9,11.4940071,4.59898043,5.15290833,7.00101555E-06
13,10,11.4940071,5.15290833,5.71414661,7.00101555E-06
13,11,11.4940071,5.71414661,6.29662752,7.00101555E-06
13,12,11.4940071,6.29662752,6.89226961,7.00101555E-06
13,13,11.4940071,6.89226961,7.48164463,7.00101555E-06
13,14,11.4940071,7.48164463,8.05159760,7.00101555E-06
13,15,11.4940071,8.05159760,8.60435390,7.00101555E-06
13,16,11.4940071,8.60435390,9.15401268,7.00101555E-06
13,17,11.4940071,9.15401268,9.71594810,7.00101555E-06
13,18,11.4940071,9.71594810,10.2973709,7.00101555E-06
13,19,11.4940071,10.2973709,10.8941021,7.00101555E-06
13,20,11.4940071,10.8941021,11.4940071,7.00101555E-06
14,1,1.82730043,0.00000000,0.241876215,1.78656192E-05
14,2,1.82730043,0.241876215,0.480067462,1.78656192E-05
14,3,1.82730043,0.480067462,0.709565043,1.78656192E-05
14,4,1.82730043,0.709565043,0.924030781,1.78656192E-05
14,5,1.82730043,0.924030781,1.11730230,1.78656192E-05
14,6,1.82730043,1.11730230,1.28480136,1.78656192E-05
14,7,1.82730043,1.28480136,1.42433584,1.78656192E-05
14,8,1.82730043,1.42433584,1.53617549,1.78656192E-05
14,9,1.82730043,1.53617549,1.62257862,1.78656192E-05
14,10,1.82730043,1.62257862,1.68705809,1.78656192E-05
14,11,1.82730043,1.68705809,1.73364520,1.78656192E-05
14,12,1.82730043,1.73364520,1.76630688,1.78656192E-05
14,13,1.82730043,1.76630688,1.78857434,1.78656192E-05
14,14,1.82730043,1.78857434,1.80336654,1.78656192E-05
14,15,1.82730043,1.80336654,1.81295872,1.78656192E-05
14,16,1.82730043,1.81295872,1.81904089,1.78656192E-05
14,17,1.82730043,1.81904089,1.82281768,1.78656192E-05
14,18,1.82730043,1.82281768,1.82511723,1.78656192E-05
14,19,1.82730043,1.82511723,1.82649219,1.78656192E-05
14,20,1.82730043,1.82649219,1.82730043,1.78656192E-05
15,1,6.39315414,5.93462896,5.94868040,1.52963173E-06
15,2,6.39315414,5.94868040,5.96705627,1.52963173E-06
15,3,6.39315414,5.96705627,5.98820210,1.52963173E-06
15,4,6.39315414,5.98820210,6.01408577,1.52963173E-06
15,5,6.39315414,6.01408577,6.04210043,1.52963173E-06
15,6,6.39315414,6.04210043,6.06291819,1.52963173E-06
15,7,6.39315414,6.06291819,6.08175755,1.52963173E-06
15,8,6.39315414,6.08175755,6.10752153,1.52963173E-06
15,9,6.39315414,6.10752153,6.14077997,1.52963173E-06
15,10,6.39315414,6.14077997,6.17563772,1.52963173E-06
15,11,6.39315414,6.17563772,6.20715618,1.52963173E-06
15,12,6.39315414,6.20715618,6.23481846,1.52963173E-06
15,13,6.39315414,6.23481846,6.26074600,1.52963173E-06
15,14,6.39315414,6.26074600,6.28639221,1.52963173E-06
15,15,6.39315414,6.28639221,6.31103849,1.52963173E-06
15,16,6.39315414,6.31103849,6.33273268,1.52963173E-06
15,17,6.39315414,6.33273268,6.35024452,1.52963173E-06
15,18,6.39315414,6.35024452,6.36434174,1.52963173E-06
15,19,6.39315414,6.36434174,6.37761784,1.52963173E-06
15,20,6.39315414,6.37761784,6.39315414,1.52963173E-06
16,1,1.80912173,0.981733978,1.02043891,5.02575085E-06
16,2,1.80912173,1.02043891,1.06059015,5.02575085E-06
16,3,1.80912173,1.06059015,1.10262871,5.02575085E-06
16,4,1.80912173,1.10262871,1.14699960,5.02575085E-06
16,5,1.80912173,1.14699960,1.19231975,5.02575085E-06
16,6,1.80912173,1.19231975,1.23541951,5.02575085E-06
16,7,1.80912173,1.23541951,1.27620268,5.02575085E-06
16,8,1.80912173,1.27620268,1.31589913,5.02575085E-06
16,9,1.80912173,1.31589913,1.35504723,5.02575085E-06
16,10,1.80912173,1.35504723,1.39384413,5.02575085E-06
16,11,1.80912173,1.39384413,1.43308198,5.02575085E-06
16,12,1.80912173,1.43308198,1.47404730,5.02575085E-06
16,13,1.80912173,1.47404730,1.51757658,5.02575085E-06
16,14,1.80912173,1.51757658,1.56327868,5.02575085E-06
16,15,1.80912173,1.56327868,1.60958683,5.02575085E-06
16,16,1.80912173,1.60958683,1.65453053,5.02575085E-06
16,17,1.80912173,1.65453053,1.69668794,5.02575085E-06
16,18,1.80912173,1.69668794,1.73578703,5.02575085E-06
16,19,1.80912173,1.73578703,1.77272749,5.02575085E-06
16,20,1.80912173,1.77272749,1.80912173,5.02575085E-06
17,1,10.7169676,1.28700495,1.75930333,8.26720498E-06
17,2,10.7169676,1.75930333,2.22824979,8.26720498E-06
17,3,10.7169676,2.22824979,2.70354915,8.26720498E-06
17,4,10.7169676,2.70354915,3.18386173,8.26720498E-06
17,5,10.7169676,3.18386173,3.64986944,8.26720498E-06
17,6,10.7169676,3.64986944,4.10919666,8.26720498E-06
17,7,10.7169676,4.10919666,4.57717228,8.26720498E-06
17,8,10.7169676,4.57717228,5.05615139,8.26720498E-06
17,9,10.7169676,5.05615139,5.53625536,8.26720498E-06
17,10,10.7169676,5.53625536,6.00709152,8.26720498E-06
17,11,10.7169676,6.00709152,6.46640301,8.26720498E-06
17,12,10.7169676,6.46640301,6.92055178,8.26720498E-06
17,13,10.7169676,6.92055178,7.37919521,8.26720498E-06
17,14,10.7169676,7.37919521,7.84922314,8.26720498E-06
17,15,10.7169676,7.84922314,8.33137798,8.26720498E-06
17,16,10.7169676,8.33137798,8.82061577,8.26720498E-06
17,17,10.7169676,8.82061577,9.30905533,8.26720498E-06
17,18,10.7169676,9.30905533,9.78959560,8.26720498E-06
17,19,10.7169676,9.78959560,10.2586308,8.26720498E-06
17,20,10.7169676,10.2586308,10.7169676,8.26720498E-06
18,1,4.22070265,3.48406839,3.52209759,3.87204909E-06
18,2,4.22070265,3.52209759,3.56003737,3.87204909E-06
18,3,4.22070265,3.56003737,3.59770060,3.87204909E-06
18,4,4.22070265,3.59770060,3.63508105,3.87204909E-06
18,5,4.22070265,3.63508105,3.67224240,3.87204909E-06
18,6,4.22070265,3.67224240,3.70926833,3.87204909E-06
18,7,4.22070265,3.70926833,3.74622869,3.87204909E-06
18,8,4.22070265,3.74622869,3.78316855,3.87204909E-06
18,9,4.22070265,3.78316855,3.82010531,3.87204909E-06
18,10,4.22070265,3.82010531,3.85703087,3.87204909E-06
18,11,4.22070265,3.85703087,3.89392161,3.87204909E-06
18,12,4.22070265,3.89392161,3.93074870,3.87204909E-06
18,13,4.22070265,3.93074870,3.96747828,3.87204909E-06
18,14,4.22070265,3.96747828,4.00408268,3.87204909E-06
18,15,4.22070265,4.00408268,4.04054451,3.87204909E-06
18,16,4.22070265,4.04054451,4.07685041,3.87204909E-06
18,17,4.22070265,4.07685041,4.11300230,3.87204909E-06
18,18,4.22070265,4.11300230,4.14901352,3.87204909E-06
18,19,4.22070265,4.14901352,4.18490219,3.87204909E-06
18,20,4.22070265,4.18490219,4.22070265,3.87204909E-06
19,1,2.55592465,1.80912173,1.84120405,1.18587445E-06
19,2,2.55592465,1.84120405,1.88933420,1.18587445E-06
19,3,2.55592465,1.88933420,1.93582058,1.18587445E-06
19,4,2.55592465,1.93582058,1.96769333,1.18587445E-06
19,5,2.55592465,1.96769333,1.99462867,1.18587445E-06
19,6,2.55592465,1.99462867,2.03082561,1.18587445E-06
19,7,2.55592465,2.03082561,2.07648802,1.18587445E-06
19,8,2.55592465,2.07648802,2.12415934,1.18587445E-06
19,9,2.55592465,2.12415934,2.16136503,1.18587445E-06
19,10,2.55592465,2.16136503,2.19170737,1.18587445E-06
19,11,2.55592465,2.19170737,2.21936202,1.18587445E-06
19,12,2.55592465,2.21936202,2.24937987,1.18587445E-06
19,13,2.55592465,2.24937987,2.29941511,1.18587445E-06
19,14,2.55592465,2.29941511,2.35718250,1.18587445E-06
19,15,2.55592465,2.35718250,2.39973545,1.18587445E-06
19,16,2.55592465,2.39973545,2.42598629,1.18587445E-06
19,17,2.55592465,2.42598629,2.44683790,1.18587445E-06
19,18,2.55592465,2.44683790,2.47023940,1.18587445E-06
19,19,2.55592465,2.47023940,2.50400710,1.18587445E-06
19,20,2.55592465,2.50400710,2.55592465,1.18587445E-06
20,1,6.69298649,6.68050528,6.67983723,3.74815045E-07
20,2,6.69298649,6.67983723,6.67927551,3.74815045E-07
20,3,6.69298649,6.67927551,6.67898369,3.74815045E-07
20,4,6.69298649,6.67898369,6.67894650,3.74815045E-07
20,5,6.69298649,6.67894650,6.67909527,3.74815045E-07
20,6,6.69298649,6.67909527,6.67936325,3.74815045E-07
20,7,6.69298649,6.67936325,6.67969990,3.74815045E-07
20,8,6.69298649,6.67969990,6.68008423,3.74815045E-07
20,9,6.69298649,6.68008423,6.68052387,3.74815045E-07
20,10,6.69298649,6.68052387,6.68103743,3.74815045E-07
20,11,6.69298649,6.68103743,6.68164921,3.74815045E-07
20,12,6.69298649,6.68164921,6.68238783,3.74815045E-07
20,13,6.69298649,6.68238783,6.68327522,3.74815045E-07
20,14,6.69298649,6.68327522,6.68432045,3.74815045E-07
20,15,6.69298649,6.68432045,6.68552160,3.74815045E-07
20,16,6.69298649,6.68552160,6.68686485,3.74815045E-07
20,17,6.69298649,6.68686485,6.68832111,3.74815045E-07
20,18,6.69298649,6.68832111,6.68985367,3.74815045E-07
20,19,6.69298649,6.68985367,6.69142437,3.74815045E-07
20,20,6.69298649,6.69142437,6.69298649,3.74815045E-07
21,1,11.7271156,10.7169676,10.7677097,1.06919588E-05
21,2,11.7271156,10.7677097,10.8184319,1.06919588E-05
21,3,11.7271156,10.8184319,10.8690958,1.06919588E-05
21,4,11.7271156,10.8690958,10.9197006,1.06919588E-05
21,5,11.7271156,10.9197006,10.9702330,1.06919588E-05
21,6,11.7271156,10.9702330,11.0206966,1.06919588E-05
21,7,11.7271156,11.0206966,11.0710983,1.06919588E-05
21,8,11.7271156,11.0710983,11.1214571,1.06919588E-05
21,9,11.7271156,11.1214571,11.1717873,1.06919588E-05
21,10,11.7271156,11.1717873,11.2221031,1.06919588E-05
21,11,11.7271156,11.2221031,11.2724094,1.06919588E-05
21,12,11.7271156,11.2724094,11.3227272,1.06919588E-05
21,13,11.7271156,11.3227272,11.3730803,1.06919588E-05
21,14,11.7271156,11.3730803,11.4234638,1.06919588E-05
21,15,11.7271156,11.4234638,11.4739046,1.06919588E-05
21,16,11.7271156,11.4739046,11.5243998,1.06919588E-05
21,17,11.7271156,11.5243998,11.5749645,1.06919588E-05
21,18,11.7271156,11.5749645,11.6256104,1.06919588E-05
21,19,11.7271156,11.6256104,11.6763239,1.06919588E-05
21,20,11.7271156,11.6763239,11.7271156,1.06919588E-05
22,1,7.42165995,4.22070265,4.37609339,6.73780869E-06
22,2,7.42165995,4.37609339,4.53094292,6.73780869E-06
22,3,7.42165995,4.53094292,4.68568182,6.73780869E-06
22,4,7.42165995,4.68568182,4.84264421,6.73780869E-06
22,5,7.42165995,4.84264421,5.00207138,6.73780869E-06
22,6,7.42165995,5.00207138,5.16277218,6.73780869E-06
22,7,7.42165995,5.16277218,5.32343435,6.73780869E-06
22,8,7.42165995,5.32343435,5.48340607,6.73780869E-06
22,9,7.42165995,5.48340607,5.64278889,6.73780869E-06
22,10,7.42165995,5.64278889,5.80214834,6.73780869E-06
22,11,7.42165995,5.80214834,5.96214247,6.73780869E-06
22,12,7.42165995,5.96214247,6.12322330,6.73780869E-06
22,13,7.42165995,6.12322330,6.28550291,6.73780869E-06
22,14,7.42165995,6.28550291,6.44875097,6.73780869E-06
22,15,7.42165995,6.44875097,6.61249161,6.73780869E-06
22,16,7.42165995,6.61249161,6.77615929,6.73780869E-06
22,17,7.42165995,6.77615929,6.93921328,6.73780869E-06
22,18,7.42165995,6.93921328,7.10125780,6.73780869E-06
22,19,7.42165995,7.10125780,7.26207542,6.73780869E-06
22,20,7.42165995,7.26207542,7.42165995,6.73780869E-06
23,1,3.96859169,2.55592465,2.62757349,1.13555961E-05
23,2,3.96859169,2.62757349,2.69874001,1.13555961E-05
23,3,3.96859169,2.69874001,2.76982045,1.13555961E-05
23,4,3.96859169,2.76982045,2.84271121,1.13555961E-05
23,5,3.96859169,2.84271121,2.91654253,1.13555961E-05
23,6,3.96859169,2.91654253,2.98968983,1.13555961E-05
23,7,3.96859169,2.98968983,3.06141686,1.13555961E-05
23,8,3.96859169,3.06141686,3.13211918,1.13555961E-05
23,9,3.96859169,3.13211918,3.20274639,1.13555961E-05
23,10,3.96859169,3.20274639,3.27411985,1.13555961E-05
23,11,3.96859169,3.27411985,3.34651971,1.13555961E-05
23,12,3.96859169,3.34651971,3.41962934,1.13555961E-05
23,13,3.96859169,3.41962934,3.49273396,1.13555961E-05
23,14,3.96859169,3.49273396,3.56502271,1.13555961E-05
23,15,3.96859169,3.56502271,3.63585687,1.13555961E-05
23,16,3.96859169,3.63585687,3.70493221,1.13555961E-05
23,17,3.96859169,3.70493221,3.77231121,1.13555961E-05
23,18,3.96859169,3.77231121,3.83835721,1.13555961E-05
23,19,3.96859169,3.83835721,3.90360117,1.13555961E-05
23,20,3.96859169,3.90360117,3.96859169,1.13555961E-05
24,1,12.5676956,11.7271156,11.7601223,2.62740991E-06
24,2,12.5676956,11.7601223,11.7957230,2.62740991E-06
24,3,12.5676956,11.7957230,11.8357458,2.62740991E-06
24,4,12.5676956,11.8357458,11.8765316,2.62740991E-06
24,5,12.5676956,11.8765316,11.9157858,2.62740991E-06
24,6,12.5676956,11.9157858,11.9536724,2.62740991E-06
24,7,12.5676956,11.9536724,11.9918728,2.62740991E-06
24,8,12.5676956,11.9918728,12.0322809,2.62740991E-06
24,9,12.5676956,12.0322809,12.0761604,2.62740991E-06
24,10,12.5676956,12.0761604,12.1237411,2.62740991E-06
24,11,12.5676956,12.1237411,12.1743135,2.62740991E-06
24,12,12.5676956,12.1743135,12.2264957,2.62740991E-06
24,13,12.5676956,12.2264957,12.2786436,2.62740991E-06
24,14,12.5676956,12.2786436,12.3292179,2.62740991E-06
24,15,12.5676956,12.3292179,12.3770294,2.62740991E-06
24,16,12.5676956,12.3770294,12.4214029,2.62740991E-06
24,17,12.5676956,12.4214029,12.4621792,2.62740991E-06
24,18,12.5676956,12.4621792,12.4996796,2.62740991E-06
24,19,12.5676956,12.4996796,12.5345688,2.62740991E-06
24,20,12.5676956,12.5345688,12.5676956,2.62740991E-06
25,1,19.7972679,18.9156666,18.9625854,5.57299745E-06
25,2,19.7972679,18.9625854,19.0087967,5.57299745E-06
25,3,19.7972679,19.0087967,19.0552330,5.57299745E-06
25,4,19.7972679,19.0552330,19.1021385,5.57299745E-06
25,5,19.7972679,19.1021385,19.1493797,5.57299745E-06
25,6,19.7972679,19.1493797,19.1966820,5.57299745E-06
25,7,19.7972679,19.1966820,19.2437019,5.57299745E-06
25,8,19.7972679,19.2437019,19.2901649,5.57299745E-06
25,9,19.7972679,19.2901649,19.3358307,5.57299745E-06
25,10,19.7972679,19.3358307,19.3806419,5.57299745E-06
25,11,19.7972679,19.3806419,19.4245300,5.57299745E-06
25,12,19.7972679,19.4245300,19.4675331,5.57299745E-06
25,13,19.7972679,19.4675331,19.5097809,5.57299745E-06
25,14,19.7972679,19.5097809,19.5514069,5.57299745E-06
25,15,19.7972679,19.5514069,19.5925903,5.57299745E-06
25,16,19.7972679,19.5925903,19.6335068,5.57299745E-06
25,17,19.7972679,19.6335068,19.6743088,5.57299745E-06
25,18,19.7972679,19.6743088,19.7151299,5.57299745E-06
25,19,19.7972679,19.7151299,19.7560883,5.57299745E-06
25,20,19.7972679,19.7560883,19.7972679,5.57299745E-06
26,1,6.49156523,3.96859169,4.07019615,1.94487507E-06
26,2,6.49156523,4.07019615,4.15515423,1.94487507E-06
26,3,6.49156523,4.15515423,4.23282099,1.94487507E-06
26,4,6.49156523,4.23282099,4.35853291,1.94487507E-06
26,5,6.49156523,4.35853291,4.52273512,1.94487507E-06
26,6,6.49156523,4.52273512,4.68025923,1.94487507E-06
26,7,6.49156523,4.68025923,4.84253263,1.94487507E-06
26,8,6.49156523,4.84253263,5.00697565,1.94487507E-06
26,9,6.49156523,5.00697565,5.10915518,1.94487507E-06
26,10,6.49156523,5.10915518,5.18550539,1.94487507E-06
26,11,6.49156523,5.18550539,5.27583551,1.94487507E-06
26,12,6.49156523,5.27583551,5.36663389,1.94487507E-06
26,13,6.49156523,5.36663389,5.46794558,1.94487507E-06
26,14,6.49156523,5.46794558,5.55378103,1.94487507E-06
26,15,6.49156523,5.55378103,5.66046000,1.94487507E-06
26,16,6.49156523,5.66046000,5.84066057,1.94487507E-06
26,17,6.49156523,5.84066057,6.04729605,1.94487507E-06
26,18,6.49156523,6.04729605,6.20338058,1.94487507E-06
26,19,6.49156523,6.20338058,6.32557821,1.94487507E-06
26,20,6.49156523,6.32557821,6.49156523,1.94487507E-06
27,1,18.3405800,12.5676956,12.8508873,1.51151426E-05
27,2,18.3405800,12.8508873,13.1318426,1.51151426E-05
27,3,18.3405800,13.1318426,13.4102573,1.51151426E-05
27,4,18.3405800,13.4102573,13.6934242,1.51151426E-05
27,5,18.3405800,13.6934242,13.9834270,1.51151426E-05
27,6,18.3405800,13.9834270,14.2774611,1.51151426E-05
27,7,18.3405800,14.2774611,14.5712242,1.51151426E-05
27,8,18.3405800,14.5712242,14.8615398,1.51151426E-05
27,9,18.3405800,14.8615398,15.1474018,1.51151426E-05
27,10,18.3405800,15.1474018,15.4297705,1.51151426E-05
27,11,18.3405800,15.4297705,15.7107325,1.51151426E-05
27,12,18.3405800,15.7107325,15.9925795,1.51151426E-05
27,13,18.3405800,15.9925795,16.2771130,1.51151426E-05
27,14,18.3405800,16.2771130,16.5652676,1.51151426E-05
27,15,18.3405800,16.5652676,16.8570766,1.51151426E-05
27,16,18.3405800,16.8570766,17.1519012,1.51151426E-05
27,17,18.3405800,17.1519012,17.4486599,1.51151426E-05
27,18,18.3405800,17.4486599,17.7462540,1.51151426E-05
27,19,18.3405800,17.7462540,18.0437450,1.51151426E-05
27,20,18.3405800,18.0437450,18.3405800,1.51151426E-05
28,1,35.9972000,19.7972679,20.5773563,1.10438650E-05
28,2,35.9972000,20.5773563,21.3544559,1.10438650E-05
28,3,35.9972000,21.3544559,22.1241379,1.10438650E-05
28,4,35.9972000,22.1241379,22.9007797,1.10438650E-05
28,5,35.9972000,22.9007797,23.7211056,1.10438650E-05
28,6,35.9972000,23.7211056,24.5970364,1.10438650E-05
28,7,35.9972000,24.5970364,25.4685650,1.10438650E-05
28,8,35.9972000,25.4685650,26.2903137,1.10438650E-05
28,9,35.9972000,26.2903137,27.0742722,1.10438650E-05
28,10,35.9972000,27.0742722,27.8554573,1.10438650E-05
28,11,35.9972000,27.8554573,28.6486931,1.10438650E-05
28,12,35.9972000,28.6486931,29.4418755,1.10438650E-05
28,13,35.9972000,29.4418755,30.2179508,1.10438650E-05
28,14,35.9972000,30.2179508,30.9765377,1.10438650E-05
28,15,35.9972000,30.9765377,31.7373886,1.10438650E-05
28,16,35.9972000,31.7373886,32.5270386,1.10438650E-05
28,17,35.9972000,32.5270386,33.3611832,1.10438650E-05
28,18,35.9972000,33.3611832,34.2346954,1.10438650E-05
28,19,35.9972000,34.2346954,35.1237640,1.10438650E-05
28,20,35.9972000,35.1237640,35.9972000,1.10438650E-05
29,1,7.86732721,7.12295437,7.16349125,2.26164479E-06
29,2,7.86732721,7.16349125,7.20553589,2.26164479E-06
29,3,7.86732721,7.20553589,7.24876308,2.26164479E-06
29,4,7.86732721,7.24876308,7.29275274,2.26164479E-06
29,5,7.86732721,7.29275274,7.33731127,2.26164479E-06
29,6,7.86732721,7.33731127,7.38222694,2.26164479E-06
29,7,7.86732721,7.38222694,7.42715502,2.26164479E-06
29,8,7.86732721,7.42715502,7.47166967,2.26164479E-06
29,9,7.86732721,7.47166967,7.51533794,2.26164479E-06
29,10,7.86732721,7.51533794,7.55777884,2.26164479E-06
29,11,7.86732721,7.55777884,7.59870434,2.26164479E-06
29,12,7.86732721,7.59870434,7.63787699,2.26164479E-06
29,13,7.86732721,7.63787699,7.67509031,2.26164479E-06
29,14,7.86732721,7.67509031,7.71014833,2.26164479E-06
29,15,7.86732721,7.71014833,7.74287271,2.26164479E-06
29,16,7.86732721,7.74287271,7.77309513,2.26164479E-06
29,17,7.86732721,7.77309513,7.80068445,2.26164479E-06
29,18,7.86732721,7.80068445,7.82557154,2.26164479E-06
29,19,7.86732721,7.82557154,7.84775591,2.26164479E-06
29,20,7.86732721,7.84775591,7.86732721,2.26164479E-06
30,1,21.5212288,18.3405800,18.5085850,4.73014779E-06
30,2,21.5212288,18.5085850,18.6816120,4.73014779E-06
30,3,21.5212288,18.6816120,18.8507347,4.73014779E-06
30,4,21.5212288,18.8507347,19.0258884,4.73014779E-06
30,5,21.5212288,19.0258884,19.2119598,4.73014779E-06
30,6,21.5212288,19.2119598,19.3634624,4.73014779E-06
30,7,21.5212288,19.3634624,19.4648819,4.73014779E-06
30,8,21.5212288,19.4648819,19.5441875,4.73014779E-06
30,9,21.5212288,19.5441875,19.6369896,4.73014779E-06
30,10,21.5212288,19.6369896,19.7608337,4.73014779E-06
30,11,21.5212288,19.7608337,19.9153118,4.73014779E-06
30,12,21.5212288,19.9153118,20.0939350,4.73014779E-06
30,13,21.5212288,20.0939350,20.2919750,4.73014779E-06
30,14,21.5212288,20.2919750,20.5058784,4.73014779E-06
30,15,21.5212288,20.5058784,20.7286758,4.73014779E-06
30,16,21.5212288,20.7286758,20.9474773,4.73014779E-06
30,17,21.5212288,20.9474773,21.1458321,4.73014779E-06
30,18,21.5212288,21.1458321,21.3095074,4.73014779E-06
30,19,21.5212288,21.3095074,21.4327183,4.73014779E-06
30,20,21.5212288,21.4327183,21.5212288,4.73014779E-06
31,1,39.5046463,39.0039787,38.9968758,1.69983707E-06
31,2,39.5046463,38.9968758,39.0036125,1.69983707E-06
31,3,39.5046463,39.0036125,39.0272522,1.69983707E-06
31,4,39.5046463,39.0272522,39.0468636,1.69983707E-06
31,5,39.5046463,39.0468636,39.0610390,1.69983707E-06
31,6,39.5046463,39.0610390,39.0814171,1.69983707E-06
31,7,39.5046463,39.0814171,39.1189499,1.69983707E-06
31,8,39.5046463,39.1189499,39.1765976,1.69983707E-06
31,9,39.5046463,39.1765976,39.2488632,1.69983707E-06
31,10,39.5046463,39.2488632,39.3252449,1.69983707E-06
31,11,39.5046463,39.3252449,39.3946800,1.69983707E-06
31,12,39.5046463,39.3946800,39.4490509,1.69983707E-06
31,13,39.5046463,39.4490509,39.4847908,1.69983707E-06
31,14,39.5046463,39.4847908,39.5027733,1.69983707E-06
31,15,39.5046463,39.5027733,39.5072060,1.69983707E-06
31,16,39.5046463,39.5072060,39.5038605,1.69983707E-06
31,17,39.5046463,39.5038605,39.4984703,1.69983707E-06
31,18,39.5046463,39.4984703,39.4954758,1.69983707E-06
31,19,39.5046463,39.4954758,39.4973984,1.69983707E-06
31,20,39.5046463,39.4973984,39.5046463,1.69983707E-06
32,1,0.165335223,23.3485298,22.0757561,2.09571544E-06
32,2,0.165335223,22.0757561,18.8308277,2.09571544E-06
32,3,0.165335223,18.8308277,13.2851439,2.09571544E-06
32,4,0.165335223,13.2851439,7.37795258,2.09571544E-06
32,5,0.165335223,7.37795258,3.14855242,2.09571544E-06
32,6,0.165335223,3.14855242,1.05566514,2.09571544E-06
32,7,0.165335223,1.05566514,0.342421561,2.09571544E-06
32,8,0.165335223,0.342421561,0.183758453,2.09571544E-06
32,9,0.165335223,0.183758453,0.164882809,2.09571544E-06
32,10,0.165335223,0.164882809,0.165005103,2.09571544E-06
32,11,0.165335223,0.165005103,0.165328741,2.09571544E-06
32,12,0.165335223,0.165328741,0.165340722,2.09571544E-06
32,13,0.165335223,0.165340722,0.165335268,2.09571544E-06
32,14,0.165335223,0.165335268,0.165335149,2.09571544E-06
32,15,0.165335223,0.165335149,0.165335238,2.09571544E-06
32,16,0.165335223,0.165335238,0.165335238,2.09571544E-06
32,17,0.165335223,0.165335238,0.165335223,2.09571544E-06
32,18,0.165335223,0.165335223,0.165335238,2.09571544E-06
32,19,0.165335223,0.165335238,0.165335238,2.09571544E-06
32,20,0.165335223,0.165335238,0.165335223,2.09571544E-06
33,1,45.7336388,43.0592537,43.1973038,1.57450049E-05
33,2,45.7336388,43.1973038,43.3361015,1.57450049E-05
33,3,45.7336388,43.3361015,43.4734802,1.57450049E-05
33,4,45.7336388,43.4734802,43.6097260,1.57450049E-05
33,5,45.7336388,43.6097260,43.7457161,1.57450049E-05
33,6,45.7336388,43.7457161,43.8820839,1.57450049E-05
33,7,45.7336388,43.8820839,44.0188179,1.57450049E-05
33,8,45.7336388,44.0188179,44.1555901,1.57450049E-05
33,9,45.7336388,44.1555901,44.2918549,1.57450049E-05
33,10,45.7336388,44.2918549,44.4269257,1.57450049E-05
33,11,45.7336388,44.4269257,44.5603256,1.57450049E-05
33,12,45.7336388,44.5603256,44.6918106,1.57450049E-05
33,13,45.7336388,44.6918106,44.8214684,1.57450049E-05
33,14,45.7336388,44.8214684,44.9496880,1.57450049E-05
33,15,45.7336388,44.9496880,45.0771751,1.57450049E-05
33,16,45.7336388,45.0771751,45.2046852,1.57450049E-05
33,17,45.7336388,45.2046852,45.3331566,1.57450049E-05
33,18,45.7336388,45.3331566,45.4635506,1.57450049E-05
33,19,45.7336388,45.4635506,45.5967674,1.57450049E-05
33,20,45.7336388,45.5967674,45.7336388,1.57450049E-05
34,1,0.109283976,0.165335223,0.161696583,1.44185492E-06
34,2,0.109283976,0.161696583,0.158061683,1.44185492E-06
34,3,0.109283976,0.158061683,0.154436156,1.44185492E-06
34,4,0.109283976,0.154436156,0.150829136,1.44185492E-06
34,5,0.109283976,0.150829136,0.147253588,1.44185492E-06
34,6,0.109283976,0.147253588,0.143726155,1.44185492E-06
34,7,0.109283976,0.143726155,0.140266374,1.44185492E-06
34,8,0.109283976,0.140266374,0.136895806,1.44185492E-06
34,9,0.109283976,0.136895806,0.133636773,1.44185492E-06
34,10,0.109283976,0.133636773,0.130511045,1.44185492E-06
34,11,0.109283976,0.130511045,0.127538696,1.44185492E-06
34,12,0.109283976,0.127538696,0.124737017,1.44185492E-06
34,13,0.109283976,0.124737017,0.122119777,1.44185492E-06
34,14,0.109283976,0.122119777,0.119696759,1.44185492E-06
34,15,0.109283976,0.119696759,0.117473565,1.44185492E-06
34,16,0.109283976,0.117473565,0.115451686,1.44185492E-06
34,17,0.109283976,0.115451686,0.113628827,1.44185492E-06
34,18,0.109283976,0.113628827,0.111999281,1.44185492E-06
34,19,0.109283976,0.111999281,0.110554568,1.44185492E-06
34,20,0.109283976,0.110554568,0.109283976,1.44185492E-06
35,1,2.13452935,0.109283976,0.211571410,4.09446002E-05
35,2,2.13452935,0.211571410,0.314554393,4.09446002E-05
35,3,2.13452935,0.314554393,0.417600214,4.09446002E-05
35,4,2.13452935,0.417600214,0.520318151,4.09446002E-05
35,5,2.13452935,0.520318151,0.622499585,4.09446002E-05
35,6,2.13452935,0.622499585,0.724069297,4.09446002E-05
35,7,2.13452935,0.724069297,0.825046360,4.09446002E-05
35,8,2.13452935,0.825046360,0.925513208,4.09446002E-05
35,9,2.13452935,0.925513208,1.02559042,4.09446002E-05
35,10,2.13452935,1.02559042,1.12541711,4.09446002E-05
35,11,2.13452935,1.12541711,1.22513723,4.09446002E-05
35,12,2.13452935,1.22513723,1.32488739,4.09446002E-05
35,13,2.13452935,1.32488739,1.42479157,4.09446002E-05
35,14,2.13452935,1.42479157,1.52495551,4.09446002E-05
35,15,2.13452935,1.52495551,1.62546217,4.09446002E-05
35,16,2.13452935,1.62546217,1.72637343,4.09446002E-05
35,17,2.13452935,1.72637343,1.82772863,4.09446002E-05
35,18,2.13452935,1.82772863,1.92954361,4.09446002E-05
35,19,2.13452935,1.92954361,2.03181720,4.09446002E-05
35,20,2.13452935,2.03181720,2.13452935,4.09446002E-05
36,1,7.98225355,38.1317291,38.4381447,2.73282203E-05
36,2,7.98225355,38.4381447,38.0063362,2.73282203E-05
36,3,7.98225355,38.0063362,36.7629738,2.73282203E-05
36,4,7.98225355,36.7629738,34.7891731,2.73282203E-05
36,5,7.98225355,34.7891731,32.2618637,2.73282203E-05
36,6,7.98225355,32.2618637,29.3967495,2.73282203E-05
36,7,7.98225355,29.3967495,26.4044437,2.73282203E-05
36,8,7.98225355,26.4044437,23.4630413,2.73282203E-05
36,9,7.98225355,23.4630413,20.7054825,2.73282203E-05
36,10,7.98225355,20.7054825,18.2179451,2.73282203E-05
36,11,7.98225355,18.2179451,16.0450306,2.73282203E-05
36,12,7.98225355,16.0450306,14.1983347,2.73282203E-05
36,13,7.98225355,14.1983347,12.6657991,2.73282203E-05
36,14,7.98225355,12.6657991,11.4203024,2.73282203E-05
36,15,7.98225355,11.4203024,10.4267149,2.73282203E-05
36,16,7.98225355,10.4267149,9.64717674,2.73282203E-05
36,17,7.98225355,9.64717674,9.04470634,2.73282203E-05
36,18,7.98225355,9.04470634,8.58540916,2.73282203E-05
36,19,7.98225355,8.58540916,8.23961544,2.73282203E-05
36,20,7.98225355,8.23961544,7.98225355,2.73282203E-05
37,1,0.204948649,7.98225355,6.40201092,1.10618078E-06
37,2,0.204948649,6.40201092,4.99874878,1.10618078E-06
37,3,0.204948649,4.99874878,3.78842902,1.10618078E-06
37,4,0.204948649,3.78842902,2.78800750,1.10618078E-06
37,5,0.204948649,2.78800750,1.99992049,1.10618078E-06
37,6,0.204948649,1.99992049,1.40857470,1.10618078E-06
37,7,0.204948649,1.40857470,0.985044003,1.10618078E-06
37,8,0.204948649,0.985044003,0.694583356,1.10618078E-06
37,9,0.204948649,0.694583356,0.503172278,1.10618078E-06
37,10,0.204948649,0.503172278,0.381550610,1.10618078E-06
37,11,0.204948649,0.381550610,0.306802601,1.10618078E-06
37,12,0.204948649,0.306802601,0.262238473,1.10618078E-06
37,13,0.204948649,0.262238473,0.236398786,1.10618078E-06
37,14,0.204948649,0.236398786,0.221793801,1.10618078E-06
37,15,0.204948649,0.221793801,0.213730484,1.10618078E-06
37,16,0.204948649,0.213730484,0.209374309,1.10618078E-06
37,17,0.204948649,0.209374309,0.207067639,1.10618078E-06
37,18,0.204948649,0.207067639,0.205868781,1.10618078E-06
37,19,0.204948649,0.205868781,0.205256417,1.10618078E-06
37,20,0.204948649,0.205256417,0.204948649,1.10618078E-06
38,1,0.169788837,0.204948649,0.193566531,1.61506262E-06
38,2,0.169788837,0.193566531,0.183716461,1.61506262E-06
38,3,0.169788837,0.183716461,0.176497176,1.61506262E-06
38,4,0.169788837,0.176497176,0.172318190,1.61506262E-06
38,5,0.169788837,0.172318190,0.170491591,1.61506262E-06
38,6,0.169788837,0.170491591,0.169917405,1.61506262E-06
38,7,0.169788837,0.169917405,0.169799238,1.61506262E-06
38,8,0.169788837,0.169799238,0.169787675,1.61506262E-06
38,9,0.169788837,0.169787675,0.169788554,1.61506262E-06
38,10,0.169788837,0.169788554,0.169788867,1.61506262E-06
38,11,0.169788837,0.169788867,0.169788837,1.61506262E-06
38,12,0.169788837,0.169788837,0.169788837,1.61506262E-06
38,13,0.169788837,0.169788837,0.169788837,1.61506262E-06
38,14,0.169788837,0.169788837,0.169788837,1.61506262E-06
38,15,0.169788837,0.169788837,0.169788837,1.61506262E-06
38,16,0.169788837,0.169788837,0.169788837,1.61506262E-06
38,17,0.169788837,0.169788837,0.169788837,1.61506262E-06
38,18,0.169788837,0.169788837,0.169788837,1.61506262E-06
38,19,0.169788837,0.169788837,0.169788837,1.61506262E-06
38,20,0.169788837,0.169788837,0.169788837,1.61506262E-06
39,1,7.24015310E-02,0.169788837,0.145672813,5.29956480E-07
39,2,7.24015310E-02,0.145672813,0.123458251,5.29956480E-07
39,3,7.24015310E-02,0.123458251,0.104950249,5.29956480E-07
39,4,7.24015310E-02,0.104950249,9.12769288E-02,5.29956480E-07
39,5,7.24015310E-02,9.12769288E-02,8.23548660E-02,5.29956480E-07
39,6,7.24015310E-02,8.23548660E-02,7.71884695E-02,5.29956480E-07
39,7,7.24015310E-02,7.71884695E-02,7.45114237E-02,5.29956480E-07
39,8,7.24015310E-02,7.45114237E-02,7.32585788E-02,5.29956480E-07
39,9,7.24015310E-02,7.32585788E-02,7.27242306E-02,5.29956480E-07
39,10,7.24015310E-02,7.27242306E-02,7.25147799E-02,5.29956480E-07
39,11,7.24015310E-02,7.25147799E-02,7.24387616E-02,5.29956480E-07
39,12,7.24015310E-02,7.24387616E-02,7.24130496E-02,5.29956480E-07
39,13,7.24015310E-02,7.24130496E-02,7.24048987E-02,5.29956480E-07
39,14,7.24015310E-02,7.24048987E-02,7.24024624E-02,5.29956480E-07
39,15,7.24015310E-02,7.24024624E-02,7.24017769E-02,5.29956480E-07
39,16,7.24015310E-02,7.24017769E-02,7.24015832E-02,5.29956480E-07
39,17,7.24015310E-02,7.24015832E-02,7.24015385E-02,5.29956480E-07
39,18,7.24015310E-02,7.24015385E-02,7.24015310E-02,5.29956480E-07
39,19,7.24015310E-02,7.24015310E-02,7.24015310E-02,5.29956480E-07
39,20,7.24015310E-02,7.24015310E-02,7.24015310E-02,5.29956480E-07
40,1,3.99652433,7.24015310E-02,0.361532390,3.91116700E-05
40,2,3.99652433,0.361532390,0.649555504,3.91116700E-05
40,3,3.99652433,0.649555504,0.935276568,3.91116700E-05
40,4,3.99652433,0.935276568,1.21709049,3.91116700E-05
40,5,3.99652433,1.21709049,1.49307680,3.91116700E-05
40,6,3.99652433,1.49307680,1.76113403,3.91116700E-05
40,7,3.99652433,1.76113403,2.01913190,3.91116700E-05
40,8,3.99652433,2.01913190,2.26505780,3.91116700E-05
40,9,3.99652433,2.26505780,2.49713993,3.91116700E-05
40,10,3.99652433,2.49713993,2.71394348,3.91116700E-05
40,11,3.99652433,2.71394348,2.91442776,3.91116700E-05
40,12,3.99652433,2.91442776,3.09797001,3.91116700E-05
40,13,3.99652433,3.09797001,3.26435661,3.91116700E-05
40,14,3.99652433,3.26435661,3.41375327,3.91116700E-05
40,15,3.99652433,3.41375327,3.54665518,3.91116700E-05
40,16,3.99652433,3.54665518,3.66382861,3.91116700E-05
40,17,3.99652433,3.66382861,3.76624584,3.91116700E-05
40,18,3.99652433,3.76624584,3.85502553,3.91116700E-05
40,19,3.99652433,3.85502553,3.93137169,3.91116700E-05
40,20,3.99652433,3.93137169,3.99652433,3.91116700E-05
41,1,0.486901850,3.99652433,3.77752399,8.31414695E-07
41,2,0.486901850,3.77752399,3.55181122,8.31414695E-07
41,3,0.486901850,3.55181122,3.32134295,8.31414695E-07
41,4,0.486901850,3.32134295,3.08832312,8.31414695E-07
41,5,0.486901850,3.08832312,2.85512662,8.31414695E-07
41,6,0.486901850,2.85512662,2.62419271,8.31414695E-07
41,7,0.486901850,2.62419271,2.39791822,8.31414695E-07
41,8,0.486901850,2.39791822,2.17855191,8.31414695E-07
41,9,0.486901850,2.17855191,1.96810555,8.31414695E-07
41,10,0.486901850,1.96810555,1.76828682,8.31414695E-07
41,11,0.486901850,1.76828682,1.58045530,8.31414695E-07
41,12,0.486901850,1.58045530,1.40560424,8.31414695E-07
41,13,0.486901850,1.40560424,1.24436152,8.31414695E-07
41,14,0.486901850,1.24436152,1.09700978,8.31414695E-07
41,15,0.486901850,1.09700978,0.963520944,8.31414695E-07
41,16,0.486901850,0.963520944,0.843598306,8.31414695E-07
41,17,0.486901850,0.843598306,0.736723900,8.31414695E-07
41,18,0.486901850,0.736723900,0.642207205,8.31414695E-07
41,19,0.486901850,0.642207205,0.559232354,8.31414695E-07
41,20,0.486901850,0.559232354,0.486901850,8.31414695E-07
42,1,0.396850646,0.486901850,0.465650141,4.09523636E-06
42,2,0.396850646,0.465650141,0.447127700,4.09523636E-06
42,3,0.396850646,0.447127700,0.431163907,4.09523636E-06
42,4,0.396850646,0.431163907,0.417586952,4.09523636E-06
42,5,0.396850646,0.417586952,0.406225324,4.09523636E-06
42,6,0.396850646,0.406225324,0.396908790,4.09523636E-06
42,7,0.396850646,0.396908790,0.389469475,4.09523636E-06
42,8,0.396850646,0.389469475,0.383743048,4.09523636E-06
42,9,0.396850646,0.383743048,0.379569441,4.09523636E-06
42,10,0.396850646,0.379569441,0.376793891,4.09523636E-06
42,11,0.396850646,0.376793891,0.375267774,4.09523636E-06
42,12,0.396850646,0.375267774,0.374849021,4.09523636E-06
42,13,0.396850646,0.374849021,0.375402749,4.09523636E-06
42,14,0.396850646,0.375402749,0.376801848,4.09523636E-06
42,15,0.396850646,0.376801848,0.378927112,4.09523636E-06
42,16,0.396850646,0.378927112,0.381667554,4.09523636E-06
42,17,0.396850646,0.381667554,0.384920418,4.09523636E-06
42,18,0.396850646,0.384920418,0.388591379,4.09523636E-06
42,19,0.396850646,0.388591379,0.392594159,4.09523636E-06
42,20,0.396850646,0.392594159,0.396850646,4.09523636E-06
43,1,2.24975038,0.396850646,0.789366007,8.89075454E-06
43,2,2.24975038,0.789366007,1.14871395,8.89075454E-06
43,3,2.24975038,1.14871395,1.45571470,8.89075454E-06
43,4,2.24975038,1.45571470,1.70116019,8.89075454E-06
43,5,2.24975038,1.70116019,1.88576698,8.89075454E-06
43,6,2.24975038,1.88576698,2.01717401,8.89075454E-06
43,7,2.24975038,2.01717401,2.10621738,8.89075454E-06
43,8,2.24975038,2.10621738,2.16395879,8.89075454E-06
43,9,2.24975038,2.16395879,2.19995952,8.89075454E-06
43,10,2.24975038,2.19995952,2.22162724,8.89075454E-06
43,11,2.24975038,2.22162724,2.23426104,8.89075454E-06
43,12,2.24975038,2.23426104,2.24141884,8.89075454E-06
43,13,2.24975038,2.24141884,2.24536991,8.89075454E-06
43,14,2.24975038,2.24536991,2.24749923,8.89075454E-06
43,15,2.24975038,2.24749923,2.24862218,8.89075454E-06
43,16,2.24975038,2.24862218,2.24920201,8.89075454E-06
43,17,2.24975038,2.24920201,2.24949646,8.89075454E-06
43,18,2.24975038,2.24949646,2.24964333,8.89075454E-06
43,19,2.24975038,2.24964333,2.24971533,8.89075454E-06
43,20,2.24975038,2.24971533,2.24975038,8.89075454E-06
44,1,3.53128505,2.24975038,2.32635951,2.76270312E-05
44,2,3.53128505,2.32635951,2.40274882,2.76270312E-05
44,3,3.53128505,2.40274882,2.47877622,2.76270312E-05
44,4,3.53128505,2.47877622,2.55427194,2.76270312E-05
44,5,3.53128505,2.55427194,2.62904453,2.76270312E-05
44,6,3.53128505,2.62904453,2.70288444,2.76270312E-05
44,7,3.53128505,2.70288444,2.77557302,2.76270312E-05
44,8,3.53128505,2.77557302,2.84688783,2.76270312E-05
44,9,3.53128505,2.84688783,2.91660810,2.76270312E-05
44,10,3.53128505,2.91660810,2.98452210,2.76270312E-05
44,11,3.53128505,2.98452210,3.05043125,2.76270312E-05
44,12,3.53128505,3.05043125,3.11415458,2.76270312E-05
44,13,3.53128505,3.11415458,3.17553258,2.76270312E-05
44,14,3.53128505,3.17553258,3.23442888,2.76270312E-05
44,15,3.53128505,3.23442888,3.29073334,2.76270312E-05
44,16,3.53128505,3.29073334,3.34435987,2.76270312E-05
44,17,3.53128505,3.34435987,3.39525032,2.76270312E-05
44,18,3.53128505,3.39525032,3.44337058,2.76270312E-05
44,19,3.53128505,3.44337058,3.48871112,2.76270312E-05
44,20,3.53128505,3.48871112,3.53128505,2.76270312E-05
45,1,2.29274368,3.53128505,3.43801069,1.37727275E-05
45,2,2.29274368,3.43801069,3.33255339,1.37727275E-05
45,3,2.29274368,3.33255339,3.21924281,1.37727275E-05
45,4,2.29274368,3.21924281,3.10286236,1.37727275E-05
45,5,2.29274368,3.10286236,2.98801255,1.37727275E-05
45,6,2.29274368,2.98801255,2.87863088,1.37727275E-05
45,7,2.29274368,2.87863088,2.77770877,1.37727275E-05
45,8,2.29274368,2.77770877,2.68720222,1.37727275E-05
45,9,2.29274368,2.68720222,2.60808802,1.37727275E-05
45,10,2.29274368,2.60808802,2.54051614,1.37727275E-05
45,11,2.29274368,2.54051614,2.48400569,1.37727275E-05
45,12,2.29274368,2.48400569,2.43764615,1.37727275E-05
45,13,2.29274368,2.43764615,2.40027881,1.37727275E-05
45,14,2.29274368,2.40027881,2.37064433,1.37727275E-05
45,15,2.29274368,2.37064433,2.34749198,1.37727275E-05
45,16,2.29274368,2.34749198,2.32965350,1.37727275E-05
45,17,2.29274368,2.32965350,2.31608605,1.37727275E-05
45,18,2.29274368,2.31608605,2.30589032,1.37727275E-05
45,19,2.29274368,2.30589032,2.29831409,1.37727275E-05
45,20,2.29274368,2.29831409,2.29274368,1.37727275E-05
46,1,12.5151262,2.29274368,2.86380839,1.08047163E-04
46,2,12.5151262,2.86380839,3.43336535,1.08047163E-04
46,3,12.5151262,3.43336535,4.00073242,1.08047163E-04
46,4,12.5151262,4.00073242,4.56515408,1.08047163E-04
46,5,12.5151262,4.56515408,5.12581921,1.08047163E-04
46,6,12.5151262,5.12581921,5.68187523,1.08047163E-04
46,7,12.5151262,5.68187523,6.23243809,1.08047163E-04
46,8,12.5151262,6.23243809,6.77661324,1.08047163E-04
46,9,12.5151262,6.77661324,7.31350327,1.08047163E-04
46,10,12.5151262,7.31350327,7.84222555,1.08047163E-04
46,11,12.5151262,7.84222555,8.36192226,1.08047163E-04
46,12,12.5151262,8.36192226,8.87176800,1.08047163E-04
46,13,12.5151262,8.87176800,9.37098789,1.08047163E-04
46,14,12.5151262,9.37098789,9.85885525,1.08047163E-04
46,15,12.5151262,9.85885525,10.3347044,1.08047163E-04
46,16,12.5151262,10.3347044,10.7979364,1.08047163E-04
46,17,12.5151262,10.7979364,11.2480183,1.08047163E-04
46,18,12.5151262,11.2480183,11.6844912,1.08047163E-04
46,19,12.5151262,11.6844912,12.1069632,1.08047163E-04
46,20,12.5151262,12.1069632,12.5151262,1.08047163E-04
47,1,31.2690811,24.3670082,24.7119675,2.97710067E-05
47,2,31.2690811,24.7119675,25.0553017,2.97710067E-05
47,3,31.2690811,25.0553017,25.3941536,2.97710067E-05
47,4,31.2690811,25.3941536,25.7329102,2.97710067E-05
47,5,31.2690811,25.7329102,26.0750122,2.97710067E-05
47,6,31.2690811,26.0750122,26.4211235,2.97710067E-05
47,7,31.2690811,26.4211235,26.7698135,2.97710067E-05
47,8,31.2690811,26.7698135,27.1188431,2.97710067E-05
47,9,31.2690811,27.1188431,27.4662781,2.97710067E-05
47,10,31.2690811,27.4662781,27.8110313,2.97710067E-05
47,11,31.2690811,27.8110313,28.1530819,2.97710067E-05
47,12,31.2690811,28.1530819,28.4932499,2.97710067E-05
47,13,31.2690811,28.4932499,28.8328247,2.97710067E-05
47,14,31.2690811,28.8328247,29.1732521,2.97710067E-05
47,15,31.2690811,29.1732521,29.5157242,2.97710067E-05
47,16,31.2690811,29.5157242,29.8610687,2.97710067E-05
47,17,31.2690811,29.8610687,30.2095413,2.97710067E-05
47,18,31.2690811,30.2095413,30.5608711,2.97710067E-05
47,19,31.2690811,30.5608711,30.9143848,2.97710067E-05
47,20,31.2690811,30.9143848,31.2690811,2.97710067E-05
48,1,48.0182419,31.2690811,32.1166916,4.82749565E-05
48,2,48.0182419,32.1166916,32.9593315,4.82749565E-05
48,3,48.0182419,32.9593315,33.7914963,4.82749565E-05
48,4,48.0182419,33.7914963,34.6226616,4.82749565E-05
48,5,48.0182419,34.6226616,35.4580841,4.82749565E-05
48,6,48.0182419,35.4580841,36.2965126,4.82749565E-05
48,7,48.0182419,36.2965126,37.1334152,4.82749565E-05
48,8,48.0182419,37.1334152,37.9645729,4.82749565E-05
48,9,48.0182419,37.9645729,38.7881088,4.82749565E-05
48,10,48.0182419,38.7881088,39.6050262,4.82749565E-05
48,11,48.0182419,39.6050262,40.4186287,4.82749565E-05
48,12,48.0182419,40.4186287,41.2333374,4.82749565E-05
48,13,48.0182419,41.2333374,42.0533981,4.82749565E-05
48,14,48.0182419,42.0533981,42.8820534,4.82749565E-05
48,15,48.0182419,42.8820534,43.7208176,4.82749565E-05
48,16,48.0182419,43.7208176,44.5696144,4.82749565E-05
48,17,48.0182419,44.5696144,45.4267693,4.82749565E-05
48,18,48.0182419,45.4267693,46.2894936,4.82749565E-05
48,19,48.0182419,46.2894936,47.1544380,4.82749565E-05
48,20,48.0182419,47.1544380,48.0182419,4.82749565E-05
49,1,48.7948952,48.0182419,48.0687828,2.38077632E-06
49,2,48.7948952,48.0687828,48.1167374,2.38077632E-06
49,3,48.7948952,48.1167374,48.1665993,2.38077632E-06
49,4,48.7948952,48.1665993,48.2189293,2.38077632E-06
49,5,48.7948952,48.2189293,48.2723579,2.38077632E-06
49,6,48.7948952,48.2723579,48.3248749,2.38077632E-06
49,7,48.7948952,48.3248749,48.3746452,2.38077632E-06
49,8,48.7948952,48.3746452,48.4203949,2.38077632E-06
49,9,48.7948952,48.4203949,48.4615135,2.38077632E-06
49,10,48.7948952,48.4615135,48.4979935,2.38077632E-06
49,11,48.7948952,48.4979935,48.5302887,2.38077632E-06
49,12,48.7948952,48.5302887,48.5593109,2.38077632E-06
49,13,48.7948952,48.5593109,48.5861397,2.38077632E-06
49,14,48.7948952,48.5861397,48.6119232,2.38077632E-06
49,15,48.7948952,48.6119232,48.6377296,2.38077632E-06
49,16,48.7948952,48.6377296,48.6645737,2.38077632E-06
49,17,48.7948952,48.6645737,48.6932831,2.38077632E-06
49,18,48.7948952,48.6932831,48.7243919,2.38077632E-06
49,19,48.7948952,48.7243919,48.7582130,2.38077632E-06
49,20,48.7948952,48.7582130,48.7948952,2.38077632E-06
50,1,102.985046,94.5285339,94.9248505,2.56341082E-05
50,2,102.985046,94.9248505,95.3299637,2.56341082E-05
50,3,102.985046,95.3299637,95.7398529,2.56341082E-05
50,4,102.985046,95.7398529,96.1542892,2.56341082E-05
50,5,102.985046,96.1542892,96.5739899,2.56341082E-05
50,6,102.985046,96.5739899,96.9991913,2.56341082E-05
50,7,102.985046,96.9991913,97.4294357,2.56341082E-05
50,8,102.985046,97.4294357,97.8634262,2.56341082E-05
50,9,102.985046,97.8634262,98.2996445,2.56341082E-05
50,10,102.985046,98.2996445,98.7362823,2.56341082E-05
50,11,102.985046,98.7362823,99.1717453,2.56341082E-05
50,12,102.985046,99.1717453,99.6050262,2.56341082E-05
50,13,102.985046,99.6050262,100.035446,2.56341082E-05
50,14,102.985046,100.035446,100.462784,2.56341082E-05
50,15,102.985046,100.462784,100.887199,2.56341082E-05
50,16,102.985046,100.887199,101.309212,2.56341082E-05
50,17,102.985046,101.309212,101.729385,2.56341082E-05
50,18,102.985046,101.729385,102.148399,2.56341082E-05
50,19,102.985046,102.148399,102.566780,2.56341082E-05
50,20,102.985046,102.566780,102.985046,2.56341082E-05
51,1,105.344383,102.985046,103.144684,4.56276030E-06
51,2,105.344383,103.144684,103.304672,4.56276030E-06
51,3,105.344383,103.304672,103.469078,4.56276030E-06
51,4,105.344383,103.469078,103.634727,4.56276030E-06
51,5,105.344383,103.634727,103.796989,4.56276030E-06
51,6,105.344383,103.796989,103.952263,4.56276030E-06
51,7,105.344383,103.952263,104.098541,4.56276030E-06
51,8,105.344383,104.098541,104.235329,4.56276030E-06
51,9,105.344383,104.235329,104.363014,4.56276030E-06
51,10,105.344383,104.363014,104.482605,4.56276030E-06
51,11,105.344383,104.482605,104.594963,4.56276030E-06
51,12,105.344383,104.594963,104.700783,4.56276030E-06
51,13,105.344383,104.700783,104.800507,4.56276030E-06
51,14,105.344383,104.800507,104.894310,4.56276030E-06
51,15,105.344383,104.894310,104.982307,4.56276030E-06
51,16,105.344383,104.982307,105.064568,4.56276030E-06
51,17,105.344383,105.064568,105.141220,4.56276030E-06
51,18,105.344383,105.141220,105.212875,4.56276030E-06
51,19,105.344383,105.212875,105.280190,4.56276030E-06
51,20,105.344383,105.280190,105.344383,4.56276030E-06
52,1,137.386581,136.103394,136.077042,2.05176752E-06
52,2,137.386581,136.077042,136.053146,2.05176752E-06
52,3,137.386581,136.053146,136.039612,2.05176752E-06
52,4,137.386581,136.039612,136.034302,2.05176752E-06
52,5,137.386581,136.034302,136.035019,2.05176752E-06
52,6,137.386581,136.035019,136.042526,2.05176752E-06
52,7,137.386581,136.042526,136.059738,2.05176752E-06
52,8,137.386581,136.059738,136.091095,2.05176752E-06
52,9,137.386581,136.091095,136.140137,2.05176752E-06
52,10,137.386581,136.140137,136.208908,2.05176752E-06
52,11,137.386581,136.208908,136.297455,2.05176752E-06
52,12,137.386581,136.297455,136.403885,2.05176752E-06
52,13,137.386581,136.403885,136.524734,2.05176752E-06
52,14,137.386581,136.524734,136.655334,2.05176752E-06
52,15,137.386581,136.655334,136.790817,2.05176752E-06
52,16,137.386581,136.790817,136.926071,2.05176752E-06
52,17,137.386581,136.926071,137.056473,2.05176752E-06
52,18,137.386581,137.056473,137.178406,2.05176752E-06
52,19,137.386581,137.178406,137.289062,2.05176752E-06
52,20,137.386581,137.289062,137.386581,2.05176752E-06
53,1,142.803162,137.386581,137.657822,8.81011729E-05
53,2,142.803162,137.657822,137.929871,8.81011729E-05
53,3,142.803162,137.929871,138.202560,8.81011729E-05
53,4,142.803162,138.202560,138.475708,8.81011729E-05
53,5,142.803162,138.475708,138.749054,8.81011729E-05
53,6,142.803162,138.749054,139.022552,8.81011729E-05
53,7,142.803162,139.022552,139.295898,8.81011729E-05
53,8,142.803162,139.295898,139.568970,8.81011729E-05
53,9,142.803162,139.568970,139.841721,8.81011729E-05
53,10,142.803162,139.841721,140.113968,8.81011729E-05
53,11,142.803162,140.113968,140.385742,8.81011729E-05
53,12,142.803162,140.385742,140.656967,8.81011729E-05
53,13,142.803162,140.656967,140.927521,8.81011729E-05
53,14,142.803162,140.927521,141.197495,8.81011729E-05
53,15,142.803162,141.197495,141.466797,8.81011729E-05
53,16,142.803162,141.466797,141.735382,8.81011729E-05
53,17,142.803162,141.735382,142.003311,8.81011729E-05
53,18,142.803162,142.003311,142.270569,8.81011729E-05
53,19,142.803162,142.270569,142.537201,8.81011729E-05
53,20,142.803162,142.537201,142.803162,8.81011729E-05
54,1,143.103287,142.803162,142.807358,2.26164389E-06
54,2,143.103287,142.807358,142.799591,2.26164389E-06
54,3,143.103287,142.799591,142.788956,2.26164389E-06
54,4,143.103287,142.788956,142.781464,2.26164389E-06
54,5,143.103287,142.781464,142.780502,2.26164389E-06
54,6,143.103287,142.780502,142.787415,2.26164389E-06
54,7,143.103287,142.787415,142.802307,2.26164389E-06
54,8,143.103287,142.802307,142.824219,2.26164389E-06
54,9,143.103287,142.824219,142.851868,2.26164389E-06
54,10,143.103287,142.851868,142.883499,2.26164389E-06
54,11,143.103287,142.883499,142.917267,2.26164389E-06
54,12,143.103287,142.917267,142.951569,2.26164389E-06
54,13,143.103287,142.951569,142.984695,2.26164389E-06
54,14,143.103287,142.984695,143.015457,2.26164389E-06
54,15,143.103287,143.015457,143.042526,2.26164389E-06
54,16,143.103287,143.042526,143.065155,2.26164389E-06
54,17,143.103287,143.065155,143.082764,2.26164389E-06
54,18,143.103287,143.082764,143.095016,2.26164389E-06
54,19,143.103287,143.095016,143.101746,2.26164389E-06
54,20,143.103287,143.101746,143.103287,2.26164389E-06
55,1,144.217987,143.103287,143.169113,1.00139223E-05
55,2,144.217987,143.169113,143.232193,1.00139223E-05
55,3,144.217987,143.232193,143.292389,1.00139223E-05
55,4,144.217987,143.292389,143.349838,1.00139223E-05
55,5,144.217987,143.349838,143.404739,1.00139223E-05
55,6,144.217987,143.404739,143.457520,1.00139223E-05
55,7,144.217987,143.457520,143.508636,1.00139223E-05
55,8,144.217987,143.508636,143.558517,1.00139223E-05
55,9,144.217987,143.558517,143.607620,1.00139223E-05
55,10,144.217987,143.607620,143.656540,1.00139223E-05
55,11,144.217987,143.656540,143.705643,1.00139223E-05
55,12,144.217987,143.705643,143.755402,1.00139223E-05
55,13,144.217987,143.755402,143.806259,1.00139223E-05
55,14,144.217987,143.806259,143.858673,1.00139223E-05
55,15,144.217987,143.858673,143.912811,1.00139223E-05
55,16,144.217987,143.912811,143.969086,1.00139223E-05
55,17,144.217987,143.969086,144.027573,1.00139223E-05
55,18,144.217987,144.027573,144.088364,1.00139223E-05
55,19,144.217987,144.088364,144.151886,1.00139223E-05
55,20,144.217987,144.151886,144.217987,1.00139223E-05
56,1,145.060699,144.217987,144.239288,4.07969355E-06
56,2,145.060699,144.239288,144.264633,4.07969355E-06
56,3,145.060699,144.264633,144.294373,4.07969355E-06
56,4,145.060699,144.294373,144.328644,4.07969355E-06
56,5,145.060699,144.328644,144.366943,4.07969355E-06
56,6,145.060699,144.366943,144.408997,4.07969355E-06
56,7,145.060699,144.408997,144.454193,4.07969355E-06
56,8,145.060699,144.454193,144.501846,4.07969355E-06
56,9,145.060699,144.501846,144.551208,4.07969355E-06
56,10,145.060699,144.551208,144.601639,4.07969355E-06
56,11,145.060699,144.601639,144.652481,4.07969355E-06
56,12,145.060699,144.652481,144.703293,4.07969355E-06
56,13,145.060699,144.703293,144.753479,4.07969355E-06
56,14,145.060699,144.753479,144.802689,4.07969355E-06
56,15,145.060699,144.802689,144.850433,4.07969355E-06
56,16,145.060699,144.850433,144.896530,4.07969355E-06
56,17,145.060699,144.896530,144.940674,4.07969355E-06
56,18,145.060699,144.940674,144.982864,4.07969355E-06
56,19,145.060699,144.982864,145.022888,4.07969355E-06
56,20,145.060699,145.022888,145.060699,4.07969355E-06
57,1,152.807831,152.794495,152.804169,2.73108162E-06
57,2,152.807831,152.804169,152.811264,2.73108162E-06
57,3,152.807831,152.811264,152.816788,2.73108162E-06
57,4,152.807831,152.816788,152.821228,2.73108162E-06
57,5,152.807831,152.821228,152.824966,2.73108162E-06
57,6,152.807831,152.824966,152.827927,2.73108162E-06
57,7,152.807831,152.827927,152.830124,2.73108162E-06
57,8,152.807831,152.830124,152.831619,2.73108162E-06
57,9,152.807831,152.831619,152.832230,2.73108162E-06
57,10,152.807831,152.832230,152.831787,2.73108162E-06
57,11,152.807831,152.831787,152.830582,2.73108162E-06
57,12,152.807831,152.830582,152.828720,2.73108162E-06
57,13,152.807831,152.828720,152.826035,2.73108162E-06
57,14,152.807831,152.826035,152.823044,2.73108162E-06
57,15,152.807831,152.823044,152.819687,2.73108162E-06
57,16,152.807831,152.819687,152.816330,2.73108162E-06
57,17,152.807831,152.816330,152.813141,2.73108162E-06
57,18,152.807831,152.813141,152.810577,2.73108162E-06
57,19,152.807831,152.810577,152.808670,2.73108162E-06
57,20,152.807831,152.808670,152.807831,2.73108162E-06
58,1,159.400177,152.807831,153.124695,1.35267774E-05
58,2,159.400177,153.124695,153.465195,1.35267774E-05
58,3,159.400177,153.465195,153.830200,1.35267774E-05
58,4,159.400177,153.830200,154.223343,1.35267774E-05
58,5,159.400177,154.223343,154.634796,1.35267774E-05
58,6,159.400177,154.634796,155.047974,1.35267774E-05
58,7,159.400177,155.047974,155.446609,1.35267774E-05
58,8,159.400177,155.446609,155.820557,1.35267774E-05
58,9,159.400177,155.820557,156.166611,1.35267774E-05
58,10,159.400177,156.166611,156.486832,1.35267774E-05
58,11,159.400177,156.486832,156.786301,1.35267774E-05
58,12,159.400177,156.786301,157.071274,1.35267774E-05
58,13,159.400177,157.071274,157.347794,1.35267774E-05
58,14,159.400177,157.347794,157.620865,1.35267774E-05
58,15,159.400177,157.620865,157.894684,1.35267774E-05
58,16,159.400177,157.894684,158.172806,1.35267774E-05
58,17,159.400177,158.172806,158.458817,1.35267774E-05
58,18,159.400177,158.458817,158.756226,1.35267774E-05
58,19,159.400177,158.756226,159.068710,1.35267774E-05
58,20,159.400177,159.068710,159.400177,1.35267774E-05
