i,k,old_q,old_q_ch_in,old_q_ch_out,qlat_ch_old
1,1,173.776535,0.00000000,8.86374378,2.04190117E-04
1,2,173.776535,8.86374378,17.8089256,2.04190117E-04
1,3,173.776535,17.8089256,26.2257423,2.04190117E-04
1,4,173.776535,26.2257423,36.5283661,2.04190117E-04
1,5,173.776535,36.5283661,42.9717979,2.04190117E-04
1,6,173.776535,42.9717979,53.4348221,2.04190117E-04
1,7,173.776535,53.4348221,62.9241028,2.04190117E-04
1,8,173.776535,62.9241028,73.4824982,2.04190117E-04
1,9,173.776535,73.4824982,70.1605225,2.04190117E-04
1,10,173.776535,70.1605225,100.786438,2.04190117E-04
1,11,173.776535,100.786438,93.2876892,2.04190117E-04
1,12,173.776535,93.2876892,100.149277,2.04190117E-04
1,13,173.776535,100.149277,117.177673,2.04190117E-04
1,14,173.776535,117.177673,141.433990,2.04190117E-04
1,15,173.776535,141.433990,115.263489,2.04190117E-04
1,16,173.776535,115.263489,137.446548,2.04190117E-04
1,17,173.776535,137.446548,158.847763,2.04190117E-04
1,18,173.776535,158.847763,162.998535,2.04190117E-04
1,19,173.776535,162.998535,164.806274,2.04190117E-04
1,20,173.776535,164.806274,173.776535,2.04190117E-04
2,1,1063.79004,0.00000000,53.6207542,2.15190998E-03
2,2,1063.79004,53.6207542,106.542885,2.15190998E-03
2,3,1063.79004,106.542885,159.385483,2.15190998E-03
2,4,1063.79004,159.385483,213.645020,2.15190998E-03
2,5,1063.79004,213.645020,268.301880,2.15190998E-03
2,6,1063.79004,268.301880,321.513855,2.15190998E-03
2,7,1063.79004,321.513855,374.042328,2.15190998E-03
2,8,1063.79004,374.042328,425.876373,2.15190998E-03
2,9,1063.79004,425.876373,478.166412,2.15190998E-03
2,10,1063.79004,478.166412,532.114136,2.15190998E-03
2,11,1063.79004,532.114136,586.992188,2.15190998E-03
2,12,1063.79004,586.992188,641.953674,2.15190998E-03
2,13,1063.79004,641.953674,696.688416,2.15190998E-03
2,14,1063.79004,696.688416,750.587402,2.15190998E-03
2,15,1063.79004,750.587402,803.376099,2.15190998E-03
2,16,1063.79004,803.376099,855.268127,2.15190998E-03
2,17,1063.79004,855.268127,906.727295,2.15190998E-03
2,18,1063.79004,906.727295,958.311584,2.15190998E-03
2,19,1063.79004,958.311584,1010.55151,2.15190998E-03
2,20,1063.79004,1010.55151,1063.79004,2.15190998E-03
3,1,56.5496559,0.00000000,2.84194112,4.24849713E-05
3,2,56.5496559,2.84194112,5.68388224,4.24849713E-05
3,3,56.5496559,5.68388224,8.52582359,4.24849713E-05
3,4,56.5496559,8.52582359,11.3677645,4.24849713E-05
3,5,56.5496559,11.3677645,14.2097063,4.24849713E-05
3,6,56.5496559,14.2097063,17.0516415,4.24849713E-05
3,7,56.5496559,17.0516415,19.8936348,4.24849713E-05
3,8,56.5496559,19.8936348,22.7352180,4.24849713E-05
3,9,56.5496559,22.7352180,25.5792656,4.24849713E-05
3,10,56.5496559,25.5792656,28.4112167,4.24849713E-05
3,11,56.5496559,28.4112167,31.2913437,4.24849713E-05
3,12,56.5496559,31.2913437,34.0167198,4.24849713E-05
3,13,56.5496559,34.0167198,37.1367912,4.24849713E-05
3,14,56.5496559,37.1367912,39.4817085,4.24849713E-05
3,15,56.5496559,39.4817085,42.9261780,4.24849713E-05
3,16,56.5496559,42.9261780,45.4229050,4.24849713E-05
3,17,56.5496559,45.4229050,48.0366478,4.24849713E-05
3,18,56.5496559,48.0366478,51.3879128,4.24849713E-05
3,19,56.5496559,51.3879128,54.2063026,4.24849713E-05
3,20,56.5496559,54.2063026,56.5496559,4.24849713E-05
4,1,37.4385033,0.00000000,1.93363798,3.09808056E-05
4,2,37.4385033,1.93363798,3.58413792,3.09808056E-05
4,3,37.4385033,3.58413792,6.08060503,3.09808056E-05
4,4,37.4385033,6.08060503,7.55883980,3.09808056E-05
4,5,37.4385033,7.55883980,9.10170269,3.09808056E-05
4,6,37.4385033,9.10170269,11.2569857,3.09808056E-05
4,7,37.4385033,11.2569857,13.5880833,3.09808056E-05
4,8,37.4385033,13.5880833,15.5865889,3.09808056E-05
4,9,37.4385033,15.5865889,17.1952801,3.09808056E-05
4,10,37.4385033,17.1952801,18.7059784,3.09808056E-05
4,11,37.4385033,18.7059784,20.4279556,3.09808056E-05
4,12,37.4385033,20.4279556,22.4662209,3.09808056E-05
4,13,37.4385033,22.4662209,24.7060394,3.09808056E-05
4,14,37.4385033,24.7060394,26.9317741,3.09808056E-05
4,15,37.4385033,26.9317741,28.9662437,3.09808056E-05
4,16,37.4385033,28.9662437,30.7526131,3.09808056E-05
4,17,37.4385033,30.7526131,32.3583069,3.09808056E-05
4,18,37.4385033,32.3583069,33.9228020,3.09808056E-05
4,19,37.4385033,33.9228020,35.5871964,3.09808056E-05
4,20,37.4385033,35.5871964,37.4385033,3.09808056E-05
5,1,0.00000000,0.00000000,0.00000000,-2.24161317E-06
5,2,0.00000000,0.00000000,0.00000000,-2.24161317E-06
5,3,0.00000000,0.00000000,0.00000000,-2.24161317E-06
5,4,0.00000000,0.00000000,0.00000000,-2.24161317E-06
5,5,0.00000000,0.00000000,0.00000000,-2.24161317E-06
5,6,0.00000000,0.00000000,0.00000000,-2.24161317E-06
5,7,0.00000000,0.00000000,0.00000000,-2.24161317E-06
5,8,0.00000000,0.00000000,0.00000000,-2.24161317E-06
5,9,0.00000000,0.00000000,0.00000000,-2.24161317E-06
5,10,0.00000000,0.00000000,0.00000000,-2.24161317E-06
5,11,0.00000000,0.00000000,0.00000000,-2.24161317E-06
5,12,0.00000000,0.00000000,0.00000000,-2.24161317E-06
5,13,0.00000000,0.00000000,0.00000000,-2.24161317E-06
5,14,0.00000000,0.00000000,0.00000000,-2.24161317E-06
5,15,0.00000000,0.00000000,0.00000000,-2.24161317E-06
5,16,0.00000000,0.00000000,0.00000000,-2.24161317E-06
5,17,0.00000000,0.00000000,0.00000000,-2.24161317E-06
5,18,0.00000000,0.00000000,0.00000000,-2.24161317E-06
5,19,0.00000000,0.00000000,0.00000000,-2.24161317E-06
5,20,0.00000000,0.00000000,0.00000000,-2.24161317E-06
6,1,0.00000000,0.00000000,0.00000000,-7.07903709E-08
6,2,0.00000000,0.00000000,0.00000000,-7.07903709E-08
6,3,0.00000000,0.00000000,0.00000000,-7.07903709E-08
6,4,0.00000000,0.00000000,0.00000000,-7.07903709E-08
6,5,0.00000000,0.00000000,0.00000000,-7.07903709E-08
6,6,0.00000000,0.00000000,0.00000000,-7.07903709E-08
6,7,0.00000000,0.00000000,0.00000000,-7.07903709E-08
6,8,0.00000000,0.00000000,0.00000000,-7.07903709E-08
6,9,0.00000000,0.00000000,0.00000000,-7.07903709E-08
6,10,0.00000000,0.00000000,0.00000000,-7.07903709E-08
6,11,0.00000000,0.00000000,0.00000000,-7.07903709E-08
6,12,0.00000000,0.00000000,0.00000000,-7.07903709E-08
6,13,0.00000000,0.00000000,0.00000000,-7.07903709E-08
6,14,0.00000000,0.00000000,0.00000000,-7.07903709E-08
6,15,0.00000000,0.00000000,0.00000000,-7.07903709E-08
6,16,0.00000000,0.00000000,0.00000000,-7.07903709E-08
6,17,0.00000000,0.00000000,0.00000000,-7.07903709E-08
6,18,0.00000000,0.00000000,0.00000000,-7.07903709E-08
6,19,0.00000000,0.00000000,0.00000000,-7.07903709E-08
6,20,0.00000000,0.00000000,0.00000000,-7.07903709E-08
7,1,3.15382640E-05,0.00000000,1.82411372E-06,1.39372916E-10
7,2,3.15382640E-05,1.82411372E-06,3.75021136E-06,1.39372916E-10
7,3,3.15382640E-05,3.75021136E-06,5.24068128E-06,1.39372916E-10
7,4,3.15382640E-05,5.24068128E-06,7.63896605E-06,1.39372916E-10
7,5,3.15382640E-05,7.63896605E-06,9.24996675E-06,1.39372916E-10
7,6,3.15382640E-05,9.24996675E-06,1.06896759E-05,1.39372916E-10
7,7,3.15382640E-05,1.06896759E-05,1.26632076E-05,1.39372916E-10
7,8,3.15382640E-05,1.26632076E-05,1.49796197E-05,1.39372916E-10
7,9,3.15382640E-05,1.49796197E-05,1.60461423E-05,1.39372916E-10
7,10,3.15382640E-05,1.60461423E-05,2.11582737E-05,1.39372916E-10
7,11,3.15382640E-05,2.11582737E-05,1.59033807E-05,1.39372916E-10
7,12,3.15382640E-05,1.59033807E-05,2.24453506E-05,1.39372916E-10
7,13,3.15382640E-05,2.24453506E-05,2.67673640E-05,1.39372916E-10
7,14,3.15382640E-05,2.67673640E-05,2.58009168E-05,1.39372916E-10
7,15,3.15382640E-05,2.58009168E-05,2.50497906E-05,1.39372916E-10
7,16,3.15382640E-05,2.50497906E-05,2.92230179E-05,1.39372916E-10
7,17,3.15382640E-05,2.92230179E-05,2.80031272E-05,1.39372916E-10
7,18,3.15382640E-05,2.80031272E-05,4.08319283E-05,1.39372916E-10
7,19,3.15382640E-05,4.08319283E-05,3.59611840E-05,1.39372916E-10
7,20,3.15382640E-05,3.59611840E-05,3.15382640E-05,1.39372916E-10
8,1,0.00000000,0.00000000,0.00000000,-3.34875192E-04
8,2,0.00000000,0.00000000,0.00000000,-3.34875192E-04
8,3,0.00000000,0.00000000,0.00000000,-3.34875192E-04
8,4,0.00000000,0.00000000,0.00000000,-3.34875192E-04
8,5,0.00000000,0.00000000,0.00000000,-3.34875192E-04
8,6,0.00000000,0.00000000,0.00000000,-3.34875192E-04
8,7,0.00000000,0.00000000,0.00000000,-3.34875192E-04
8,8,0.00000000,0.00000000,0.00000000,-3.34875192E-04
8,9,0.00000000,0.00000000,0.00000000,-3.34875192E-04
8,10,0.00000000,0.00000000,0.00000000,-3.34875192E-04
8,11,0.00000000,0.00000000,0.00000000,-3.34875192E-04
8,12,0.00000000,0.00000000,0.00000000,-3.34875192E-04
8,13,0.00000000,0.00000000,0.00000000,-3.34875192E-04
8,14,0.00000000,0.00000000,0.00000000,-3.34875192E-04
8,15,0.00000000,0.00000000,0.00000000,-3.34875192E-04
8,16,0.00000000,0.00000000,0.00000000,-3.34875192E-04
8,17,0.00000000,0.00000000,0.00000000,-3.34875192E-04
8,18,0.00000000,0.00000000,0.00000000,-3.34875192E-04
8,19,0.00000000,0.00000000,0.00000000,-3.34875192E-04
8,20,0.00000000,0.00000000,0.00000000,-3.34875192E-04
9,1,0.00000000,0.00000000,0.00000000,-6.83015605E-06
9,2,0.00000000,0.00000000,0.00000000,-6.83015605E-06
9,3,0.00000000,0.00000000,0.00000000,-6.83015605E-06
9,4,0.00000000,0.00000000,0.00000000,-6.83015605E-06
9,5,0.00000000,0.00000000,0.00000000,-6.83015605E-06
9,6,0.00000000,0.00000000,0.00000000,-6.83015605E-06
9,7,0.00000000,0.00000000,0.00000000,-6.83015605E-06
9,8,0.00000000,0.00000000,0.00000000,-6.83015605E-06
9,9,0.00000000,0.00000000,0.00000000,-6.83015605E-06
9,10,0.00000000,0.00000000,0.00000000,-6.83015605E-06
9,11,0.00000000,0.00000000,0.00000000,-6.83015605E-06
9,12,0.00000000,0.00000000,0.00000000,-6.83015605E-06
9,13,0.00000000,0.00000000,0.00000000,-6.83015605E-06
9,14,0.00000000,0.00000000,0.00000000,-6.83015605E-06
9,15,0.00000000,0.00000000,0.00000000,-6.83015605E-06
9,16,0.00000000,0.00000000,0.00000000,-6.83015605E-06
9,17,0.00000000,0.00000000,0.00000000,-6.83015605E-06
9,18,0.00000000,0.00000000,0.00000000,-6.83015605E-06
9,19,0.00000000,0.00000000,0.00000000,-6.83015605E-06
9,20,0.00000000,0.00000000,0.00000000,-6.83015605E-06
10,1,0.00000000,0.00000000,0.00000000,-1.02171602E-04
10,2,0.00000000,0.00000000,0.00000000,-1.02171602E-04
10,3,0.00000000,0.00000000,0.00000000,-1.02171602E-04
10,4,0.00000000,0.00000000,0.00000000,-1.02171602E-04
10,5,0.00000000,0.00000000,0.00000000,-1.02171602E-04
10,6,0.00000000,0.00000000,0.00000000,-1.02171602E-04
10,7,0.00000000,0.00000000,0.00000000,-1.02171602E-04
10,8,0.00000000,0.00000000,0.00000000,-1.02171602E-04
10,9,0.00000000,0.00000000,0.00000000,-1.02171602E-04
10,10,0.00000000,0.00000000,0.00000000,-1.02171602E-04
10,11,0.00000000,0.00000000,0.00000000,-1.02171602E-04
10,12,0.00000000,0.00000000,0.00000000,-1.02171602E-04
10,13,0.00000000,0.00000000,0.00000000,-1.02171602E-04
10,14,0.00000000,0.00000000,0.00000000,-1.02171602E-04
10,15,0.00000000,0.00000000,0.00000000,-1.02171602E-04
10,16,0.00000000,0.00000000,0.00000000,-1.02171602E-04
10,17,0.00000000,0.00000000,0.00000000,-1.02171602E-04
10,18,0.00000000,0.00000000,0.00000000,-1.02171602E-04
10,19,0.00000000,0.00000000,0.00000000,-1.02171602E-04
10,20,0.00000000,0.00000000,0.00000000,-1.02171602E-04
11,1,16.1787224,0.00000000,0.805954695,1.36764320E-05
11,2,16.1787224,0.805954695,1.57253170,1.36764320E-05
11,3,16.1787224,1.57253170,2.51339006,1.36764320E-05
11,4,16.1787224,2.51339006,3.07255054,1.36764320E-05
11,5,16.1787224,3.07255054,3.99696422,1.36764320E-05
11,6,16.1787224,3.99696422,4.95422506,1.36764320E-05
11,7,16.1787224,4.95422506,5.66453552,1.36764320E-05
11,8,16.1787224,5.66453552,6.30109215,1.36764320E-05
11,9,16.1787224,6.30109215,7.09077740,1.36764320E-05
11,10,16.1787224,7.09077740,8.03201485,1.36764320E-05
11,11,16.1787224,8.03201485,8.96581459,1.36764320E-05
11,12,16.1787224,8.96581459,9.76908588,1.36764320E-05
11,13,16.1787224,9.76908588,10.4512739,1.36764320E-05
11,14,16.1787224,10.4512739,11.1157427,1.36764320E-05
11,15,16.1787224,11.1157427,11.8639965,1.36764320E-05
11,16,16.1787224,11.8639965,12.7274170,1.36764320E-05
11,17,16.1787224,12.7274170,13.6609364,1.36764320E-05
11,18,16.1787224,13.6609364,14.5834703,1.36764320E-05
11,19,16.1787224,14.5834703,15.4290333,1.36764320E-05
11,20,16.1787224,15.4290333,16.1787224,1.36764320E-05
12,1,0.00000000,0.00000000,0.00000000,-5.82188464E-10
12,2,0.00000000,0.00000000,0.00000000,-5.82188464E-10
12,3,0.00000000,0.00000000,0.00000000,-5.82188464E-10
12,4,0.00000000,0.00000000,0.00000000,-5.82188464E-10
12,5,0.00000000,0.00000000,0.00000000,-5.82188464E-10
12,6,0.00000000,0.00000000,0.00000000,-5.82188464E-10
12,7,0.00000000,0.00000000,0.00000000,-5.82188464E-10
12,8,0.00000000,0.00000000,0.00000000,-5.82188464E-10
12,9,0.00000000,0.00000000,0.00000000,-5.82188464E-10
12,10,0.00000000,0.00000000,0.00000000,-5.82188464E-10
12,11,0.00000000,0.00000000,0.00000000,-5.82188464E-10
12,12,0.00000000,0.00000000,0.00000000,-5.82188464E-10
12,13,0.00000000,0.00000000,0.00000000,-5.82188464E-10
12,14,0.00000000,0.00000000,0.00000000,-5.82188464E-10
12,15,0.00000000,0.00000000,0.00000000,-5.82188464E-10
12,16,0.00000000,0.00000000,0.00000000,-5.82188464E-10
12,17,0.00000000,0.00000000,0.00000000,-5.82188464E-10
12,18,0.00000000,0.00000000,0.00000000,-5.82188464E-10
12,19,0.00000000,0.00000000,0.00000000,-5.82188464E-10
12,20,0.00000000,0.00000000,0.00000000,-5.82188464E-10
13,1,0.00000000,0.00000000,0.00000000,-8.63753598E-07
13,2,0.00000000,0.00000000,0.00000000,-8.63753598E-07
13,3,0.00000000,0.00000000,0.00000000,-8.63753598E-07
13,4,0.00000000,0.00000000,0.00000000,-8.63753598E-07
13,5,0.00000000,0.00000000,0.00000000,-8.63753598E-07
13,6,0.00000000,0.00000000,0.00000000,-8.63753598E-07
13,7,0.00000000,0.00000000,0.00000000,-8.63753598E-07
13,8,0.00000000,0.00000000,0.00000000,-8.63753598E-07
13,9,0.00000000,0.00000000,0.00000000,-8.63753598E-07
13,10,0.00000000,0.00000000,0.00000000,-8.63753598E-07
13,11,0.00000000,0.00000000,0.00000000,-8.63753598E-07
13,12,0.00000000,0.00000000,0.00000000,-8.63753598E-07
13,13,0.00000000,0.00000000,0.00000000,-8.63753598E-07
13,14,0.00000000,0.00000000,0.00000000,-8.63753598E-07
13,15,0.00000000,0.00000000,0.00000000,-8.63753598E-07
13,16,0.00000000,0.00000000,0.00000000,-8.63753598E-07
13,17,0.00000000,0.00000000,0.00000000,-8.63753598E-07
13,18,0.00000000,0.00000000,0.00000000,-8.63753598E-07
13,19,0.00000000,0.00000000,0.00000000,-8.63753598E-07
13,20,0.00000000,0.00000000,0.00000000,-8.63753598E-07
14,1,196.823868,0.00000000,25.2765236,1.86699175E-03
14,2,196.823868,25.2765236,50.1679420,1.86699175E-03
14,3,196.823868,50.1679420,74.1509857,1.86699175E-03
14,4,196.823868,74.1509857,96.5639954,1.86699175E-03
14,5,196.823868,96.5639954,116.765121,1.86699175E-03
14,6,196.823868,116.765121,134.280243,1.86699175E-03
14,7,196.823868,134.280243,148.887497,1.86699175E-03
14,8,196.823868,148.887497,160.625259,1.86699175E-03
14,9,196.823868,160.625259,169.742203,1.86699175E-03
14,10,196.823868,169.742203,176.619476,1.86699175E-03
14,11,196.823868,176.619476,181.692093,1.86699175E-03
14,12,196.823868,181.692093,185.386337,1.86699175E-03
14,13,196.823868,185.386337,188.079605,1.86699175E-03
14,14,196.823868,188.079605,190.080688,1.86699175E-03
14,15,196.823868,190.080688,191.626221,1.86699175E-03
14,16,196.823868,191.626221,192.886765,1.86699175E-03
14,17,196.823868,192.886765,193.978012,1.86699175E-03
14,18,196.823868,193.978012,194.973236,1.86699175E-03
14,19,196.823868,194.973236,195.914795,1.86699175E-03
14,20,196.823868,195.914795,196.823868,1.86699175E-03
15,1,59.0752220,56.5496559,56.6214867,8.74140187E-06
15,2,59.0752220,56.6214867,56.7724724,8.74140187E-06
15,3,59.0752220,56.7724724,56.8369980,8.74140187E-06
15,4,59.0752220,56.8369980,57.2214241,8.74140187E-06
15,5,59.0752220,57.2214241,57.3842468,8.74140187E-06
15,6,59.0752220,57.3842468,57.5187340,8.74140187E-06
15,7,59.0752220,57.5187340,57.8258667,8.74140187E-06
15,8,59.0752220,57.8258667,58.1951141,8.74140187E-06
15,9,59.0752220,58.1951141,58.4505539,8.74140187E-06
15,10,59.0752220,58.4505539,58.5628929,8.74140187E-06
15,11,59.0752220,58.5628929,58.6278305,8.74140187E-06
15,12,59.0752220,58.6278305,58.7392159,8.74140187E-06
15,13,59.0752220,58.7392159,58.9097290,8.74140187E-06
15,14,59.0752220,58.9097290,59.0812073,8.74140187E-06
15,15,59.0752220,59.0812073,59.1845360,8.74140187E-06
15,16,59.0752220,59.1845360,59.1911964,8.74140187E-06
15,17,59.0752220,59.1911964,59.1270561,8.74140187E-06
15,18,59.0752220,59.1270561,59.0516357,8.74140187E-06
15,19,59.0752220,59.0516357,59.0238113,8.74140187E-06
15,20,59.0752220,59.0238113,59.0752220,8.74140187E-06
16,1,0.00000000,0.00000000,0.00000000,-5.71470242E-04
16,2,0.00000000,0.00000000,0.00000000,-5.71470242E-04
16,3,0.00000000,0.00000000,0.00000000,-5.71470242E-04
16,4,0.00000000,0.00000000,0.00000000,-5.71470242E-04
16,5,0.00000000,0.00000000,0.00000000,-5.71470242E-04
16,6,0.00000000,0.00000000,0.00000000,-5.71470242E-04
16,7,0.00000000,0.00000000,0.00000000,-5.71470242E-04
16,8,0.00000000,0.00000000,0.00000000,-5.71470242E-04
16,9,0.00000000,0.00000000,0.00000000,-5.71470242E-04
16,10,0.00000000,0.00000000,0.00000000,-5.71470242E-04
16,11,0.00000000,0.00000000,0.00000000,-5.71470242E-04
16,12,0.00000000,0.00000000,0.00000000,-5.71470242E-04
16,13,0.00000000,0.00000000,0.00000000,-5.71470242E-04
16,14,0.00000000,0.00000000,0.00000000,-5.71470242E-04
16,15,0.00000000,0.00000000,0.00000000,-5.71470242E-04
16,16,0.00000000,0.00000000,0.00000000,-5.71470242E-04
16,17,0.00000000,0.00000000,0.00000000,-5.71470242E-04
16,18,0.00000000,0.00000000,0.00000000,-5.71470242E-04
16,19,0.00000000,0.00000000,0.00000000,-5.71470242E-04
16,20,0.00000000,0.00000000,0.00000000,-5.71470242E-04
17,1,0.00000000,0.00000000,0.00000000,-2.64699520E-05
17,2,0.00000000,0.00000000,0.00000000,-2.64699520E-05
17,3,0.00000000,0.00000000,0.00000000,-2.64699520E-05
17,4,0.00000000,0.00000000,0.00000000,-2.64699520E-05
17,5,0.00000000,0.00000000,0.00000000,-2.64699520E-05
17,6,0.00000000,0.00000000,0.00000000,-2.64699520E-05
17,7,0.00000000,0.00000000,0.00000000,-2.64699520E-05
17,8,0.00000000,0.00000000,0.00000000,-2.64699520E-05
17,9,0.00000000,0.00000000,0.00000000,-2.64699520E-05
17,10,0.00000000,0.00000000,0.00000000,-2.64699520E-05
17,11,0.00000000,0.00000000,0.00000000,-2.64699520E-05
17,12,0.00000000,0.00000000,0.00000000,-2.64699520E-05
17,13,0.00000000,0.00000000,0.00000000,-2.64699520E-05
17,14,0.00000000,0.00000000,0.00000000,-2.64699520E-05
17,15,0.00000000,0.00000000,0.00000000,-2.64699520E-05
17,16,0.00000000,0.00000000,0.00000000,-2.64699520E-05
17,17,0.00000000,0.00000000,0.00000000,-2.64699520E-05
17,18,0.00000000,0.00000000,0.00000000,-2.64699520E-05
17,19,0.00000000,0.00000000,0.00000000,-2.64699520E-05
17,20,0.00000000,0.00000000,0.00000000,-2.64699520E-05
18,1,24.0201950,16.1787224,16.5109100,4.17961637E-05
18,2,24.0201950,16.5109100,16.9065762,4.17961637E-05
18,3,24.0201950,16.9065762,17.3237991,4.17961637E-05
18,4,24.0201950,17.3237991,17.7549248,4.17961637E-05
18,5,24.0201950,17.7549248,18.1902657,4.17961637E-05
18,6,24.0201950,18.1902657,18.6149178,4.17961637E-05
18,7,24.0201950,18.6149178,19.0148563,4.17961637E-05
18,8,24.0201950,19.0148563,19.3826599,4.17961637E-05
18,9,24.0201950,19.3826599,19.7196503,4.17961637E-05
18,10,24.0201950,19.7196503,20.0347900,4.17961637E-05
18,11,24.0201950,20.0347900,20.3417187,4.17961637E-05
18,12,24.0201950,20.3417187,20.6551056,4.17961637E-05
18,13,24.0201950,20.6551056,20.9877224,4.17961637E-05
18,14,24.0201950,20.9877224,21.3481617,4.17961637E-05
18,15,24.0201950,21.3481617,21.7400742,4.17961637E-05
18,16,24.0201950,21.7400742,22.1622791,4.17961637E-05
18,17,24.0201950,22.1622791,22.6096096,4.17961637E-05
18,18,24.0201950,22.6096096,23.0743046,4.17961637E-05
18,19,24.0201950,23.0743046,23.5474148,4.17961637E-05
18,20,24.0201950,23.5474148,24.0201950,4.17961637E-05
19,1,4.19634022E-03,0.00000000,2.08585378E-04,6.54863985E-09
19,2,4.19634022E-03,2.08585378E-04,4.17170639E-04,6.54863985E-09
19,3,4.19634022E-03,4.17170639E-04,6.25758490E-04,6.54863985E-09
19,4,4.19634022E-03,6.25758490E-04,8.34316830E-04,6.54863985E-09
19,5,4.19634022E-03,8.34316830E-04,1.04310678E-03,6.54863985E-09
19,6,4.19634022E-03,1.04310678E-03,1.25057390E-03,6.54863985E-09
19,7,4.19634022E-03,1.25057390E-03,1.46368705E-03,6.54863985E-09
19,8,4.19634022E-03,1.46368705E-03,1.65864988E-03,6.54863985E-09
19,9,4.19634022E-03,1.65864988E-03,1.89710897E-03,6.54863985E-09
19,10,4.19634022E-03,1.89710897E-03,2.06075073E-03,6.54863985E-09
19,11,4.19634022E-03,2.06075073E-03,2.30755215E-03,6.54863985E-09
19,12,4.19634022E-03,2.30755215E-03,2.51630414E-03,6.54863985E-09
19,13,4.19634022E-03,2.51630414E-03,2.68903142E-03,6.54863985E-09
19,14,4.19634022E-03,2.68903142E-03,2.91573070E-03,6.54863985E-09
19,15,4.19634022E-03,2.91573070E-03,3.15317465E-03,6.54863985E-09
19,16,4.19634022E-03,3.15317465E-03,3.34199099E-03,6.54863985E-09
19,17,4.19634022E-03,3.34199099E-03,3.52125522E-03,6.54863985E-09
19,18,4.19634022E-03,3.52125522E-03,3.74191860E-03,6.54863985E-09
19,19,4.19634022E-03,3.74191860E-03,3.98330949E-03,6.54863985E-09
19,20,4.19634022E-03,3.98330949E-03,4.19634022E-03,6.54863985E-09
20,1,59.1711044,59.0752220,59.0684929,2.15985693E-07
20,2,59.1711044,59.0684929,59.0681190,2.15985693E-07
20,3,59.1711044,59.0681190,59.0676270,2.15985693E-07
20,4,59.1711044,59.0676270,59.0671501,2.15985693E-07
20,5,59.1711044,59.0671501,59.0681305,2.15985693E-07
20,6,59.1711044,59.0681305,59.0714417,2.15985693E-07
20,7,59.1711044,59.0714417,59.0770607,2.15985693E-07
20,8,59.1711044,59.0770607,59.0844002,2.15985693E-07
20,9,59.1711044,59.0844002,59.0926285,2.15985693E-07
20,10,59.1711044,59.0926285,59.1010132,2.15985693E-07
20,11,59.1711044,59.1010132,59.1090660,2.15985693E-07
20,12,59.1711044,59.1090660,59.1165581,2.15985693E-07
20,13,59.1711044,59.1165581,59.1235657,2.15985693E-07
20,14,59.1711044,59.1235657,59.1302681,2.15985693E-07
20,15,59.1711044,59.1302681,59.1368370,2.15985693E-07
20,16,59.1711044,59.1368370,59.1434860,2.15985693E-07
20,17,59.1711044,59.1434860,59.1503181,2.15985693E-07
20,18,59.1711044,59.1503181,59.1573029,2.15985693E-07
20,19,59.1711044,59.1573029,59.1643028,2.15985693E-07
20,20,59.1711044,59.1643028,59.1711044,2.15985693E-07
21,1,13.2562017,0.00000000,0.861877680,1.32888308E-04
21,2,13.2562017,0.861877680,1.57385290,1.32888308E-04
21,3,13.2562017,1.57385290,2.18913150,1.32888308E-04
21,4,13.2562017,2.18913150,2.74834490,1.32888308E-04
21,5,13.2562017,2.74834490,3.28177929,1.32888308E-04
21,6,13.2562017,3.28177929,3.81128693,1.32888308E-04
21,7,13.2562017,3.81128693,4.35191917,1.32888308E-04
21,8,13.2562017,4.35191917,4.91331339,1.32888308E-04
21,9,13.2562017,4.91331339,5.50087070,1.32888308E-04
21,10,13.2562017,5.50087070,6.11673450,1.32888308E-04
21,11,13.2562017,6.11673450,6.76062059,1.32888308E-04
21,12,13.2562017,6.76062059,7.43048954,1.32888308E-04
21,13,13.2562017,7.43048954,8.12310791,1.32888308E-04
21,14,13.2562017,8.12310791,8.83449459,1.32888308E-04
21,15,13.2562017,8.83449459,9.56029129,1.32888308E-04
21,16,13.2562017,9.56029129,10.2960320,1.32888308E-04
21,17,13.2562017,10.2960320,11.0373716,1.32888308E-04
21,18,13.2562017,11.0373716,11.7802296,1.32888308E-04
21,19,13.2562017,11.7802296,12.5209141,1.32888308E-04
21,20,13.2562017,12.5209141,13.2562017,1.32888308E-04
22,1,1147.35950,24.0201950,79.9682922,2.40099127E-03
22,2,1147.35950,79.9682922,136.522919,2.40099127E-03
22,3,1147.35950,136.522919,197.874756,2.40099127E-03
22,4,1147.35950,197.874756,255.903320,2.40099127E-03
22,5,1147.35950,255.903320,306.241974,2.40099127E-03
22,6,1147.35950,306.241974,356.104095,2.40099127E-03
22,7,1147.35950,356.104095,412.341034,2.40099127E-03
22,8,1147.35950,412.341034,474.767029,2.40099127E-03
22,9,1147.35950,474.767029,538.565186,2.40099127E-03
22,10,1147.35950,538.565186,599.358398,2.40099127E-03
22,11,1147.35950,599.358398,655.928162,2.40099127E-03
22,12,1147.35950,655.928162,709.769043,2.40099127E-03
22,13,1147.35950,709.769043,763.139038,2.40099127E-03
22,14,1147.35950,763.139038,817.411560,2.40099127E-03
22,15,1147.35950,817.411560,872.600403,2.40099127E-03
22,16,1147.35950,872.600403,927.903137,2.40099127E-03
22,17,1147.35950,927.903137,982.606689,2.40099127E-03
22,18,1147.35950,982.606689,1036.75293,2.40099127E-03
22,19,1147.35950,1036.75293,1091.22449,2.40099127E-03
22,20,1147.35950,1091.22449,1147.35950,2.40099127E-03
23,1,0.00000000,4.19634022E-03,0.00000000,-1.57415256E-04
23,2,0.00000000,0.00000000,0.00000000,-1.57415256E-04
23,3,0.00000000,0.00000000,0.00000000,-1.57415256E-04
23,4,0.00000000,0.00000000,0.00000000,-1.57415256E-04
23,5,0.00000000,0.00000000,0.00000000,-1.57415256E-04
23,6,0.00000000,0.00000000,0.00000000,-1.57415256E-04
23,7,0.00000000,0.00000000,0.00000000,-1.57415256E-04
23,8,0.00000000,0.00000000,0.00000000,-1.57415256E-04
23,9,0.00000000,0.00000000,0.00000000,-1.57415256E-04
23,10,0.00000000,0.00000000,0.00000000,-1.57415256E-04
23,11,0.00000000,0.00000000,0.00000000,-1.57415256E-04
23,12,0.00000000,0.00000000,0.00000000,-1.57415256E-04
23,13,0.00000000,0.00000000,0.00000000,-1.57415256E-04
23,14,0.00000000,0.00000000,0.00000000,-1.57415256E-04
23,15,0.00000000,0.00000000,0.00000000,-1.57415256E-04
23,16,0.00000000,0.00000000,0.00000000,-1.57415256E-04
23,17,0.00000000,0.00000000,0.00000000,-1.57415256E-04
23,18,0.00000000,0.00000000,0.00000000,-1.57415256E-04
23,19,0.00000000,0.00000000,0.00000000,-1.57415256E-04
23,20,0.00000000,0.00000000,0.00000000,-1.57415256E-04
24,1,12.1990061,13.2562017,13.2410698,-1.51560300E-07
24,2,12.1990061,13.2410698,13.7278833,-1.51560300E-07
24,3,12.1990061,13.7278833,13.7306318,-1.51560300E-07
24,4,12.1990061,13.7306318,13.2626829,-1.51560300E-07
24,5,12.1990061,13.2626829,12.6376266,-1.51560300E-07
24,6,12.1990061,12.6376266,12.1478853,-1.51560300E-07
24,7,12.1990061,12.1478853,11.9539165,-1.51560300E-07
24,8,12.1990061,11.9539165,12.0795269,-1.51560300E-07
24,9,12.1990061,12.0795269,12.4514313,-1.51560300E-07
24,10,12.1990061,12.4514313,12.9485312,-1.51560300E-07
24,11,12.1990061,12.9485312,13.4441156,-1.51560300E-07
24,12,12.1990061,13.4441156,13.8346682,-1.51560300E-07
24,13,12.1990061,13.8346682,14.0547142,-1.51560300E-07
24,14,12.1990061,14.0547142,14.0801506,-1.51560300E-07
24,15,12.1990061,14.0801506,13.9234610,-1.51560300E-07
24,16,12.1990061,13.9234610,13.6243048,-1.51560300E-07
24,17,12.1990061,13.6243048,13.2383003,-1.51560300E-07
24,18,12.1990061,13.2383003,12.7935839,-1.51560300E-07
24,19,12.1990061,12.7935839,12.4666138,-1.51560300E-07
24,20,12.1990061,12.4666138,12.1990061,-1.51560300E-07
25,1,1196.83105,1147.35950,1148.02600,-1.81400583E-06
25,2,1196.83105,1148.02600,1146.62268,-1.81400583E-06
25,3,1196.83105,1146.62268,1148.99158,-1.81400583E-06
25,4,1196.83105,1148.99158,1156.25354,-1.81400583E-06
25,5,1196.83105,1156.25354,1155.88379,-1.81400583E-06
25,6,1196.83105,1155.88379,1164.97607,-1.81400583E-06
25,7,1196.83105,1164.97607,1157.54968,-1.81400583E-06
25,8,1196.83105,1157.54968,1155.84021,-1.81400583E-06
25,9,1196.83105,1155.84021,1145.15759,-1.81400583E-06
25,10,1196.83105,1145.15759,1151.12073,-1.81400583E-06
25,11,1196.83105,1151.12073,1155.82288,-1.81400583E-06
25,12,1196.83105,1155.82288,1153.88721,-1.81400583E-06
25,13,1196.83105,1153.88721,1166.58423,-1.81400583E-06
25,14,1196.83105,1166.58423,1176.45020,-1.81400583E-06
25,15,1196.83105,1176.45020,1191.04224,-1.81400583E-06
25,16,1196.83105,1191.04224,1200.19189,-1.81400583E-06
25,17,1196.83105,1200.19189,1207.52954,-1.81400583E-06
25,18,1196.83105,1207.52954,1205.63098,-1.81400583E-06
25,19,1196.83105,1205.63098,1201.25696,-1.81400583E-06
25,20,1196.83105,1201.25696,1196.83105,-1.81400583E-06
26,1,0.00000000,0.00000000,0.00000000,-1.60424242E-04
26,2,0.00000000,0.00000000,0.00000000,-1.60424242E-04
26,3,0.00000000,0.00000000,0.00000000,-1.60424242E-04
26,4,0.00000000,0.00000000,0.00000000,-1.60424242E-04
26,5,0.00000000,0.00000000,0.00000000,-1.60424242E-04
26,6,0.00000000,0.00000000,0.00000000,-1.60424242E-04
26,7,0.00000000,0.00000000,0.00000000,-1.60424242E-04
26,8,0.00000000,0.00000000,0.00000000,-1.60424242E-04
26,9,0.00000000,0.00000000,0.00000000,-1.60424242E-04
26,10,0.00000000,0.00000000,0.00000000,-1.60424242E-04
26,11,0.00000000,0.00000000,0.00000000,-1.60424242E-04
26,12,0.00000000,0.00000000,0.00000000,-1.60424242E-04
26,13,0.00000000,0.00000000,0.00000000,-1.60424242E-04
26,14,0.00000000,0.00000000,0.00000000,-1.60424242E-04
26,15,0.00000000,0.00000000,0.00000000,-1.60424242E-04
26,16,0.00000000,0.00000000,0.00000000,-1.60424242E-04
26,17,0.00000000,0.00000000,0.00000000,-1.60424242E-04
26,18,0.00000000,0.00000000,0.00000000,-1.60424242E-04
26,19,0.00000000,0.00000000,0.00000000,-1.60424242E-04
26,20,0.00000000,0.00000000,0.00000000,-1.60424242E-04
27,1,0.00000000,12.1990061,0.00000000,-1.38470891E-03
27,2,0.00000000,0.00000000,0.00000000,-1.38470891E-03
27,3,0.00000000,0.00000000,0.00000000,-1.38470891E-03
27,4,0.00000000,0.00000000,0.00000000,-1.38470891E-03
27,5,0.00000000,0.00000000,0.00000000,-1.38470891E-03
27,6,0.00000000,0.00000000,0.00000000,-1.38470891E-03
27,7,0.00000000,0.00000000,0.00000000,-1.38470891E-03
27,8,0.00000000,0.00000000,0.00000000,-1.38470891E-03
27,9,0.00000000,0.00000000,0.00000000,-1.38470891E-03
27,10,0.00000000,0.00000000,0.00000000,-1.38470891E-03
27,11,0.00000000,0.00000000,0.00000000,-1.38470891E-03
27,12,0.00000000,0.00000000,0.00000000,-1.38470891E-03
27,13,0.00000000,0.00000000,0.00000000,-1.38470891E-03
27,14,0.00000000,0.00000000,0.00000000,-1.38470891E-03
27,15,0.00000000,0.00000000,0.00000000,-1.38470891E-03
27,16,0.00000000,0.00000000,0.00000000,-1.38470891E-03
27,17,0.00000000,0.00000000,0.00000000,-1.38470891E-03
27,18,0.00000000,0.00000000,0.00000000,-1.38470891E-03
27,19,0.00000000,0.00000000,0.00000000,-1.38470891E-03
27,20,0.00000000,0.00000000,0.00000000,-1.38470891E-03
28,1,485.332794,1196.83105,1109.60217,-4.39431169E-04
28,2,485.332794,1109.60217,1067.95264,-4.39431169E-04
28,3,485.332794,1067.95264,1049.76611,-4.39431169E-04
28,4,485.332794,1049.76611,1000.69006,-4.39431169E-04
28,5,485.332794,1000.69006,1031.12915,-4.39431169E-04
28,6,485.332794,1031.12915,1020.63147,-4.39431169E-04
28,7,485.332794,1020.63147,934.134094,-4.39431169E-04
28,8,485.332794,934.134094,874.520935,-4.39431169E-04
28,9,485.332794,874.520935,818.188477,-4.39431169E-04
28,10,485.332794,818.188477,862.510376,-4.39431169E-04
28,11,485.332794,862.510376,858.985229,-4.39431169E-04
28,12,485.332794,858.985229,744.835754,-4.39431169E-04
28,13,485.332794,744.835754,658.567810,-4.39431169E-04
28,14,485.332794,658.567810,640.351501,-4.39431169E-04
28,15,485.332794,640.351501,779.955627,-4.39431169E-04
28,16,485.332794,779.955627,786.391785,-4.39431169E-04
28,17,485.332794,786.391785,696.814941,-4.39431169E-04
28,18,485.332794,696.814941,463.459625,-4.39431169E-04
28,19,485.332794,463.459625,449.279114,-4.39431169E-04
28,20,485.332794,449.279114,485.332794,-4.39431169E-04
29,1,1.00333202,3.15382640E-05,7.55274445E-02,5.49733386E-06
29,2,1.00333202,7.55274445E-02,0.116398126,5.49733386E-06
29,3,1.00333202,0.116398126,0.195425943,5.49733386E-06
29,4,1.00333202,0.195425943,0.283550918,5.49733386E-06
29,5,1.00333202,0.283550918,0.349487603,5.49733386E-06
29,6,1.00333202,0.349487603,0.433567584,5.49733386E-06
29,7,1.00333202,0.433567584,0.459587574,5.49733386E-06
29,8,1.00333202,0.459587574,0.485530853,5.49733386E-06
29,9,1.00333202,0.485530853,0.585591495,5.49733386E-06
29,10,1.00333202,0.585591495,0.706938922,5.49733386E-06
29,11,1.00333202,0.706938922,0.767786264,5.49733386E-06
29,12,1.00333202,0.767786264,0.771323502,5.49733386E-06
29,13,1.00333202,0.771323502,0.795523226,5.49733386E-06
29,14,1.00333202,0.795523226,0.852477133,5.49733386E-06
29,15,1.00333202,0.852477133,1.14914656,5.49733386E-06
29,16,1.00333202,1.14914656,1.42487526,5.49733386E-06
29,17,1.00333202,1.42487526,1.31435490,5.49733386E-06
29,18,1.00333202,1.31435490,1.07266796,5.49733386E-06
29,19,1.00333202,1.07266796,0.941348195,5.49733386E-06
29,20,1.00333202,0.941348195,1.00333202,5.49733386E-06
30,1,7.28565264,0.00000000,0.462398350,1.43458474E-05
30,2,7.28565264,0.462398350,0.979748368,1.43458474E-05
30,3,7.28565264,0.979748368,1.31517839,1.43458474E-05
30,4,7.28565264,1.31517839,1.95170093,1.43458474E-05
30,5,7.28565264,1.95170093,2.08779693,1.43458474E-05
30,6,7.28565264,2.08779693,3.92411947,1.43458474E-05
30,7,7.28565264,3.92411947,1.43862629,1.43458474E-05
30,8,7.28565264,1.43862629,4.73660183,1.43458474E-05
30,9,7.28565264,4.73660183,4.94434547,1.43458474E-05
30,10,7.28565264,4.94434547,3.10753584,1.43458474E-05
30,11,7.28565264,3.10753584,5.30341387,1.43458474E-05
30,12,7.28565264,5.30341387,8.80676174,1.43458474E-05
30,13,7.28565264,8.80676174,4.18348551,1.43458474E-05
30,14,7.28565264,4.18348551,3.81246948,1.43458474E-05
30,15,7.28565264,3.81246948,5.85865307,1.43458474E-05
30,16,7.28565264,5.85865307,12.1408739,1.43458474E-05
30,17,7.28565264,12.1408739,10.6455936,1.43458474E-05
30,18,7.28565264,10.6455936,6.07715082,1.43458474E-05
30,19,7.28565264,6.07715082,6.55640650,1.43458474E-05
30,20,7.28565264,6.55640650,7.28565264,1.43458474E-05
31,1,58.2883492,38.4418335,39.6419830,4.75462984E-05
31,2,58.2883492,39.6419830,40.3430595,4.75462984E-05
31,3,58.2883492,40.3430595,42.6043663,4.75462984E-05
31,4,58.2883492,42.6043663,42.3060837,4.75462984E-05
31,5,58.2883492,42.3060837,43.7161903,4.75462984E-05
31,6,58.2883492,43.7161903,45.9180641,4.75462984E-05
31,7,58.2883492,45.9180641,47.3476486,4.75462984E-05
31,8,58.2883492,47.3476486,47.8425980,4.75462984E-05
31,9,58.2883492,47.8425980,48.0709038,4.75462984E-05
31,10,58.2883492,48.0709038,48.5920982,4.75462984E-05
31,11,58.2883492,48.5920982,49.5005989,4.75462984E-05
31,12,58.2883492,49.5005989,50.5742073,4.75462984E-05
31,13,58.2883492,50.5742073,51.5633507,4.75462984E-05
31,14,58.2883492,51.5633507,52.3720589,4.75462984E-05
31,15,58.2883492,52.3720589,53.0735703,4.75462984E-05
31,16,58.2883492,53.0735703,53.8205109,4.75462984E-05
31,17,58.2883492,53.8205109,54.7353706,4.75462984E-05
31,18,58.2883492,54.7353706,55.8444901,4.75462984E-05
31,19,58.2883492,55.8444901,57.0735474,4.75462984E-05
31,20,58.2883492,57.0735474,58.2883492,4.75462984E-05
32,1,10255.5488,204.109528,157.853317,-2.17001936E-08
32,2,10255.5488,157.853317,122.461067,-2.17001936E-08
32,3,10255.5488,122.461067,118.450264,-2.17001936E-08
32,4,10255.5488,118.450264,162.220444,-2.17001936E-08
32,5,10255.5488,162.220444,262.520691,-2.17001936E-08
32,6,10255.5488,262.520691,407.906433,-2.17001936E-08
32,7,10255.5488,407.906433,561.241760,-2.17001936E-08
32,8,10255.5488,561.241760,672.565491,-2.17001936E-08
32,9,10255.5488,672.565491,706.507568,-2.17001936E-08
32,10,10255.5488,706.507568,664.350403,-2.17001936E-08
32,11,10255.5488,664.350403,587.130737,-2.17001936E-08
32,12,10255.5488,587.130737,544.134216,-2.17001936E-08
32,13,10255.5488,544.134216,619.832947,-2.17001936E-08
32,14,10255.5488,619.832947,906.436462,-2.17001936E-08
32,15,10255.5488,906.436462,1498.54077,-2.17001936E-08
32,16,10255.5488,1498.54077,2481.21802,-2.17001936E-08
32,17,10255.5488,2481.21802,3906.44580,-2.17001936E-08
32,18,10255.5488,3906.44580,5761.86719,-2.17001936E-08
32,19,10255.5488,5761.86719,7944.57666,-2.17001936E-08
32,20,10255.5488,7944.57666,10255.5488,-2.17001936E-08
33,1,40.1461334,58.2883492,57.8016510,-7.11933753E-05
33,2,40.1461334,57.8016510,58.0996399,-7.11933753E-05
33,3,40.1461334,58.0996399,53.9415131,-7.11933753E-05
33,4,40.1461334,53.9415131,54.2156906,-7.11933753E-05
33,5,40.1461334,54.2156906,56.8738785,-7.11933753E-05
33,6,40.1461334,56.8738785,57.4439926,-7.11933753E-05
33,7,40.1461334,57.4439926,54.6634827,-7.11933753E-05
33,8,40.1461334,54.6634827,50.7600937,-7.11933753E-05
33,9,40.1461334,50.7600937,46.6275101,-7.11933753E-05
33,10,40.1461334,46.6275101,46.4475632,-7.11933753E-05
33,11,40.1461334,46.4475632,47.4931107,-7.11933753E-05
33,12,40.1461334,47.4931107,49.0388565,-7.11933753E-05
33,13,40.1461334,49.0388565,50.3977661,-7.11933753E-05
33,14,40.1461334,50.3977661,49.4665985,-7.11933753E-05
33,15,40.1461334,49.4665985,49.0866089,-7.11933753E-05
33,16,40.1461334,49.0866089,47.7163391,-7.11933753E-05
33,17,40.1461334,47.7163391,45.6367111,-7.11933753E-05
33,18,40.1461334,45.6367111,41.4499207,-7.11933753E-05
33,19,40.1461334,41.4499207,39.7078094,-7.11933753E-05
33,20,40.1461334,39.7078094,40.1461334,-7.11933753E-05
34,1,15529.8496,10255.5488,10727.1123,-5.50686764E-07
34,2,15529.8496,10727.1123,11190.7021,-5.50686764E-07
34,3,15529.8496,11190.7021,11643.5938,-5.50686764E-07
34,4,15529.8496,11643.5938,12083.0684,-5.50686764E-07
34,5,15529.8496,12083.0684,12506.4404,-5.50686764E-07
34,6,15529.8496,12506.4404,12911.0879,-5.50686764E-07
34,7,15529.8496,12911.0879,13294.4854,-5.50686764E-07
34,8,15529.8496,13294.4854,13654.2314,-5.50686764E-07
34,9,15529.8496,13654.2314,13988.0791,-5.50686764E-07
34,10,15529.8496,13988.0791,14293.9580,-5.50686764E-07
34,11,15529.8496,14293.9580,14570.0088,-5.50686764E-07
34,12,15529.8496,14570.0088,14814.5967,-5.50686764E-07
34,13,15529.8496,14814.5967,15026.3330,-5.50686764E-07
34,14,15529.8496,15026.3330,15204.0947,-5.50686764E-07
34,15,15529.8496,15204.0947,15347.0322,-5.50686764E-07
34,16,15529.8496,15347.0322,15454.5830,-5.50686764E-07
34,17,15529.8496,15454.5830,15526.4756,-5.50686764E-07
34,18,15529.8496,15526.4756,15562.7295,-5.50686764E-07
34,19,15529.8496,15562.7295,15563.6553,-5.50686764E-07
34,20,15529.8496,15563.6553,15529.8496,-5.50686764E-07
35,1,15333.7402,15529.8496,15513.3789,-6.52723853E-03
35,2,15333.7402,15513.3789,15500.4141,-6.52723853E-03
35,3,15333.7402,15500.4141,15468.5996,-6.52723853E-03
35,4,15333.7402,15468.5996,15457.3779,-6.52723853E-03
35,5,15333.7402,15457.3779,15555.8115,-6.52723853E-03
35,6,15333.7402,15555.8115,15293.3203,-6.52723853E-03
35,7,15333.7402,15293.3203,15302.8076,-6.52723853E-03
35,8,15333.7402,15302.8076,15628.0986,-6.52723853E-03
35,9,15333.7402,15628.0986,15533.3662,-6.52723853E-03
35,10,15333.7402,15533.3662,15209.6504,-6.52723853E-03
35,11,15333.7402,15209.6504,15102.3770,-6.52723853E-03
35,12,15333.7402,15102.3770,15281.6328,-6.52723853E-03
35,13,15333.7402,15281.6328,15506.3135,-6.52723853E-03
35,14,15333.7402,15506.3135,15551.0645,-6.52723853E-03
35,15,15333.7402,15551.0645,15391.4482,-6.52723853E-03
35,16,15333.7402,15391.4482,15161.4756,-6.52723853E-03
35,17,15333.7402,15161.4756,15018.2217,-6.52723853E-03
35,18,15333.7402,15018.2217,15036.0781,-6.52723853E-03
35,19,15333.7402,15036.0781,15174.1504,-6.52723853E-03
35,20,15333.7402,15174.1504,15333.7402,-6.52723853E-03
36,1,30826.7637,15819.0732,15543.1924,2.87812259E-06
36,2,30826.7637,15543.1924,15268.3145,2.87812259E-06
36,3,30826.7637,15268.3145,15011.8623,2.87812259E-06
36,4,30826.7637,15011.8623,14781.7744,2.87812259E-06
36,5,30826.7637,14781.7744,14579.8926,2.87812259E-06
36,6,30826.7637,14579.8926,14407.2617,2.87812259E-06
36,7,30826.7637,14407.2617,14268.7461,2.87812259E-06
36,8,30826.7637,14268.7461,14176.0117,2.87812259E-06
36,9,30826.7637,14176.0117,14148.9004,2.87812259E-06
36,10,30826.7637,14148.9004,14215.6230,2.87812259E-06
36,11,30826.7637,14215.6230,14412.2188,2.87812259E-06
36,12,30826.7637,14412.2188,14781.7129,2.87812259E-06
36,13,30826.7637,14781.7129,15373.2246,2.87812259E-06
36,14,30826.7637,15373.2246,16241.1855,2.87812259E-06
36,15,30826.7637,16241.1855,17444.6934,2.87812259E-06
36,16,30826.7637,17444.6934,19046.9844,2.87812259E-06
36,17,30826.7637,19046.9844,21114.9668,2.87812259E-06
36,18,30826.7637,21114.9668,23718.7461,2.87812259E-06
36,19,30826.7637,23718.7461,26931.0879,2.87812259E-06
36,20,30826.7637,26931.0879,30826.7637,2.87812259E-06
37,1,576170.812,30826.7637,37531.8242,-4.33411566E-04
37,2,576170.812,37531.8242,45982.9219,-4.33411566E-04
37,3,576170.812,45982.9219,56409.2617,-4.33411566E-04
37,4,576170.812,56409.2617,69030.9609,-4.33411566E-04
37,5,576170.812,69030.9609,84050.2656,-4.33411566E-04
37,6,576170.812,84050.2656,101641.742,-4.33411566E-04
37,7,576170.812,101641.742,121942.023,-4.33411566E-04
37,8,576170.812,121942.023,145039.453,-4.33411566E-04
37,9,576170.812,145039.453,170963.859,-4.33411566E-04
37,10,576170.812,170963.859,199677.375,-4.33411566E-04
37,11,576170.812,199677.375,231066.797,-4.33411566E-04
37,12,576170.812,231066.797,264937.781,-4.33411566E-04
37,13,576170.812,264937.781,301012.125,-4.33411566E-04
37,14,576170.812,301012.125,338928.062,-4.33411566E-04
37,15,576170.812,338928.062,378244.656,-4.33411566E-04
37,16,576170.812,378244.656,418449.594,-4.33411566E-04
37,17,576170.812,418449.594,458971.219,-4.33411566E-04
37,18,576170.812,458971.219,499193.719,-4.33411566E-04
37,19,576170.812,499193.719,538475.750,-4.33411566E-04
37,20,576170.812,538475.750,576170.812,-4.33411566E-04
38,1,241904.656,576170.812,637711.812,-1.20411278E-05
38,2,241904.656,637711.812,690008.625,-1.20411278E-05
38,3,241904.656,690008.625,730432.750,-1.20411278E-05
38,4,241904.656,730432.750,757184.312,-1.20411278E-05
38,5,241904.656,757184.312,769481.812,-1.20411278E-05
38,6,241904.656,769481.812,767636.250,-1.20411278E-05
38,7,241904.656,767636.250,752972.438,-1.20411278E-05
38,8,241904.656,752972.438,727599.750,-1.20411278E-05
38,9,241904.656,727599.750,694074.812,-1.20411278E-05
38,10,241904.656,694074.812,655027.375,-1.20411278E-05
38,11,241904.656,655027.375,612823.000,-1.20411278E-05
38,12,241904.656,612823.000,569322.500,-1.20411278E-05
38,13,241904.656,569322.500,525772.188,-1.20411278E-05
38,14,241904.656,525772.188,482830.344,-1.20411278E-05
38,15,241904.656,482830.344,440702.844,-1.20411278E-05
38,16,241904.656,440702.844,399342.281,-1.20411278E-05
38,17,241904.656,399342.281,358654.156,-1.20411278E-05
38,18,241904.656,358654.156,318661.625,-1.20411278E-05
38,19,241904.656,318661.625,279596.031,-1.20411278E-05
38,20,241904.656,279596.031,241904.656,-1.20411278E-05
39,1,16785.8965,241904.656,214284.719,-6.51430554E-08
39,2,16785.8965,214284.719,188158.891,-6.51430554E-08
39,3,16785.8965,188158.891,163796.078,-6.51430554E-08
39,4,16785.8965,163796.078,141421.016,-6.51430554E-08
39,5,16785.8965,141421.016,121198.422,-6.51430554E-08
39,6,16785.8965,121198.422,103220.227,-6.51430554E-08
39,7,16785.8965,103220.227,87499.0156,-6.51430554E-08
39,8,16785.8965,87499.0156,73970.6094,-6.51430554E-08
39,9,16785.8965,73970.6094,62505.3359,-6.51430554E-08
39,10,16785.8965,62505.3359,52924.8125,-6.51430554E-08
39,11,16785.8965,52924.8125,45020.5742,-6.51430554E-08
39,12,16785.8965,45020.5742,38571.5469,-6.51430554E-08
39,13,16785.8965,38571.5469,33358.3555,-6.51430554E-08
39,14,16785.8965,33358.3555,29173.8887,-6.51430554E-08
39,15,16785.8965,29173.8887,25830.1816,-6.51430554E-08
39,16,16785.8965,25830.1816,23162.1660,-6.51430554E-08
39,17,16785.8965,23162.1660,21029.1055,-6.51430554E-08
39,18,16785.8965,21029.1055,19314.4043,-6.51430554E-08
39,19,16785.8965,19314.4043,17924.2949,-6.51430554E-08
39,20,16785.8965,17924.2949,16785.8965,-6.51430554E-08
40,1,19701.8281,16785.8965,16977.9180,6.19915165E-02
40,2,19701.8281,16977.9180,17181.8398,6.19915165E-02
40,3,19701.8281,17181.8398,17394.9609,6.19915165E-02
40,4,19701.8281,17394.9609,17614.0234,6.19915165E-02
40,5,19701.8281,17614.0234,17835.3398,6.19915165E-02
40,6,19701.8281,17835.3398,18055.0117,6.19915165E-02
40,7,19701.8281,18055.0117,18269.1719,6.19915165E-02
40,8,19701.8281,18269.1719,18474.1914,6.19915165E-02
40,9,19701.8281,18474.1914,18666.8906,6.19915165E-02
40,10,19701.8281,18666.8906,18844.6758,6.19915165E-02
40,11,19701.8281,18844.6758,19005.6328,6.19915165E-02
40,12,19701.8281,19005.6328,19148.5527,6.19915165E-02
40,13,19701.8281,19148.5527,19272.9395,6.19915165E-02
40,14,19701.8281,19272.9395,19378.9492,6.19915165E-02
40,15,19701.8281,19378.9492,19467.3242,6.19915165E-02
40,16,19701.8281,19467.3242,19539.3145,6.19915165E-02
40,17,19701.8281,19539.3145,19596.5918,6.19915165E-02
40,18,19701.8281,19596.5918,19641.1836,6.19915165E-02
40,19,19701.8281,19641.1836,19675.4062,6.19915165E-02
40,20,19701.8281,19675.4062,19701.8281,6.19915165E-02
41,1,19089.8281,19701.8281,19282.8047,-4.52012756E-07
41,2,19089.8281,19282.8047,18863.8203,-4.52012756E-07
41,3,19089.8281,18863.8203,18449.2969,-4.52012756E-07
41,4,19089.8281,18449.2969,18044.4258,-4.52012756E-07
41,5,19089.8281,18044.4258,17655.1074,-4.52012756E-07
41,6,19089.8281,17655.1074,17287.8633,-4.52012756E-07
41,7,19089.8281,17287.8633,16949.7383,-4.52012756E-07
41,8,19089.8281,16949.7383,16648.2148,-4.52012756E-07
41,9,19089.8281,16648.2148,16391.1426,-4.52012756E-07
41,10,19089.8281,16391.1426,16186.6943,-4.52012756E-07
41,11,19089.8281,16186.6943,16043.3584,-4.52012756E-07
41,12,19089.8281,16043.3584,15969.9521,-4.52012756E-07
41,13,19089.8281,15969.9521,15975.6514,-4.52012756E-07
41,14,19089.8281,15975.6514,16070.0283,-4.52012756E-07
41,15,19089.8281,16070.0283,16263.0908,-4.52012756E-07
41,16,19089.8281,16263.0908,16565.2949,-4.52012756E-07
41,17,19089.8281,16565.2949,16987.5566,-4.52012756E-07
41,18,19089.8281,16987.5566,17541.2168,-4.52012756E-07
41,19,19089.8281,17541.2168,18237.9844,-4.52012756E-07
41,20,19089.8281,18237.9844,19089.8281,-4.52012756E-07
42,1,41860.9805,19089.8281,19632.2480,3.80881218E-04
42,2,41860.9805,19632.2480,20227.3105,3.80881218E-04
42,3,41860.9805,20227.3105,20877.0059,3.80881218E-04
42,4,41860.9805,20877.0059,21583.2949,3.80881218E-04
42,5,41860.9805,21583.2949,22348.0918,3.80881218E-04
42,6,41860.9805,22348.0918,23173.2656,3.80881218E-04
42,7,41860.9805,23173.2656,24060.6074,3.80881218E-04
42,8,41860.9805,24060.6074,25011.8418,3.80881218E-04
42,9,41860.9805,25011.8418,26028.5859,3.80881218E-04
42,10,41860.9805,26028.5859,27112.3496,3.80881218E-04
42,11,41860.9805,27112.3496,28264.5234,3.80881218E-04
42,12,41860.9805,28264.5234,29486.3535,3.80881218E-04
42,13,41860.9805,29486.3535,30778.9316,3.80881218E-04
42,14,41860.9805,30778.9316,32143.1836,3.80881218E-04
42,15,41860.9805,32143.1836,33579.8477,3.80881218E-04
42,16,41860.9805,33579.8477,35089.4727,3.80881218E-04
42,17,41860.9805,35089.4727,36672.3945,3.80881218E-04
42,18,41860.9805,36672.3945,38328.7305,3.80881218E-04
42,19,41860.9805,38328.7305,40058.3789,3.80881218E-04
42,20,41860.9805,40058.3789,41860.9805,3.80881218E-04
43,1,167157.703,41860.9805,54788.6641,2.09858109E-09
43,2,167157.703,54788.6641,69572.8438,2.09858109E-09
43,3,167157.703,69572.8438,85380.5234,2.09858109E-09
43,4,167157.703,85380.5234,101240.258,2.09858109E-09
43,5,167157.703,101240.258,116180.500,2.09858109E-09
43,6,167157.703,116180.500,129361.844,2.09858109E-09
43,7,167157.703,129361.844,140179.234,2.09858109E-09
43,8,167157.703,140179.234,148319.953,2.09858109E-09
43,9,167157.703,148319.953,153773.156,2.09858109E-09
43,10,167157.703,153773.156,156797.219,2.09858109E-09
43,11,167157.703,156797.219,157856.500,2.09858109E-09
43,12,167157.703,157856.500,157542.469,2.09858109E-09
43,13,167157.703,157542.469,156493.125,2.09858109E-09
43,14,167157.703,156493.125,155322.031,2.09858109E-09
43,15,167157.703,155322.031,154563.500,2.09858109E-09
43,16,167157.703,154563.500,154637.422,2.09858109E-09
43,17,167157.703,154637.422,155833.078,2.09858109E-09
43,18,167157.703,155833.078,158308.719,2.09858109E-09
43,19,167157.703,158308.719,162103.656,2.09858109E-09
43,20,167157.703,162103.656,167157.703,2.09858109E-09
44,1,197621.641,167157.703,168309.453,1.30700681E-03
44,2,197621.641,168309.453,169510.844,1.30700681E-03
44,3,197621.641,169510.844,170760.469,1.30700681E-03
44,4,197621.641,170760.469,172056.828,1.30700681E-03
44,5,197621.641,172056.828,173398.297,1.30700681E-03
44,6,197621.641,173398.297,174783.141,1.30700681E-03
44,7,197621.641,174783.141,176209.578,1.30700681E-03
44,8,197621.641,176209.578,177675.703,1.30700681E-03
44,9,197621.641,177675.703,179179.609,1.30700681E-03
44,10,197621.641,179179.609,180719.328,1.30700681E-03
44,11,197621.641,180719.328,182292.797,1.30700681E-03
44,12,197621.641,182292.797,183897.922,1.30700681E-03
44,13,197621.641,183897.922,185532.547,1.30700681E-03
44,14,197621.641,185532.547,187194.609,1.30700681E-03
44,15,197621.641,187194.609,188881.906,1.30700681E-03
44,16,197621.641,188881.906,190592.297,1.30700681E-03
44,17,197621.641,190592.297,192323.609,1.30700681E-03
44,18,197621.641,192323.609,194073.703,1.30700681E-03
44,19,197621.641,194073.703,195840.422,1.30700681E-03
44,20,197621.641,195840.422,197621.641,1.30700681E-03
45,1,268900.812,197621.641,202069.047,3.44697492E-06
45,2,268900.812,202069.047,206556.438,3.44697492E-06
45,3,268900.812,206556.438,211054.250,3.44697492E-06
45,4,268900.812,211054.250,215534.453,3.44697492E-06
45,5,268900.812,215534.453,219970.859,3.44697492E-06
45,6,268900.812,219970.859,224338.922,3.44697492E-06
45,7,268900.812,224338.922,228616.109,3.44697492E-06
45,8,268900.812,228616.109,232781.656,3.44697492E-06
45,9,268900.812,232781.656,236816.734,3.44697492E-06
45,10,268900.812,236816.734,240704.359,3.44697492E-06
45,11,268900.812,240704.359,244429.375,3.44697492E-06
45,12,268900.812,244429.375,247978.266,3.44697492E-06
45,13,268900.812,247978.266,251339.234,3.44697492E-06
45,14,268900.812,251339.234,254501.938,3.44697492E-06
45,15,268900.812,254501.938,257457.516,3.44697492E-06
45,16,268900.812,257457.516,260198.328,3.44697492E-06
45,17,268900.812,260198.328,262717.969,3.44697492E-06
45,18,268900.812,262717.969,265011.062,3.44697492E-06
45,19,268900.812,265011.062,267073.219,3.44697492E-06
45,20,268900.812,267073.219,268900.812,3.44697492E-06
46,1,273554.438,268900.812,269402.344,-1.39524360E-07
46,2,273554.438,269402.344,269880.375,-1.39524360E-07
46,3,273554.438,269880.375,270334.156,-1.39524360E-07
46,4,273554.438,270334.156,270762.938,-1.39524360E-07
46,5,273554.438,270762.938,271165.781,-1.39524360E-07
46,6,273554.438,271165.781,271541.875,-1.39524360E-07
46,7,273554.438,271541.875,271890.312,-1.39524360E-07
46,8,273554.438,271890.312,272210.250,-1.39524360E-07
46,9,273554.438,272210.250,272500.781,-1.39524360E-07
46,10,273554.438,272500.781,272761.062,-1.39524360E-07
46,11,273554.438,272761.062,272990.281,-1.39524360E-07
46,12,273554.438,272990.281,273187.625,-1.39524360E-07
46,13,273554.438,273187.625,273352.500,-1.39524360E-07
46,14,273554.438,273352.500,273484.250,-1.39524360E-07
46,15,273554.438,273484.250,273582.312,-1.39524360E-07
46,16,273554.438,273582.312,273646.188,-1.39524360E-07
46,17,273554.438,273646.188,273675.594,-1.39524360E-07
46,18,273554.438,273675.594,273670.188,-1.39524360E-07
46,19,273554.438,273670.188,273629.812,-1.39524360E-07
46,20,273554.438,273629.812,273554.438,-1.39524360E-07
47,1,273640.438,273613.594,273609.562,1.95620796E-05
47,2,273640.438,273609.562,273623.875,1.95620796E-05
47,3,273640.438,273623.875,273618.500,1.95620796E-05
47,4,273640.438,273618.500,273625.812,1.95620796E-05
47,5,273640.438,273625.812,273636.438,1.95620796E-05
47,6,273640.438,273636.438,273646.688,1.95620796E-05
47,7,273640.438,273646.688,273637.812,1.95620796E-05
47,8,273640.438,273637.812,273611.500,1.95620796E-05
47,9,273640.438,273611.500,273599.906,1.95620796E-05
47,10,273640.438,273599.906,273598.594,1.95620796E-05
47,11,273640.438,273598.594,273617.094,1.95620796E-05
47,12,273640.438,273617.094,273643.812,1.95620796E-05
47,13,273640.438,273643.812,273639.625,1.95620796E-05
47,14,273640.438,273639.625,273661.094,1.95620796E-05
47,15,273640.438,273661.094,273694.500,1.95620796E-05
47,16,273640.438,273694.500,273721.562,1.95620796E-05
47,17,273640.438,273721.562,273683.938,1.95620796E-05
47,18,273640.438,273683.938,273673.125,1.95620796E-05
47,19,273640.438,273673.125,273609.688,1.95620796E-05
47,20,273640.438,273609.688,273640.438,1.95620796E-05
48,1,273519.625,273640.438,273652.000,-4.96980501E-04
48,2,273519.625,273652.000,273620.281,-4.96980501E-04
48,3,273519.625,273620.281,273583.781,-4.96980501E-04
48,4,273519.625,273583.781,273538.281,-4.96980501E-04
48,5,273519.625,273538.281,273525.750,-4.96980501E-04
48,6,273519.625,273525.750,273606.125,-4.96980501E-04
48,7,273519.625,273606.125,273621.438,-4.96980501E-04
48,8,273519.625,273621.438,273612.375,-4.96980501E-04
48,9,273519.625,273612.375,273604.688,-4.96980501E-04
48,10,273519.625,273604.688,273627.500,-4.96980501E-04
48,11,273519.625,273627.500,273572.625,-4.96980501E-04
48,12,273519.625,273572.625,273581.812,-4.96980501E-04
48,13,273519.625,273581.812,273665.438,-4.96980501E-04
48,14,273519.625,273665.438,273521.750,-4.96980501E-04
48,15,273519.625,273521.750,273575.188,-4.96980501E-04
48,16,273519.625,273575.188,273610.375,-4.96980501E-04
48,17,273519.625,273610.375,273455.719,-4.96980501E-04
48,18,273519.625,273455.719,273487.344,-4.96980501E-04
48,19,273519.625,273487.344,273744.312,-4.96980501E-04
48,20,273519.625,273744.312,273519.625,-4.96980501E-04
49,1,274487.906,273519.625,273342.344,5.18219636E-08
49,2,274487.906,273342.344,273152.062,5.18219636E-08
49,3,274487.906,273152.062,273855.156,5.18219636E-08
49,4,274487.906,273855.156,273286.594,5.18219636E-08
49,5,274487.906,273286.594,273400.781,5.18219636E-08
49,6,274487.906,273400.781,274067.688,5.18219636E-08
49,7,274487.906,274067.688,273342.469,5.18219636E-08
49,8,274487.906,273342.469,273179.750,5.18219636E-08
49,9,274487.906,273179.750,272569.906,5.18219636E-08
49,10,274487.906,272569.906,272873.000,5.18219636E-08
49,11,274487.906,272873.000,274658.250,5.18219636E-08
49,12,274487.906,274658.250,273997.344,5.18219636E-08
49,13,274487.906,273997.344,272358.344,5.18219636E-08
49,14,274487.906,272358.344,273454.438,5.18219636E-08
49,15,274487.906,273454.438,274672.875,5.18219636E-08
49,16,274487.906,274672.875,274028.906,5.18219636E-08
49,17,274487.906,274028.906,272768.250,5.18219636E-08
49,18,274487.906,272768.250,271704.531,5.18219636E-08
49,19,274487.906,271704.531,273123.281,5.18219636E-08
49,20,274487.906,273123.281,274487.906,5.18219636E-08
50,1,275135.281,274528.062,273998.469,-4.51313937E-03
50,2,275135.281,273998.469,273374.688,-4.51313937E-03
50,3,275135.281,273374.688,273292.281,-4.51313937E-03
50,4,275135.281,273292.281,272536.375,-4.51313937E-03
50,5,275135.281,272536.375,272762.188,-4.51313937E-03
50,6,275135.281,272762.188,271957.188,-4.51313937E-03
50,7,275135.281,271957.188,274399.625,-4.51313937E-03
50,8,275135.281,274399.625,274604.312,-4.51313937E-03
50,9,275135.281,274604.312,272431.812,-4.51313937E-03
50,10,275135.281,272431.812,271230.812,-4.51313937E-03
50,11,275135.281,271230.812,272691.750,-4.51313937E-03
50,12,275135.281,272691.750,273616.375,-4.51313937E-03
50,13,275135.281,273616.375,272951.938,-4.51313937E-03
50,14,275135.281,272951.938,272742.250,-4.51313937E-03
50,15,275135.281,272742.250,273470.188,-4.51313937E-03
50,16,275135.281,273470.188,273354.312,-4.51313937E-03
50,17,275135.281,273354.312,271473.688,-4.51313937E-03
50,18,275135.281,271473.688,270261.625,-4.51313937E-03
50,19,275135.281,270261.625,269450.000,-4.51313937E-03
50,20,275135.281,269450.000,275135.281,-4.51313937E-03
51,1,278224.812,275135.281,272301.750,4.16337789E-05
51,2,278224.812,272301.750,277978.656,4.16337789E-05
51,3,278224.812,277978.656,272150.562,4.16337789E-05
51,4,278224.812,272150.562,266281.625,4.16337789E-05
51,5,278224.812,266281.625,273872.750,4.16337789E-05
51,6,278224.812,273872.750,268500.844,4.16337789E-05
51,7,278224.812,268500.844,272093.000,4.16337789E-05
51,8,278224.812,272093.000,273290.250,4.16337789E-05
51,9,278224.812,273290.250,274750.281,4.16337789E-05
51,10,278224.812,274750.281,273355.750,4.16337789E-05
51,11,278224.812,273355.750,269632.375,4.16337789E-05
51,12,278224.812,269632.375,274668.750,4.16337789E-05
51,13,278224.812,274668.750,273874.250,4.16337789E-05
51,14,278224.812,273874.250,268542.938,4.16337789E-05
51,15,278224.812,268542.938,266262.000,4.16337789E-05
51,16,278224.812,266262.000,271565.000,4.16337789E-05
51,17,278224.812,271565.000,273912.938,4.16337789E-05
51,18,278224.812,273912.938,270562.062,4.16337789E-05
51,19,278224.812,270562.062,271778.375,4.16337789E-05
51,20,278224.812,271778.375,278224.812,4.16337789E-05
52,1,277602.719,278398.594,278608.219,8.08349403E-04
52,2,277602.719,278608.219,269066.594,8.08349403E-04
52,3,277602.719,269066.594,263824.156,8.08349403E-04
52,4,277602.719,263824.156,269076.312,8.08349403E-04
52,5,277602.719,269076.312,275202.188,8.08349403E-04
52,6,277602.719,275202.188,274428.156,8.08349403E-04
52,7,277602.719,274428.156,271157.625,8.08349403E-04
52,8,277602.719,271157.625,272136.062,8.08349403E-04
52,9,277602.719,272136.062,275968.344,8.08349403E-04
52,10,277602.719,275968.344,276747.531,8.08349403E-04
52,11,277602.719,276747.531,273093.219,8.08349403E-04
52,12,277602.719,273093.219,269219.375,8.08349403E-04
52,13,277602.719,269219.375,270570.625,8.08349403E-04
52,14,277602.719,270570.625,272101.812,8.08349403E-04
52,15,277602.719,272101.812,275302.938,8.08349403E-04
52,16,277602.719,275302.938,272861.781,8.08349403E-04
52,17,277602.719,272861.781,269827.719,8.08349403E-04
52,18,277602.719,269827.719,270337.562,8.08349403E-04
52,19,277602.719,270337.562,272341.438,8.08349403E-04
52,20,277602.719,272341.438,277602.719,8.08349403E-04
53,1,282520.406,277602.719,278361.438,4.66649085E-02
53,2,282520.406,278361.438,278307.406,4.66649085E-02
53,3,282520.406,278307.406,278499.500,4.66649085E-02
53,4,282520.406,278499.500,278612.750,4.66649085E-02
53,5,282520.406,278612.750,278521.938,4.66649085E-02
53,6,282520.406,278521.938,278952.531,4.66649085E-02
53,7,282520.406,278952.531,279110.750,4.66649085E-02
53,8,282520.406,279110.750,278931.938,4.66649085E-02
53,9,282520.406,278931.938,278592.812,4.66649085E-02
53,10,282520.406,278592.812,277827.812,4.66649085E-02
53,11,282520.406,277827.812,278244.406,4.66649085E-02
53,12,282520.406,278244.406,279844.344,4.66649085E-02
53,13,282520.406,279844.344,279170.125,4.66649085E-02
53,14,282520.406,279170.125,277653.781,4.66649085E-02
53,15,282520.406,277653.781,274715.000,4.66649085E-02
53,16,282520.406,274715.000,276269.906,4.66649085E-02
53,17,282520.406,276269.906,282314.062,4.66649085E-02
53,18,282520.406,282314.062,285184.906,4.66649085E-02
53,19,282520.406,285184.906,283217.438,4.66649085E-02
53,20,282520.406,283217.438,282520.406,4.66649085E-02
54,1,278640.719,282520.406,273505.750,-1.59282901E-03
54,2,278640.719,273505.750,276693.406,-1.59282901E-03
54,3,278640.719,276693.406,283002.656,-1.59282901E-03
54,4,278640.719,283002.656,274003.750,-1.59282901E-03
54,5,278640.719,274003.750,270244.938,-1.59282901E-03
54,6,278640.719,270244.938,271126.062,-1.59282901E-03
54,7,278640.719,271126.062,273085.312,-1.59282901E-03
54,8,278640.719,273085.312,275638.938,-1.59282901E-03
54,9,278640.719,275638.938,267788.875,-1.59282901E-03
54,10,278640.719,267788.875,264727.812,-1.59282901E-03
54,11,278640.719,264727.812,270628.312,-1.59282901E-03
54,12,278640.719,270628.312,275892.250,-1.59282901E-03
54,13,278640.719,275892.250,276544.094,-1.59282901E-03
54,14,278640.719,276544.094,274879.188,-1.59282901E-03
54,15,278640.719,274879.188,271632.688,-1.59282901E-03
54,16,278640.719,271632.688,273512.906,-1.59282901E-03
54,17,278640.719,273512.906,273518.062,-1.59282901E-03
54,18,278640.719,273518.062,274324.875,-1.59282901E-03
54,19,278640.719,274324.875,277765.031,-1.59282901E-03
54,20,278640.719,277765.031,278640.719,-1.59282901E-03
55,1,278385.625,278640.719,273722.500,-1.09227998E-02
55,2,278385.625,273722.500,266587.000,-1.09227998E-02
55,3,278385.625,266587.000,263625.500,-1.09227998E-02
55,4,278385.625,263625.500,267955.906,-1.09227998E-02
55,5,278385.625,267955.906,276861.344,-1.09227998E-02
55,6,278385.625,276861.344,285905.406,-1.09227998E-02
55,7,278385.625,285905.406,290945.969,-1.09227998E-02
55,8,278385.625,290945.969,288755.906,-1.09227998E-02
55,9,278385.625,288755.906,285053.156,-1.09227998E-02
55,10,278385.625,285053.156,279953.344,-1.09227998E-02
55,11,278385.625,279953.344,272513.875,-1.09227998E-02
55,12,278385.625,272513.875,266873.156,-1.09227998E-02
55,13,278385.625,266873.156,267467.344,-1.09227998E-02
55,14,278385.625,267467.344,273304.031,-1.09227998E-02
55,15,278385.625,273304.031,277136.156,-1.09227998E-02
55,16,278385.625,277136.156,277715.000,-1.09227998E-02
55,17,278385.625,277715.000,279050.594,-1.09227998E-02
55,18,278385.625,279050.594,280291.406,-1.09227998E-02
55,19,278385.625,280291.406,279429.938,-1.09227998E-02
55,20,278385.625,279429.938,278385.625,-1.09227998E-02
56,1,271942.844,278385.625,275181.062,9.73234055E-05
56,2,271942.844,275181.062,268948.781,9.73234055E-05
56,3,271942.844,268948.781,267217.688,9.73234055E-05
56,4,271942.844,267217.688,266945.500,9.73234055E-05
56,5,271942.844,266945.500,266815.000,9.73234055E-05
56,6,271942.844,266815.000,273984.312,9.73234055E-05
56,7,271942.844,273984.312,276784.531,9.73234055E-05
56,8,271942.844,276784.531,276227.250,9.73234055E-05
56,9,271942.844,276227.250,272203.750,9.73234055E-05
56,10,271942.844,272203.750,265179.469,9.73234055E-05
56,11,271942.844,265179.469,259105.172,9.73234055E-05
56,12,271942.844,259105.172,258216.797,9.73234055E-05
56,13,271942.844,258216.797,262695.906,9.73234055E-05
56,14,271942.844,262695.906,271111.594,9.73234055E-05
56,15,271942.844,271111.594,277279.469,9.73234055E-05
56,16,271942.844,277279.469,280604.562,9.73234055E-05
56,17,271942.844,280604.562,281875.062,9.73234055E-05
56,18,271942.844,281875.062,280064.719,9.73234055E-05
56,19,271942.844,280064.719,275559.094,9.73234055E-05
56,20,271942.844,275559.094,271942.844,9.73234055E-05
57,1,273521.844,273006.625,271110.844,-2.77417627E-07
57,2,273521.844,271110.844,270979.812,-2.77417627E-07
57,3,273521.844,270979.812,272043.625,-2.77417627E-07
57,4,273521.844,272043.625,273682.469,-2.77417627E-07
57,5,273521.844,273682.469,276596.812,-2.77417627E-07
57,6,273521.844,276596.812,281088.219,-2.77417627E-07
57,7,273521.844,281088.219,286082.312,-2.77417627E-07
57,8,273521.844,286082.312,288727.750,-2.77417627E-07
57,9,273521.844,288727.750,287283.062,-2.77417627E-07
57,10,273521.844,287283.062,281922.750,-2.77417627E-07
57,11,273521.844,281922.750,274956.406,-2.77417627E-07
57,12,273521.844,274956.406,269351.500,-2.77417627E-07
57,13,273521.844,269351.500,266644.281,-2.77417627E-07
57,14,273521.844,266644.281,267430.375,-2.77417627E-07
57,15,273521.844,267430.375,267462.219,-2.77417627E-07
57,16,273521.844,267462.219,271812.062,-2.77417627E-07
57,17,273521.844,271812.062,272659.312,-2.77417627E-07
57,18,273521.844,272659.312,271979.281,-2.77417627E-07
57,19,273521.844,271979.281,272917.312,-2.77417627E-07
57,20,273521.844,272917.312,273521.844,-2.77417627E-07
58,1,264596.594,273521.844,265514.531,1.90678802E-05
58,2,264596.594,265514.531,269395.281,1.90678802E-05
58,3,264596.594,269395.281,283491.781,1.90678802E-05
58,4,264596.594,283491.781,281270.281,1.90678802E-05
58,5,264596.594,281270.281,273627.125,1.90678802E-05
58,6,264596.594,273627.125,270226.312,1.90678802E-05
58,7,264596.594,270226.312,275462.469,1.90678802E-05
58,8,264596.594,275462.469,281744.156,1.90678802E-05
58,9,264596.594,281744.156,272955.156,1.90678802E-05
58,10,264596.594,272955.156,267630.656,1.90678802E-05
58,11,264596.594,267630.656,277183.000,1.90678802E-05
58,12,264596.594,277183.000,277868.281,1.90678802E-05
58,13,264596.594,277868.281,275118.156,1.90678802E-05
58,14,264596.594,275118.156,268042.344,1.90678802E-05
58,15,264596.594,268042.344,271292.094,1.90678802E-05
58,16,264596.594,271292.094,279355.625,1.90678802E-05
58,17,264596.594,279355.625,287136.156,1.90678802E-05
58,18,264596.594,287136.156,281631.469,1.90678802E-05
58,19,264596.594,281631.469,264543.000,1.90678802E-05
58,20,264596.594,264543.000,264596.594,1.90678802E-05
