i,k,old_q,old_q_ch_in,old_q_ch_out,qlat_ch_old
1,1,30.4780998,0.00000000,1.53852355,3.54195545E-05
1,2,30.4780998,1.53852355,3.07633948,3.54195545E-05
1,3,30.4780998,3.07633948,4.61824226,3.54195545E-05
1,4,30.4780998,4.61824226,6.14840174,3.54195545E-05
1,5,30.4780998,6.14840174,7.69160700,3.54195545E-05
1,6,30.4780998,7.69160700,9.25400162,3.54195545E-05
1,7,30.4780998,9.25400162,10.7258682,3.54195545E-05
1,8,30.4780998,10.7258682,12.3561726,3.54195545E-05
1,9,30.4780998,12.3561726,13.7757835,3.54195545E-05
1,10,30.4780998,13.7757835,15.4660816,3.54195545E-05
1,11,30.4780998,15.4660816,16.9330635,3.54195545E-05
1,12,30.4780998,16.9330635,18.3967781,3.54195545E-05
1,13,30.4780998,18.3967781,19.9081020,3.54195545E-05
1,14,30.4780998,19.9081020,21.7024307,3.54195545E-05
1,15,30.4780998,21.7024307,23.1551056,3.54195545E-05
1,16,30.4780998,23.1551056,24.3441620,3.54195545E-05
1,17,30.4780998,24.3441620,26.2431812,3.54195545E-05
1,18,30.4780998,26.2431812,28.0957146,3.54195545E-05
1,19,30.4780998,28.0957146,28.7170086,3.54195545E-05
1,20,30.4780998,28.7170086,30.4780998,3.54195545E-05
2,1,7.69716215,0.00000000,0.387779176,1.56441947E-05
2,2,7.69716215,0.387779176,0.785479248,1.56441947E-05
2,3,7.69716215,0.785479248,1.13270402,1.56441947E-05
2,4,7.69716215,1.13270402,1.58052206,1.56441947E-05
2,5,7.69716215,1.58052206,1.96129298,1.56441947E-05
2,6,7.69716215,1.96129298,2.30684566,1.56441947E-05
2,7,7.69716215,2.30684566,2.69287825,1.56441947E-05
2,8,7.69716215,2.69287825,3.10923719,1.56441947E-05
2,9,7.69716215,3.10923719,3.53311682,1.56441947E-05
2,10,7.69716215,3.53311682,3.86863685,1.56441947E-05
2,11,7.69716215,3.86863685,4.27041483,1.56441947E-05
2,12,7.69716215,4.27041483,4.63474131,1.56441947E-05
2,13,7.69716215,4.63474131,5.01713276,1.56441947E-05
2,14,7.69716215,5.01713276,5.44024706,1.56441947E-05
2,15,7.69716215,5.44024706,5.85989904,1.56441947E-05
2,16,7.69716215,5.85989904,6.27218056,1.56441947E-05
2,17,7.69716215,6.27218056,6.63145542,1.56441947E-05
2,18,7.69716215,6.63145542,6.95720005,1.56441947E-05
2,19,7.69716215,6.95720005,7.28887939,1.56441947E-05
2,20,7.69716215,7.28887939,7.69716215,1.56441947E-05
3,1,5.05639648,0.00000000,0.252789319,3.77901824E-06
3,2,5.05639648,0.252789319,0.505578637,3.77901824E-06
3,3,5.05639648,0.505578637,0.758368015,3.77901824E-06
3,4,5.05639648,0.758368015,1.01115727,3.77901824E-06
3,5,5.05639648,1.01115727,1.26394665,3.77901824E-06
3,6,5.05639648,1.26394665,1.51673579,3.77901824E-06
3,7,5.05639648,1.51673579,1.76952577,3.77901824E-06
3,8,5.05639648,1.76952577,2.02231002,3.77901824E-06
3,9,5.05639648,2.02231002,2.27512765,3.77901824E-06
3,10,5.05639648,2.27512765,2.52779102,3.77901824E-06
3,11,5.05639648,2.52779102,2.78102517,3.77901824E-06
3,12,5.05639648,2.78102517,3.03260422,3.77901824E-06
3,13,5.05639648,3.03260422,3.28780699,3.77901824E-06
3,14,5.05639648,3.28780699,3.53754091,3.77901824E-06
3,15,5.05639648,3.53754091,3.79127741,3.77901824E-06
3,16,5.05639648,3.79127741,4.04870892,3.77901824E-06
3,17,5.05639648,4.04870892,4.29302883,3.77901824E-06
3,18,5.05639648,4.29302883,4.54825068,3.77901824E-06
3,19,5.05639648,4.54825068,4.80997515,3.77901824E-06
3,20,5.05639648,4.80997515,5.05639648,3.77901824E-06
4,1,31.0618839,0.00000000,1.56058860,2.54538136E-05
4,2,31.0618839,1.56058860,3.11770201,2.54538136E-05
4,3,31.0618839,3.11770201,4.65947723,2.54538136E-05
4,4,31.0618839,4.65947723,6.31842184,2.54538136E-05
4,5,31.0618839,6.31842184,7.68486214,2.54538136E-05
4,6,31.0618839,7.68486214,9.39960384,2.54538136E-05
4,7,31.0618839,9.39960384,10.9759140,2.54538136E-05
4,8,31.0618839,10.9759140,12.4102859,2.54538136E-05
4,9,31.0618839,12.4102859,13.9941311,2.54538136E-05
4,10,31.0618839,13.9941311,15.6711292,2.54538136E-05
4,11,31.0618839,15.6711292,17.2886963,2.54538136E-05
4,12,31.0618839,17.2886963,18.5564404,2.54538136E-05
4,13,31.0618839,18.5564404,20.2944908,2.54538136E-05
4,14,31.0618839,20.2944908,21.7315025,2.54538136E-05
4,15,31.0618839,21.7315025,23.1557560,2.54538136E-05
4,16,31.0618839,23.1557560,25.4403057,2.54538136E-05
4,17,31.0618839,25.4403057,26.5590153,2.54538136E-05
4,18,31.0618839,26.5590153,28.0589027,2.54538136E-05
4,19,31.0618839,28.0589027,29.5413342,2.54538136E-05
4,20,31.0618839,29.5413342,31.0618839,2.54538136E-05
5,1,3.53653741,0.00000000,0.177518249,3.02336889E-06
5,2,3.53653741,0.177518249,0.355033547,3.02336889E-06
5,3,3.53653741,0.355033547,0.532579839,3.02336889E-06
5,4,3.53653741,0.532579839,0.709937811,3.02336889E-06
5,5,3.53653741,0.709937811,0.888019741,3.02336889E-06
5,6,3.53653741,0.888019741,1.06435084,3.02336889E-06
5,7,3.53653741,1.06435084,1.24298120,3.02336889E-06
5,8,3.53653741,1.24298120,1.42148137,3.02336889E-06
5,9,3.53653741,1.42148137,1.59505200,3.02336889E-06
5,10,3.53653741,1.59505200,1.77641487,3.02336889E-06
5,11,3.53653741,1.77641487,1.95173144,3.02336889E-06
5,12,3.53653741,1.95173144,2.13828230,3.02336889E-06
5,13,3.53653741,2.13828230,2.29138947,3.02336889E-06
5,14,3.53653741,2.29138947,2.50101542,3.02336889E-06
5,15,3.53653741,2.50101542,2.64700150,3.02336889E-06
5,16,3.53653741,2.64700150,2.86278033,3.02336889E-06
5,17,3.53653741,2.86278033,2.99912453,3.02336889E-06
5,18,3.53653741,2.99912453,3.20400524,3.02336889E-06
5,19,3.53653741,3.20400524,3.36674428,3.02336889E-06
5,20,3.53653741,3.36674428,3.53653741,3.02336889E-06
6,1,5.15899611,0.00000000,0.258053124,1.70531348E-05
6,2,5.15899611,0.258053124,0.515702546,1.70531348E-05
6,3,5.15899611,0.515702546,0.769128561,1.70531348E-05
6,4,5.15899611,0.769128561,1.04698610,1.70531348E-05
6,5,5.15899611,1.04698610,1.27094233,1.70531348E-05
6,6,5.15899611,1.27094233,1.54985571,1.70531348E-05
6,7,5.15899611,1.54985571,1.81793916,1.70531348E-05
6,8,5.15899611,1.81793916,2.05586910,1.70531348E-05
6,9,5.15899611,2.05586910,2.30879283,1.70531348E-05
6,10,5.15899611,2.30879283,2.58542395,1.70531348E-05
6,11,5.15899611,2.58542395,2.85797477,1.70531348E-05
6,12,5.15899611,2.85797477,3.09807348,1.70531348E-05
6,13,5.15899611,3.09807348,3.32376003,1.70531348E-05
6,14,5.15899611,3.32376003,3.62250161,1.70531348E-05
6,15,5.15899611,3.62250161,3.81115103,1.70531348E-05
6,16,5.15899611,3.81115103,4.17024422,1.70531348E-05
6,17,5.15899611,4.17024422,4.40281677,1.70531348E-05
6,18,5.15899611,4.40281677,4.66430140,1.70531348E-05
6,19,5.15899611,4.66430140,4.90358114,1.70531348E-05
6,20,5.15899611,4.90358114,5.15899611,1.70531348E-05
7,1,0.623620570,0.00000000,3.14722806E-02,2.39151245E-06
7,2,0.623620570,3.14722806E-02,6.28821552E-02,2.39151245E-06
7,3,0.623620570,6.28821552E-02,9.44669768E-02,2.39151245E-06
7,4,0.623620570,9.44669768E-02,0.126113817,2.39151245E-06
7,5,0.623620570,0.126113817,0.156230479,2.39151245E-06
7,6,0.623620570,0.156230479,0.190500379,2.39151245E-06
7,7,0.623620570,0.190500379,0.218781114,2.39151245E-06
7,8,0.623620570,0.218781114,0.252319902,2.39151245E-06
7,9,0.623620570,0.252319902,0.284365714,2.39151245E-06
7,10,0.623620570,0.284365714,0.312958598,2.39151245E-06
7,11,0.623620570,0.312958598,0.344297409,2.39151245E-06
7,12,0.623620570,0.344297409,0.381717443,2.39151245E-06
7,13,0.623620570,0.381717443,0.404114485,2.39151245E-06
7,14,0.623620570,0.404114485,0.451453894,2.39151245E-06
7,15,0.623620570,0.451453894,0.463880390,2.39151245E-06
7,16,0.623620570,0.463880390,0.493642867,2.39151245E-06
7,17,0.623620570,0.493642867,0.548402309,2.39151245E-06
7,18,0.623620570,0.548402309,0.567789555,2.39151245E-06
7,19,0.623620570,0.567789555,0.593189955,2.39151245E-06
7,20,0.623620570,0.593189955,0.623620570,2.39151245E-06
8,1,0.981863081,0.00000000,4.90988679E-02,6.54923906E-06
8,2,0.981863081,4.90988679E-02,9.81243998E-02,6.54923906E-06
8,3,0.981863081,9.81243998E-02,0.146316171,6.54923906E-06
8,4,0.981863081,0.146316171,0.199240804,6.54923906E-06
8,5,0.981863081,0.199240804,0.241828784,6.54923906E-06
8,6,0.981863081,0.241828784,0.294810385,6.54923906E-06
8,7,0.981863081,0.294810385,0.345928848,6.54923906E-06
8,8,0.981863081,0.345928848,0.391237795,6.54923906E-06
8,9,0.981863081,0.391237795,0.439222634,6.54923906E-06
8,10,0.981863081,0.439222634,0.491812229,6.54923906E-06
8,11,0.981863081,0.491812229,0.543689549,6.54923906E-06
8,12,0.981863081,0.543689549,0.590000212,6.54923906E-06
8,13,0.981863081,0.590000212,0.631888509,6.54923906E-06
8,14,0.981863081,0.631888509,0.689675808,6.54923906E-06
8,15,0.981863081,0.689675808,0.725092888,6.54923906E-06
8,16,0.981863081,0.725092888,0.792687178,6.54923906E-06
8,17,0.981863081,0.792687178,0.837766886,6.54923906E-06
8,18,0.981863081,0.837766886,0.887760282,6.54923906E-06
8,19,0.981863081,0.887760282,0.933326483,6.54923906E-06
8,20,0.981863081,0.933326483,0.981863081,6.54923906E-06
9,1,0.889156401,0.00000000,4.36757207E-02,6.81017309E-06
9,2,0.889156401,4.36757207E-02,8.99166465E-02,6.81017309E-06
9,3,0.889156401,8.99166465E-02,0.127174467,6.81017309E-06
9,4,0.889156401,0.127174467,0.175916106,6.81017309E-06
9,5,0.889156401,0.175916106,0.224365309,6.81017309E-06
9,6,0.889156401,0.224365309,0.264067948,6.81017309E-06
9,7,0.889156401,0.264067948,0.304451048,6.81017309E-06
9,8,0.889156401,0.304451048,0.348469704,6.81017309E-06
9,9,0.889156401,0.348469704,0.391843438,6.81017309E-06
9,10,0.889156401,0.391843438,0.449553609,6.81017309E-06
9,11,0.889156401,0.449553609,0.477489829,6.81017309E-06
9,12,0.889156401,0.477489829,0.525233626,6.81017309E-06
9,13,0.889156401,0.525233626,0.576127946,6.81017309E-06
9,14,0.889156401,0.576127946,0.614034712,6.81017309E-06
9,15,0.889156401,0.614034712,0.650878251,6.81017309E-06
9,16,0.889156401,0.650878251,0.695978761,6.81017309E-06
9,17,0.889156401,0.695978761,0.747837067,6.81017309E-06
9,18,0.889156401,0.747837067,0.797539830,6.81017309E-06
9,19,0.889156401,0.797539830,0.844043732,6.81017309E-06
9,20,0.889156401,0.844043732,0.889156401,6.81017309E-06
10,1,0.290701270,0.00000000,1.42564932E-02,2.94188203E-06
10,2,0.290701270,1.42564932E-02,2.94858515E-02,2.94188203E-06
10,3,0.290701270,2.94858515E-02,4.15714942E-02,2.94188203E-06
10,4,0.290701270,4.15714942E-02,5.70841581E-02,2.94188203E-06
10,5,0.290701270,5.70841581E-02,7.38029182E-02,2.94188203E-06
10,6,0.290701270,7.38029182E-02,8.61262679E-02,2.94188203E-06
10,7,0.290701270,8.61262679E-02,9.97416526E-02,2.94188203E-06
10,8,0.290701270,9.97416526E-02,0.114047572,2.94188203E-06
10,9,0.290701270,0.114047572,0.128128439,2.94188203E-06
10,10,0.290701270,0.128128439,0.145176053,2.94188203E-06
10,11,0.290701270,0.145176053,0.158518627,2.94188203E-06
10,12,0.290701270,0.158518627,0.170394227,2.94188203E-06
10,13,0.290701270,0.170394227,0.187895820,2.94188203E-06
10,14,0.290701270,0.187895820,0.201929435,2.94188203E-06
10,15,0.290701270,0.201929435,0.213721752,2.94188203E-06
10,16,0.290701270,0.213721752,0.226955712,2.94188203E-06
10,17,0.290701270,0.226955712,0.242685363,2.94188203E-06
10,18,0.290701270,0.242685363,0.259759992,2.94188203E-06
10,19,0.290701270,0.259759992,0.274819255,2.94188203E-06
10,20,0.290701270,0.274819255,0.290701270,2.94188203E-06
11,1,3.43746519,0.00000000,0.173705906,2.96020812E-06
11,2,3.43746519,0.173705906,0.347052485,2.96020812E-06
11,3,3.43746519,0.347052485,0.521350861,2.96020812E-06
11,4,3.43746519,0.521350861,0.696281254,2.96020812E-06
11,5,3.43746519,0.696281254,0.861866117,2.96020812E-06
11,6,3.43746519,0.861866117,1.05164850,2.96020812E-06
11,7,3.43746519,1.05164850,1.20774198,2.96020812E-06
11,8,3.43746519,1.20774198,1.39175367,2.96020812E-06
11,9,3.43746519,1.39175367,1.57026243,2.96020812E-06
11,10,3.43746519,1.57026243,1.72914600,2.96020812E-06
11,11,3.43746519,1.72914600,1.89579189,2.96020812E-06
11,12,3.43746519,1.89579189,2.11145544,2.96020812E-06
11,13,3.43746519,2.11145544,2.22402883,2.96020812E-06
11,14,3.43746519,2.22402883,2.49180174,2.96020812E-06
11,15,3.43746519,2.49180174,2.58074331,2.96020812E-06
11,16,3.43746519,2.58074331,2.70381784,2.96020812E-06
11,17,3.43746519,2.70381784,3.01684618,2.96020812E-06
11,18,3.43746519,3.01684618,3.15274620,2.96020812E-06
11,19,3.43746519,3.15274620,3.27879667,2.96020812E-06
11,20,3.43746519,3.27879667,3.43746519,2.96020812E-06
12,1,1.29365826,0.00000000,6.45970851E-02,1.56070462E-06
12,2,1.29365826,6.45970851E-02,0.129017532,1.56070462E-06
12,3,1.29365826,0.129017532,0.193429768,1.56070462E-06
12,4,1.29365826,0.193429768,0.260365158,1.56070462E-06
12,5,1.29365826,0.260365158,0.318645656,1.56070462E-06
12,6,1.29365826,0.318645656,0.390787750,1.56070462E-06
12,7,1.29365826,0.390787750,0.451962680,1.56070462E-06
12,8,1.29365826,0.451962680,0.513576806,1.56070462E-06
12,9,1.29365826,0.513576806,0.582874715,1.56070462E-06
12,10,1.29365826,0.582874715,0.649604261,1.56070462E-06
12,11,1.29365826,0.649604261,0.708625495,1.56070462E-06
12,12,1.29365826,0.708625495,0.767233968,1.56070462E-06
12,13,1.29365826,0.767233968,0.846150696,1.56070462E-06
12,14,1.29365826,0.846150696,0.891855299,1.56070462E-06
12,15,1.29365826,0.891855299,0.983371377,1.56070462E-06
12,16,1.29365826,0.983371377,1.04521286,1.56070462E-06
12,17,1.29365826,1.04521286,1.08039141,1.56070462E-06
12,18,1.29365826,1.08039141,1.15955973,1.56070462E-06
12,19,1.29365826,1.15955973,1.22151303,1.56070462E-06
12,20,1.29365826,1.22151303,1.29365826,1.56070462E-06
13,1,11.4558983,0.00000000,0.573678374,7.00101555E-06
13,2,11.4558983,0.573678374,1.14605331,7.00101555E-06
13,3,11.4558983,1.14605331,1.72134924,7.00101555E-06
13,4,11.4558983,1.72134924,2.30152178,7.00101555E-06
13,5,11.4558983,2.30152178,2.84285498,7.00101555E-06
13,6,11.4558983,2.84285498,3.47447467,7.00101555E-06
13,7,11.4558983,3.47447467,3.99136829,7.00101555E-06
13,8,11.4558983,3.99136829,4.58850050,7.00101555E-06
13,9,11.4558983,4.58850050,5.19017363,7.00101555E-06
13,10,11.4558983,5.19017363,5.72724962,7.00101555E-06
13,11,11.4558983,5.72724962,6.23327303,7.00101555E-06
13,12,11.4558983,6.23327303,6.99015951,7.00101555E-06
13,13,11.4558983,6.99015951,7.32093382,7.00101555E-06
13,14,11.4558983,7.32093382,8.20346928,7.00101555E-06
13,15,11.4558983,8.20346928,8.65504456,7.00101555E-06
13,16,11.4558983,8.65504456,8.87709236,7.00101555E-06
13,17,11.4558983,8.87709236,9.82431602,7.00101555E-06
13,18,11.4558983,9.82431602,10.5027962,7.00101555E-06
13,19,11.4558983,10.5027962,10.8546467,7.00101555E-06
13,20,11.4558983,10.8546467,11.4558983,7.00101555E-06
14,1,24.8729725,0.00000000,0.242306978,1.78656192E-05
14,2,24.8729725,0.242306978,0.482843906,1.78656192E-05
14,3,24.8729725,0.482843906,0.719612181,1.78656192E-05
14,4,24.8729725,0.719612181,0.951125503,1.78656192E-05
14,5,24.8729725,0.951125503,1.17834771,1.78656192E-05
14,6,24.8729725,1.17834771,1.40689647,1.78656192E-05
14,7,24.8729725,1.40689647,1.64902747,1.78656192E-05
14,8,24.8729725,1.64902747,1.92507172,1.78656192E-05
14,9,24.8729725,1.92507172,2.26420712,1.78656192E-05
14,10,24.8729725,2.26420712,2.70459127,1.78656192E-05
14,11,24.8729725,2.70459127,3.29292345,1.78656192E-05
14,12,24.8729725,3.29292345,4.08348370,1.78656192E-05
14,13,24.8729725,4.08348370,5.13659811,1.78656192E-05
14,14,24.8729725,5.13659811,6.51644850,1.78656192E-05
14,15,24.8729725,6.51644850,8.28813076,1.78656192E-05
14,16,24.8729725,8.28813076,10.5139914,1.78656192E-05
14,17,24.8729725,10.5139914,13.2494116,1.78656192E-05
14,18,24.8729725,13.2494116,16.5384197,1.78656192E-05
14,19,24.8729725,16.5384197,20.4096222,1.78656192E-05
14,20,24.8729725,20.4096222,24.8729725,1.78656192E-05
15,1,6.47435379,5.94555283,5.94248915,1.52963173E-06
15,2,6.47435379,5.94248915,5.95958757,1.52963173E-06
15,3,6.47435379,5.95958757,6.01808596,1.52963173E-06
15,4,6.47435379,6.01808596,6.02768946,1.52963173E-06
15,5,6.47435379,6.02768946,6.02795219,1.52963173E-06
15,6,6.47435379,6.02795219,6.04677963,1.52963173E-06
15,7,6.47435379,6.04677963,6.11918736,1.52963173E-06
15,8,6.47435379,6.11918736,6.10636091,1.52963173E-06
15,9,6.47435379,6.10636091,6.14135933,1.52963173E-06
15,10,6.47435379,6.14135933,6.21875095,1.52963173E-06
15,11,6.47435379,6.21875095,6.16165876,1.52963173E-06
15,12,6.47435379,6.16165876,6.23202276,1.52963173E-06
15,13,6.47435379,6.23202276,6.25192070,1.52963173E-06
15,14,6.47435379,6.25192070,6.15092993,1.52963173E-06
15,15,6.47435379,6.15092993,6.32602549,1.52963173E-06
15,16,6.47435379,6.32602549,6.50407600,1.52963173E-06
15,17,6.47435379,6.50407600,6.34235287,1.52963173E-06
15,18,6.47435379,6.34235287,6.28831720,1.52963173E-06
15,19,6.47435379,6.28831720,6.32419062,1.52963173E-06
15,20,6.47435379,6.32419062,6.47435379,1.52963173E-06
16,1,1.88204694,0.981863081,1.01197600,5.02575085E-06
16,2,1.88204694,1.01197600,1.05820060,5.02575085E-06
16,3,1.88204694,1.05820060,1.11842465,5.02575085E-06
16,4,1.88204694,1.11842465,1.16837931,5.02575085E-06
16,5,1.88204694,1.16837931,1.16843581,5.02575085E-06
16,6,1.88204694,1.16843581,1.19065726,5.02575085E-06
16,7,1.88204694,1.19065726,1.32214785,5.02575085E-06
16,8,1.88204694,1.32214785,1.31252754,5.02575085E-06
16,9,1.88204694,1.31252754,1.38242126,5.02575085E-06
16,10,1.88204694,1.38242126,1.37055409,5.02575085E-06
16,11,1.88204694,1.37055409,1.38527989,5.02575085E-06
16,12,1.88204694,1.38527989,1.48992312,5.02575085E-06
16,13,1.88204694,1.48992312,1.55725121,5.02575085E-06
16,14,1.88204694,1.55725121,1.63379765,5.02575085E-06
16,15,1.88204694,1.63379765,1.54579628,5.02575085E-06
16,16,1.88204694,1.54579628,1.58734429,5.02575085E-06
16,17,1.88204694,1.58734429,1.69299293,5.02575085E-06
16,18,1.88204694,1.69299293,1.72814023,5.02575085E-06
16,19,1.88204694,1.72814023,1.85871494,5.02575085E-06
16,20,1.88204694,1.85871494,1.88204694,5.02575085E-06
17,1,10.5584431,1.29365826,1.76972127,8.26720498E-06
17,2,10.5584431,1.76972127,2.25781989,8.26720498E-06
17,3,10.5584431,2.25781989,2.68218112,8.26720498E-06
17,4,10.5584431,2.68218112,3.16264462,8.26720498E-06
17,5,10.5584431,3.16264462,3.60792494,8.26720498E-06
17,6,10.5584431,3.60792494,4.12849379,8.26720498E-06
17,7,10.5584431,4.12849379,4.62411976,8.26720498E-06
17,8,10.5584431,4.62411976,5.02775478,8.26720498E-06
17,9,10.5584431,5.02775478,5.60108662,8.26720498E-06
17,10,10.5584431,5.60108662,6.07694674,8.26720498E-06
17,11,10.5584431,6.07694674,6.20834255,8.26720498E-06
17,12,10.5584431,6.20834255,6.78707170,8.26720498E-06
17,13,10.5584431,6.78707170,7.75444555,8.26720498E-06
17,14,10.5584431,7.75444555,8.05470085,8.26720498E-06
17,15,10.5584431,8.05470085,7.93421745,8.26720498E-06
17,16,10.5584431,7.93421745,8.72335625,8.26720498E-06
17,17,10.5584431,8.72335625,9.47392273,8.26720498E-06
17,18,10.5584431,9.47392273,10.0160408,8.26720498E-06
17,19,10.5584431,10.0160408,10.1959724,8.26720498E-06
17,20,10.5584431,10.1959724,10.5584431,8.26720498E-06
18,1,4.21240330,3.43746519,3.43080020,3.87204909E-06
18,2,4.21240330,3.43080020,3.60552359,3.87204909E-06
18,3,4.21240330,3.60552359,3.52801299,3.87204909E-06
18,4,4.21240330,3.52801299,3.53743052,3.87204909E-06
18,5,4.21240330,3.53743052,3.65576982,3.87204909E-06
18,6,4.21240330,3.65576982,3.75370097,3.87204909E-06
18,7,4.21240330,3.75370097,3.77189755,3.87204909E-06
18,8,4.21240330,3.77189755,3.74641299,3.87204909E-06
18,9,4.21240330,3.74641299,3.73812747,3.87204909E-06
18,10,4.21240330,3.73812747,3.77814674,3.87204909E-06
18,11,4.21240330,3.77814674,3.86127615,3.87204909E-06
18,12,4.21240330,3.86127615,3.96414375,3.87204909E-06
18,13,4.21240330,3.96414375,4.06345463,3.87204909E-06
18,14,4.21240330,4.06345463,4.14392281,3.87204909E-06
18,15,4.21240330,4.14392281,4.19640779,3.87204909E-06
18,16,4.21240330,4.19640779,4.22359324,3.87204909E-06
18,17,4.21240330,4.22359324,4.22231722,3.87204909E-06
18,18,4.21240330,4.22231722,4.20378542,3.87204909E-06
18,19,4.21240330,4.20378542,4.20573950,3.87204909E-06
18,20,4.21240330,4.20573950,4.21240330,3.87204909E-06
19,1,2.50956249,1.88204694,1.72911096,1.18587445E-06
19,2,2.50956249,1.72911096,1.95614052,1.18587445E-06
19,3,2.50956249,1.95614052,1.96842229,1.18587445E-06
19,4,2.50956249,1.96842229,1.87214112,1.18587445E-06
19,5,2.50956249,1.87214112,2.04557323,1.18587445E-06
19,6,2.50956249,2.04557323,2.07161713,1.18587445E-06
19,7,2.50956249,2.07161713,2.03145456,1.18587445E-06
19,8,2.50956249,2.03145456,2.07028461,1.18587445E-06
19,9,2.50956249,2.07028461,2.31495571,1.18587445E-06
19,10,2.50956249,2.31495571,2.01331067,1.18587445E-06
19,11,2.50956249,2.01331067,2.32326937,1.18587445E-06
19,12,2.50956249,2.32326937,2.26371670,1.18587445E-06
19,13,2.50956249,2.26371670,2.24033117,1.18587445E-06
19,14,2.50956249,2.24033117,2.38977337,1.18587445E-06
19,15,2.50956249,2.38977337,2.38622332,1.18587445E-06
19,16,2.50956249,2.38622332,2.44636679,1.18587445E-06
19,17,2.50956249,2.44636679,2.40048265,1.18587445E-06
19,18,2.50956249,2.40048265,2.45991707,1.18587445E-06
19,19,2.50956249,2.45991707,2.62305784,1.18587445E-06
19,20,2.50956249,2.62305784,2.50956249,1.18587445E-06
20,1,6.84273481,6.76505518,6.73134947,3.74815045E-07
20,2,6.84273481,6.73134947,6.62172890,3.74815045E-07
20,3,6.84273481,6.62172890,6.68277931,3.74815045E-07
20,4,6.84273481,6.68277931,6.77213144,3.74815045E-07
20,5,6.84273481,6.77213144,6.74594975,3.74815045E-07
20,6,6.84273481,6.74594975,6.63236094,3.74815045E-07
20,7,6.84273481,6.63236094,6.58948088,3.74815045E-07
20,8,6.84273481,6.58948088,6.59434700,3.74815045E-07
20,9,6.84273481,6.59434700,6.71640539,3.74815045E-07
20,10,6.84273481,6.71640539,6.75217009,3.74815045E-07
20,11,6.84273481,6.75217009,6.73840046,3.74815045E-07
20,12,6.84273481,6.73840046,6.67381859,3.74815045E-07
20,13,6.84273481,6.67381859,6.52064228,3.74815045E-07
20,14,6.84273481,6.52064228,6.38113880,3.74815045E-07
20,15,6.84273481,6.38113880,6.42634439,3.74815045E-07
20,16,6.84273481,6.42634439,6.47044945,3.74815045E-07
20,17,6.84273481,6.47044945,6.57996988,3.74815045E-07
20,18,6.84273481,6.57996988,6.59227991,3.74815045E-07
20,19,6.84273481,6.59227991,6.77203846,3.74815045E-07
20,20,6.84273481,6.77203846,6.84273481,3.74815045E-07
21,1,11.3621120,10.5584431,10.4092522,1.06919588E-05
21,2,11.3621120,10.4092522,10.3909245,1.06919588E-05
21,3,11.3621120,10.3909245,10.5091457,1.06919588E-05
21,4,11.3621120,10.5091457,10.6023178,1.06919588E-05
21,5,11.3621120,10.6023178,10.7210417,1.06919588E-05
21,6,11.3621120,10.7210417,10.9337044,1.06919588E-05
21,7,11.3621120,10.9337044,10.9824047,1.06919588E-05
21,8,11.3621120,10.9824047,10.9497089,1.06919588E-05
21,9,11.3621120,10.9497089,11.3258638,1.06919588E-05
21,10,11.3621120,11.3258638,11.2799969,1.06919588E-05
21,11,11.3621120,11.2799969,11.2026663,1.06919588E-05
21,12,11.3621120,11.2026663,11.3086758,1.06919588E-05
21,13,11.3621120,11.3086758,11.4732819,1.06919588E-05
21,14,11.3621120,11.4732819,11.5379686,1.06919588E-05
21,15,11.3621120,11.5379686,11.4659500,1.06919588E-05
21,16,11.3621120,11.4659500,11.3240891,1.06919588E-05
21,17,11.3621120,11.3240891,11.2055006,1.06919588E-05
21,18,11.3621120,11.2055006,11.1715527,1.06919588E-05
21,19,11.3621120,11.1715527,11.2337332,1.06919588E-05
21,20,11.3621120,11.2337332,11.3621120,1.06919588E-05
22,1,7.35553074,4.21240330,4.35426998,6.73780869E-06
22,2,7.35553074,4.35426998,4.58986902,6.73780869E-06
22,3,7.35553074,4.58986902,4.69433737,6.73780869E-06
22,4,7.35553074,4.69433737,4.68466473,6.73780869E-06
22,5,7.35553074,4.68466473,4.82323742,6.73780869E-06
22,6,7.35553074,4.82323742,5.06090164,6.73780869E-06
22,7,7.35553074,5.06090164,5.31321192,6.73780869E-06
22,8,7.35553074,5.31321192,5.60682964,6.73780869E-06
22,9,7.35553074,5.60682964,5.74013424,6.73780869E-06
22,10,7.35553074,5.74013424,5.78068638,6.73780869E-06
22,11,7.35553074,5.78068638,5.87455654,6.73780869E-06
22,12,7.35553074,5.87455654,6.25171089,6.73780869E-06
22,13,7.35553074,6.25171089,6.59706545,6.73780869E-06
22,14,7.35553074,6.59706545,6.73046207,6.73780869E-06
22,15,7.35553074,6.73046207,6.74801302,6.73780869E-06
22,16,7.35553074,6.74801302,6.67202282,6.73780869E-06
22,17,7.35553074,6.67202282,6.59391356,6.73780869E-06
22,18,7.35553074,6.59391356,6.70249701,6.73780869E-06
22,19,7.35553074,6.70249701,7.01514053,6.73780869E-06
22,20,7.35553074,7.01514053,7.35553074,6.73780869E-06
23,1,4.16902447,2.50956249,2.62854481,1.13555961E-05
23,2,4.16902447,2.62854481,2.74518466,1.13555961E-05
23,3,4.16902447,2.74518466,2.81741691,1.13555961E-05
23,4,4.16902447,2.81741691,2.82385635,1.13555961E-05
23,5,4.16902447,2.82385635,2.73969150,1.13555961E-05
23,6,4.16902447,2.73969150,2.79538250,1.13555961E-05
23,7,4.16902447,2.79538250,2.85004687,1.13555961E-05
23,8,4.16902447,2.85004687,3.03061676,1.13555961E-05
23,9,4.16902447,3.03061676,3.15650702,1.13555961E-05
23,10,4.16902447,3.15650702,3.06636643,1.13555961E-05
23,11,4.16902447,3.06636643,3.15076542,1.13555961E-05
23,12,4.16902447,3.15076542,3.43181586,1.13555961E-05
23,13,4.16902447,3.43181586,3.60242748,1.13555961E-05
23,14,4.16902447,3.60242748,3.68681884,1.13555961E-05
23,15,4.16902447,3.68681884,3.71280169,1.13555961E-05
23,16,4.16902447,3.71280169,3.74239016,1.13555961E-05
23,17,4.16902447,3.74239016,3.96035886,1.13555961E-05
23,18,4.16902447,3.96035886,4.12806511,1.13555961E-05
23,19,4.16902447,4.12806511,4.12818050,1.13555961E-05
23,20,4.16902447,4.12818050,4.16902447,1.13555961E-05
24,1,12.5357742,11.3621120,11.7084045,2.62740991E-06
24,2,12.5357742,11.7084045,11.8984118,2.62740991E-06
24,3,12.5357742,11.8984118,12.2298727,2.62740991E-06
24,4,12.5357742,12.2298727,12.5432625,2.62740991E-06
24,5,12.5357742,12.5432625,12.2469473,2.62740991E-06
24,6,12.5357742,12.2469473,11.8415670,2.62740991E-06
24,7,12.5357742,11.8415670,11.9409523,2.62740991E-06
24,8,12.5357742,11.9409523,12.4466772,2.62740991E-06
24,9,12.5357742,12.4466772,12.5078611,2.62740991E-06
24,10,12.5357742,12.5078611,12.1087284,2.62740991E-06
24,11,12.5357742,12.1087284,11.8170452,2.62740991E-06
24,12,12.5357742,11.8170452,11.7290239,2.62740991E-06
24,13,12.5357742,11.7290239,11.8810349,2.62740991E-06
24,14,12.5357742,11.8810349,12.0338860,2.62740991E-06
24,15,12.5357742,12.0338860,12.1233921,2.62740991E-06
24,16,12.5357742,12.1233921,12.2007303,2.62740991E-06
24,17,12.5357742,12.2007303,12.3074780,2.62740991E-06
24,18,12.5357742,12.3074780,12.4304075,2.62740991E-06
24,19,12.5357742,12.4304075,12.5299988,2.62740991E-06
24,20,12.5357742,12.5299988,12.5357742,2.62740991E-06
25,1,20.2104683,18.8114281,18.6756172,5.57299745E-06
25,2,20.2104683,18.6756172,18.8882256,5.57299745E-06
25,3,20.2104683,18.8882256,18.8690147,5.57299745E-06
25,4,20.2104683,18.8690147,19.0699081,5.57299745E-06
25,5,20.2104683,19.0699081,18.8943787,5.57299745E-06
25,6,20.2104683,18.8943787,18.8885841,5.57299745E-06
25,7,20.2104683,18.8885841,19.2577782,5.57299745E-06
25,8,20.2104683,19.2577782,19.5969238,5.57299745E-06
25,9,20.2104683,19.5969238,19.7060051,5.57299745E-06
25,10,20.2104683,19.7060051,19.4081306,5.57299745E-06
25,11,20.2104683,19.4081306,18.8759232,5.57299745E-06
25,12,20.2104683,18.8759232,18.8311577,5.57299745E-06
25,13,20.2104683,18.8311577,19.1397514,5.57299745E-06
25,14,20.2104683,19.1397514,19.5217857,5.57299745E-06
25,15,20.2104683,19.5217857,19.7400360,5.57299745E-06
25,16,20.2104683,19.7400360,19.7778282,5.57299745E-06
25,17,20.2104683,19.7778282,19.8976707,5.57299745E-06
25,18,20.2104683,19.8976707,20.0361099,5.57299745E-06
25,19,20.2104683,20.0361099,19.7973595,5.57299745E-06
25,20,20.2104683,19.7973595,20.2104683,5.57299745E-06
26,1,6.31544447,4.16902447,3.80870557,1.94487507E-06
26,2,6.31544447,3.80870557,4.15758276,1.94487507E-06
26,3,6.31544447,4.15758276,4.31878138,1.94487507E-06
26,4,6.31544447,4.31878138,4.50656366,1.94487507E-06
26,5,6.31544447,4.50656366,4.46159267,1.94487507E-06
26,6,6.31544447,4.46159267,4.47574425,1.94487507E-06
26,7,6.31544447,4.47574425,5.04427481,1.94487507E-06
26,8,6.31544447,5.04427481,5.08385754,1.94487507E-06
26,9,6.31544447,5.08385754,4.80431700,1.94487507E-06
26,10,6.31544447,4.80431700,5.03311205,1.94487507E-06
26,11,6.31544447,5.03311205,5.72931576,1.94487507E-06
26,12,6.31544447,5.72931576,5.30147982,1.94487507E-06
26,13,6.31544447,5.30147982,5.35626936,1.94487507E-06
26,14,6.31544447,5.35626936,5.44811678,1.94487507E-06
26,15,6.31544447,5.44811678,5.85438776,1.94487507E-06
26,16,6.31544447,5.85438776,6.00608587,1.94487507E-06
26,17,6.31544447,6.00608587,5.98384905,1.94487507E-06
26,18,6.31544447,5.98384905,6.26656008,1.94487507E-06
26,19,6.31544447,6.26656008,6.17259932,1.94487507E-06
26,20,6.31544447,6.17259932,6.31544447,1.94487507E-06
27,1,17.1712246,12.5357742,12.9728384,1.51151426E-05
27,2,17.1712246,12.9728384,13.4074106,1.51151426E-05
27,3,17.1712246,13.4074106,14.1057796,1.51151426E-05
27,4,17.1712246,14.1057796,14.5559921,1.51151426E-05
27,5,17.1712246,14.5559921,14.6048889,1.51151426E-05
27,6,17.1712246,14.6048889,14.3403816,1.51151426E-05
27,7,17.1712246,14.3403816,13.9739704,1.51151426E-05
27,8,17.1712246,13.9739704,13.8984022,1.51151426E-05
27,9,17.1712246,13.8984022,14.1401911,1.51151426E-05
27,10,17.1712246,14.1401911,14.9047976,1.51151426E-05
27,11,17.1712246,14.9047976,15.6547222,1.51151426E-05
27,12,17.1712246,15.6547222,15.9442825,1.51151426E-05
27,13,17.1712246,15.9442825,16.4974709,1.51151426E-05
27,14,17.1712246,16.4974709,16.7981472,1.51151426E-05
27,15,17.1712246,16.7981472,18.2914753,1.51151426E-05
27,16,17.1712246,18.2914753,17.8449306,1.51151426E-05
27,17,17.1712246,17.8449306,18.1901264,1.51151426E-05
27,18,17.1712246,18.1901264,18.1072254,1.51151426E-05
27,19,17.1712246,18.1072254,17.0161037,1.51151426E-05
27,20,17.1712246,17.0161037,17.1712246,1.51151426E-05
28,1,34.9689865,20.2104683,21.0672359,1.10438650E-05
28,2,34.9689865,21.0672359,21.0340195,1.10438650E-05
28,3,34.9689865,21.0340195,21.6936073,1.10438650E-05
28,4,34.9689865,21.6936073,22.6606941,1.10438650E-05
28,5,34.9689865,22.6606941,23.7224617,1.10438650E-05
28,6,34.9689865,23.7224617,26.1350975,1.10438650E-05
28,7,34.9689865,26.1350975,24.5695152,1.10438650E-05
28,8,34.9689865,24.5695152,26.3686047,1.10438650E-05
28,9,34.9689865,26.3686047,26.5464268,1.10438650E-05
28,10,34.9689865,26.5464268,27.1050377,1.10438650E-05
28,11,34.9689865,27.1050377,29.7081165,1.10438650E-05
28,12,34.9689865,29.7081165,30.0801182,1.10438650E-05
28,13,34.9689865,30.0801182,29.9946003,1.10438650E-05
28,14,34.9689865,29.9946003,31.0462761,1.10438650E-05
28,15,34.9689865,31.0462761,30.0676823,1.10438650E-05
28,16,34.9689865,30.0676823,32.4293938,1.10438650E-05
28,17,34.9689865,32.4293938,35.0351257,1.10438650E-05
28,18,34.9689865,35.0351257,35.7138519,1.10438650E-05
28,19,34.9689865,35.7138519,33.8193779,1.10438650E-05
28,20,34.9689865,33.8193779,34.9689865,1.10438650E-05
29,1,6.76538229,6.93906498,6.93874407,2.26164479E-06
29,2,6.76538229,6.93874407,6.91933727,2.26164479E-06
29,3,6.76538229,6.91933727,6.87797403,2.26164479E-06
29,4,6.76538229,6.87797403,7.05120564,2.26164479E-06
29,5,6.76538229,7.05120564,7.29560089,2.26164479E-06
29,6,6.76538229,7.29560089,7.49023914,2.26164479E-06
29,7,6.76538229,7.49023914,7.29695845,2.26164479E-06
29,8,6.76538229,7.29695845,7.29971075,2.26164479E-06
29,9,6.76538229,7.29971075,7.47474670,2.26164479E-06
29,10,6.76538229,7.47474670,7.55736876,2.26164479E-06
29,11,6.76538229,7.55736876,7.94046545,2.26164479E-06
29,12,6.76538229,7.94046545,7.81424952,2.26164479E-06
29,13,6.76538229,7.81424952,8.27017879,2.26164479E-06
29,14,6.76538229,8.27017879,8.61549759,2.26164479E-06
29,15,6.76538229,8.61549759,8.32313538,2.26164479E-06
29,16,6.76538229,8.32313538,8.12930202,2.26164479E-06
29,17,6.76538229,8.12930202,8.02634621,2.26164479E-06
29,18,6.76538229,8.02634621,7.74343014,2.26164479E-06
29,19,6.76538229,7.74343014,7.18612242,2.26164479E-06
29,20,6.76538229,7.18612242,6.76538229,2.26164479E-06
30,1,22.8508911,17.1712246,19.2002602,4.73014779E-06
30,2,22.8508911,19.2002602,18.2982044,4.73014779E-06
30,3,22.8508911,18.2982044,18.0688152,4.73014779E-06
30,4,22.8508911,18.0688152,18.9920464,4.73014779E-06
30,5,22.8508911,18.9920464,19.4071884,4.73014779E-06
30,6,22.8508911,19.4071884,21.0871696,4.73014779E-06
30,7,22.8508911,21.0871696,20.1863155,4.73014779E-06
30,8,22.8508911,20.1863155,18.1397762,4.73014779E-06
30,9,22.8508911,18.1397762,19.1579914,4.73014779E-06
30,10,22.8508911,19.1579914,19.0359402,4.73014779E-06
30,11,22.8508911,19.0359402,18.8424549,4.73014779E-06
30,12,22.8508911,18.8424549,20.1540661,4.73014779E-06
30,13,22.8508911,20.1540661,22.5968742,4.73014779E-06
30,14,22.8508911,22.5968742,22.1720715,4.73014779E-06
30,15,22.8508911,22.1720715,21.3498001,4.73014779E-06
30,16,22.8508911,21.3498001,19.0924168,4.73014779E-06
30,17,22.8508911,19.0924168,19.1040363,4.73014779E-06
30,18,22.8508911,19.1040363,20.9597397,4.73014779E-06
30,19,22.8508911,20.9597397,21.7076302,4.73014779E-06
30,20,22.8508911,21.7076302,22.8508911,4.73014779E-06
31,1,41.2175446,37.8272667,37.8262558,1.69983707E-06
31,2,41.2175446,37.8262558,37.6752968,1.69983707E-06
31,3,41.2175446,37.6752968,37.9728966,1.69983707E-06
31,4,41.2175446,37.9728966,37.4098587,1.69983707E-06
31,5,41.2175446,37.4098587,40.2325516,1.69983707E-06
31,6,41.2175446,40.2325516,39.7702217,1.69983707E-06
31,7,41.2175446,39.7702217,39.4376526,1.69983707E-06
31,8,41.2175446,39.4376526,39.5951500,1.69983707E-06
31,9,41.2175446,39.5951500,40.0068932,1.69983707E-06
31,10,41.2175446,40.0068932,38.2763786,1.69983707E-06
31,11,41.2175446,38.2763786,37.4992905,1.69983707E-06
31,12,41.2175446,37.4992905,39.7807274,1.69983707E-06
31,13,41.2175446,39.7807274,40.4590836,1.69983707E-06
31,14,41.2175446,40.4590836,38.7775650,1.69983707E-06
31,15,41.2175446,38.7775650,37.4953651,1.69983707E-06
31,16,41.2175446,37.4953651,39.0042381,1.69983707E-06
31,17,41.2175446,39.0042381,39.7947273,1.69983707E-06
31,18,41.2175446,39.7947273,41.7828712,1.69983707E-06
31,19,41.2175446,41.7828712,41.6522408,1.69983707E-06
31,20,41.2175446,41.6522408,41.2175446,1.69983707E-06
32,1,555.492249,47.7238617,56.5146675,2.09571544E-06
32,2,555.492249,56.5146675,69.0382919,2.09571544E-06
32,3,555.492249,69.0382919,84.3178329,2.09571544E-06
32,4,555.492249,84.3178329,107.305466,2.09571544E-06
32,5,555.492249,107.305466,144.556427,2.09571544E-06
32,6,555.492249,144.556427,202.181534,2.09571544E-06
32,7,555.492249,202.181534,283.494415,2.09571544E-06
32,8,555.492249,283.494415,387.183807,2.09571544E-06
32,9,555.492249,387.183807,505.590820,2.09571544E-06
32,10,555.492249,505.590820,624.280090,2.09571544E-06
32,11,555.492249,624.280090,724.805847,2.09571544E-06
32,12,555.492249,724.805847,790.767029,2.09571544E-06
32,13,555.492249,790.767029,814.228455,2.09571544E-06
32,14,555.492249,814.228455,798.573059,2.09571544E-06
32,15,555.492249,798.573059,756.110718,2.09571544E-06
32,16,555.492249,756.110718,702.261292,2.09571544E-06
32,17,555.492249,702.261292,649.898743,2.09571544E-06
32,18,555.492249,649.898743,606.563110,2.09571544E-06
32,19,555.492249,606.563110,574.979004,2.09571544E-06
32,20,555.492249,574.979004,555.492249,2.09571544E-06
33,1,47.7846489,44.7540817,43.8599396,1.57450049E-05
33,2,47.7846489,43.8599396,43.6089096,1.57450049E-05
33,3,47.7846489,43.6089096,42.2484818,1.57450049E-05
33,4,47.7846489,42.2484818,41.3050423,1.57450049E-05
33,5,47.7846489,41.3050423,42.2713509,1.57450049E-05
33,6,47.7846489,42.2713509,43.4007187,1.57450049E-05
33,7,47.7846489,43.4007187,43.0672760,1.57450049E-05
33,8,47.7846489,43.0672760,43.9491844,1.57450049E-05
33,9,47.7846489,43.9491844,44.2390938,1.57450049E-05
33,10,47.7846489,44.2390938,45.7720070,1.57450049E-05
33,11,47.7846489,45.7720070,44.5215340,1.57450049E-05
33,12,47.7846489,44.5215340,44.8906593,1.57450049E-05
33,13,47.7846489,44.8906593,43.1109581,1.57450049E-05
33,14,47.7846489,43.1109581,44.0137482,1.57450049E-05
33,15,47.7846489,44.0137482,44.0891609,1.57450049E-05
33,16,47.7846489,44.0891609,44.1129532,1.57450049E-05
33,17,47.7846489,44.1129532,46.3962250,1.57450049E-05
33,18,47.7846489,46.3962250,47.1924515,1.57450049E-05
33,19,47.7846489,47.1924515,46.5725403,1.57450049E-05
33,20,47.7846489,46.5725403,47.7846489,1.57450049E-05
34,1,627.407593,555.492249,552.938538,1.44185492E-06
34,2,627.407593,552.938538,550.901611,1.44185492E-06
34,3,627.407593,550.901611,549.394043,1.44185492E-06
34,4,627.407593,549.394043,548.432129,1.44185492E-06
34,5,627.407593,548.432129,548.035645,1.44185492E-06
34,6,627.407593,548.035645,548.227661,1.44185492E-06
34,7,627.407593,548.227661,549.033508,1.44185492E-06
34,8,627.407593,549.033508,550.480774,1.44185492E-06
34,9,627.407593,550.480774,552.598389,1.44185492E-06
34,10,627.407593,552.598389,555.415771,1.44185492E-06
34,11,627.407593,555.415771,558.962219,1.44185492E-06
34,12,627.407593,558.962219,563.265930,1.44185492E-06
34,13,627.407593,563.265930,568.353516,1.44185492E-06
34,14,627.407593,568.353516,574.248840,1.44185492E-06
34,15,627.407593,574.248840,580.972473,1.44185492E-06
34,16,627.407593,580.972473,588.540710,1.44185492E-06
34,17,627.407593,588.540710,596.965210,1.44185492E-06
34,18,627.407593,596.965210,606.252136,1.44185492E-06
34,19,627.407593,606.252136,616.401733,1.44185492E-06
34,20,627.407593,616.401733,627.407593,1.44185492E-06
35,1,630.733276,627.407593,627.557190,4.09446002E-05
35,2,630.733276,627.557190,627.703186,4.09446002E-05
35,3,630.733276,627.703186,627.863892,4.09446002E-05
35,4,630.733276,627.863892,628.041565,4.09446002E-05
35,5,630.733276,628.041565,628.220520,4.09446002E-05
35,6,630.733276,628.220520,628.397888,4.09446002E-05
35,7,630.733276,628.397888,628.580872,4.09446002E-05
35,8,630.733276,628.580872,628.762268,4.09446002E-05
35,9,630.733276,628.762268,628.897095,4.09446002E-05
35,10,630.733276,628.897095,628.989868,4.09446002E-05
35,11,630.733276,628.989868,629.078979,4.09446002E-05
35,12,630.733276,629.078979,629.184204,4.09446002E-05
35,13,630.733276,629.184204,629.300171,4.09446002E-05
35,14,630.733276,629.300171,629.447266,4.09446002E-05
35,15,630.733276,629.447266,629.648804,4.09446002E-05
35,16,630.733276,629.648804,629.881592,4.09446002E-05
35,17,630.733276,629.881592,630.130798,4.09446002E-05
35,18,630.733276,630.130798,630.380005,4.09446002E-05
35,19,630.733276,630.380005,630.595520,4.09446002E-05
35,20,630.733276,630.595520,630.733276,4.09446002E-05
36,1,1735.47888,665.702271,696.939697,2.73282203E-05
36,2,1735.47888,696.939697,730.862671,2.73282203E-05
36,3,1735.47888,730.862671,767.158569,2.73282203E-05
36,4,1735.47888,767.158569,805.627075,2.73282203E-05
36,5,1735.47888,805.627075,846.209534,2.73282203E-05
36,6,1735.47888,846.209534,888.980835,2.73282203E-05
36,7,1735.47888,888.980835,934.119995,2.73282203E-05
36,8,1735.47888,934.119995,981.869263,2.73282203E-05
36,9,1735.47888,981.869263,1032.48608,2.73282203E-05
36,10,1735.47888,1032.48608,1086.19055,2.73282203E-05
36,11,1735.47888,1086.19055,1143.11230,2.73282203E-05
36,12,1735.47888,1143.11230,1203.24194,2.73282203E-05
36,13,1735.47888,1203.24194,1266.38965,2.73282203E-05
36,14,1735.47888,1266.38965,1332.15955,2.73282203E-05
36,15,1735.47888,1332.15955,1399.94006,2.73282203E-05
36,16,1735.47888,1399.94006,1468.91614,2.73282203E-05
36,17,1735.47888,1468.91614,1538.09924,2.73282203E-05
36,18,1735.47888,1538.09924,1606.37415,2.73282203E-05
36,19,1735.47888,1606.37415,1672.56079,2.73282203E-05
36,20,1735.47888,1672.56079,1735.47888,2.73282203E-05
37,1,1683.73254,1735.47888,1818.96692,1.10618078E-06
37,2,1683.73254,1818.96692,1891.27869,1.10618078E-06
37,3,1683.73254,1891.27869,1949.92310,1.10618078E-06
37,4,1683.73254,1949.92310,1993.28394,1.10618078E-06
37,5,1683.73254,1993.28394,2020.72852,1.10618078E-06
37,6,1683.73254,2020.72852,2032.59106,1.10618078E-06
37,7,1683.73254,2032.59106,2030.04395,1.10618078E-06
37,8,1683.73254,2030.04395,2014.90112,1.10618078E-06
37,9,1683.73254,2014.90112,1989.39282,1.10618078E-06
37,10,1683.73254,1989.39282,1955.95886,1.10618078E-06
37,11,1683.73254,1955.95886,1917.08887,1.10618078E-06
37,12,1683.73254,1917.08887,1875.21863,1.10618078E-06
37,13,1683.73254,1875.21863,1832.68018,1.10618078E-06
37,14,1683.73254,1832.68018,1791.68701,1.10618078E-06
37,15,1683.73254,1791.68701,1754.33093,1.10618078E-06
37,16,1683.73254,1754.33093,1722.57239,1.10618078E-06
37,17,1683.73254,1722.57239,1698.20850,1.10618078E-06
37,18,1683.73254,1698.20850,1682.81848,1.10618078E-06
37,19,1683.73254,1682.81848,1677.68945,1.10618078E-06
37,20,1683.73254,1677.68945,1683.73254,1.10618078E-06
38,1,1758.15906,1683.73254,1718.47559,1.61506262E-06
38,2,1758.15906,1718.47559,1788.22864,1.61506262E-06
38,3,1758.15906,1788.22864,1888.18909,1.61506262E-06
38,4,1758.15906,1888.18909,2008.79102,1.61506262E-06
38,5,1758.15906,2008.79102,2136.88062,1.61506262E-06
38,6,1758.15906,2136.88062,2257.66650,1.61506262E-06
38,7,1758.15906,2257.66650,2357.01538,1.61506262E-06
38,8,1758.15906,2357.01538,2423.58911,1.61506262E-06
38,9,1758.15906,2423.58911,2450.41626,1.61506262E-06
38,10,1758.15906,2450.41626,2435.65137,1.61506262E-06
38,11,1758.15906,2435.65137,2382.49194,1.61506262E-06
38,12,1758.15906,2382.49194,2298.38013,1.61506262E-06
38,13,1758.15906,2298.38013,2193.72705,1.61506262E-06
38,14,1758.15906,2193.72705,2080.42090,1.61506262E-06
38,15,1758.15906,2080.42090,1970.37659,1.61506262E-06
38,16,1758.15906,1970.37659,1874.28796,1.61506262E-06
38,17,1758.15906,1874.28796,1800.69470,1.61506262E-06
38,18,1758.15906,1800.69470,1755.40332,1.61506262E-06
38,19,1758.15906,1755.40332,1741.24951,1.61506262E-06
38,20,1758.15906,1741.24951,1758.15906,1.61506262E-06
39,1,2381.17920,1758.15906,1791.75183,5.29956480E-07
39,2,2381.17920,1791.75183,1839.79846,5.29956480E-07
39,3,2381.17920,1839.79846,1899.49719,5.29956480E-07
39,4,2381.17920,1899.49719,1967.66858,5.29956480E-07
39,5,2381.17920,1967.66858,2040.93494,5.29956480E-07
39,6,2381.17920,2040.93494,2115.88818,5.29956480E-07
39,7,2381.17920,2115.88818,2189.25586,5.29956480E-07
39,8,2381.17920,2189.25586,2258.04736,5.29956480E-07
39,9,2381.17920,2258.04736,2319.68262,5.29956480E-07
39,10,2381.17920,2319.68262,2372.09839,5.29956480E-07
39,11,2381.17920,2372.09839,2413.83105,5.29956480E-07
39,12,2381.17920,2413.83105,2444.06689,5.29956480E-07
39,13,2381.17920,2444.06689,2462.66650,5.29956480E-07
39,14,2381.17920,2462.66650,2470.15820,5.29956480E-07
39,15,2381.17920,2470.15820,2467.70044,5.29956480E-07
39,16,2381.17920,2467.70044,2457.02051,5.29956480E-07
39,17,2381.17920,2457.02051,2440.32861,5.29956480E-07
39,18,2381.17920,2440.32861,2420.21143,5.29956480E-07
39,19,2381.17920,2420.21143,2399.50879,5.29956480E-07
39,20,2381.17920,2399.50879,2381.17920,5.29956480E-07
40,1,2438.66772,2381.17920,2377.15454,3.91116700E-05
40,2,2438.66772,2377.15454,2373.55664,3.91116700E-05
40,3,2438.66772,2373.55664,2370.44165,3.91116700E-05
40,4,2438.66772,2370.44165,2367.86475,3.91116700E-05
40,5,2438.66772,2367.86475,2365.87915,3.91116700E-05
40,6,2438.66772,2365.87915,2364.53687,3.91116700E-05
40,7,2438.66772,2364.53687,2363.88867,3.91116700E-05
40,8,2438.66772,2363.88867,2363.98315,3.91116700E-05
40,9,2438.66772,2363.98315,2364.86816,3.91116700E-05
40,10,2438.66772,2364.86816,2366.58887,3.91116700E-05
40,11,2438.66772,2366.58887,2369.19019,3.91116700E-05
40,12,2438.66772,2369.19019,2372.71460,3.91116700E-05
40,13,2438.66772,2372.71460,2377.20264,3.91116700E-05
40,14,2438.66772,2377.20264,2382.69409,3.91116700E-05
40,15,2438.66772,2382.69409,2389.22632,3.91116700E-05
40,16,2438.66772,2389.22632,2396.83496,3.91116700E-05
40,17,2438.66772,2396.83496,2405.55347,3.91116700E-05
40,18,2438.66772,2405.55347,2415.41284,3.91116700E-05
40,19,2438.66772,2415.41284,2426.44214,3.91116700E-05
40,20,2438.66772,2426.44214,2438.66772,3.91116700E-05
41,1,2897.74316,2438.66772,2451.09204,8.31414695E-07
41,2,2897.74316,2451.09204,2464.61987,8.31414695E-07
41,3,2897.74316,2464.61987,2479.26611,8.31414695E-07
41,4,2897.74316,2479.26611,2495.04395,8.31414695E-07
41,5,2897.74316,2495.04395,2511.96338,8.31414695E-07
41,6,2897.74316,2511.96338,2530.03223,8.31414695E-07
41,7,2897.74316,2530.03223,2549.25391,8.31414695E-07
41,8,2897.74316,2549.25391,2569.62915,8.31414695E-07
41,9,2897.74316,2569.62915,2591.15381,8.31414695E-07
41,10,2897.74316,2591.15381,2613.81982,8.31414695E-07
41,11,2897.74316,2613.81982,2637.61426,8.31414695E-07
41,12,2897.74316,2637.61426,2662.51978,8.31414695E-07
41,13,2897.74316,2662.51978,2688.51270,8.31414695E-07
41,14,2897.74316,2688.51270,2715.56396,8.31414695E-07
41,15,2897.74316,2715.56396,2743.63916,8.31414695E-07
41,16,2897.74316,2743.63916,2772.69775,8.31414695E-07
41,17,2897.74316,2772.69775,2802.69287,8.31414695E-07
41,18,2897.74316,2802.69287,2833.57227,8.31414695E-07
41,19,2897.74316,2833.57227,2865.27734,8.31414695E-07
41,20,2897.74316,2865.27734,2897.74316,8.31414695E-07
42,1,3281.33179,2897.74316,2915.89624,4.09523636E-06
42,2,3281.33179,2915.89624,2934.24365,4.09523636E-06
42,3,3281.33179,2934.24365,2952.77319,4.09523636E-06
42,4,3281.33179,2952.77319,2971.47144,4.09523636E-06
42,5,3281.33179,2971.47144,2990.32471,4.09523636E-06
42,6,3281.33179,2990.32471,3009.31860,4.09523636E-06
42,7,3281.33179,3009.31860,3028.43823,4.09523636E-06
42,8,3281.33179,3028.43823,3047.66870,4.09523636E-06
42,9,3281.33179,3047.66870,3066.99536,4.09523636E-06
42,10,3281.33179,3066.99536,3086.40210,4.09523636E-06
42,11,3281.33179,3086.40210,3105.87402,4.09523636E-06
42,12,3281.33179,3105.87402,3125.39429,4.09523636E-06
42,13,3281.33179,3125.39429,3144.94678,4.09523636E-06
42,14,3281.33179,3144.94678,3164.51514,4.09523636E-06
42,15,3281.33179,3164.51514,3184.08325,4.09523636E-06
42,16,3281.33179,3184.08325,3203.63403,4.09523636E-06
42,17,3281.33179,3203.63403,3223.15112,4.09523636E-06
42,18,3281.33179,3223.15112,3242.61743,4.09523636E-06
42,19,3281.33179,3242.61743,3262.01660,4.09523636E-06
42,20,3281.33179,3262.01660,3281.33179,4.09523636E-06
43,1,3303.60474,3281.33179,3394.01416,8.89075454E-06
43,2,3303.60474,3394.01416,3498.14282,8.89075454E-06
43,3,3303.60474,3498.14282,3591.14453,8.89075454E-06
43,4,3303.60474,3591.14453,3671.10010,8.89075454E-06
43,5,3303.60474,3671.10010,3736.75024,8.89075454E-06
43,6,3303.60474,3736.75024,3787.43823,8.89075454E-06
43,7,3303.60474,3787.43823,3823.02441,8.89075454E-06
43,8,3303.60474,3823.02441,3843.78687,8.89075454E-06
43,9,3303.60474,3843.78687,3850.32983,8.89075454E-06
43,10,3303.60474,3850.32983,3843.50415,8.89075454E-06
43,11,3303.60474,3843.50415,3824.34155,8.89075454E-06
43,12,3303.60474,3824.34155,3794.00610,8.89075454E-06
43,13,3303.60474,3794.00610,3753.75391,8.89075454E-06
43,14,3303.60474,3753.75391,3704.89819,8.89075454E-06
43,15,3303.60474,3704.89819,3648.77515,8.89075454E-06
43,16,3303.60474,3648.77515,3586.71313,8.89075454E-06
43,17,3303.60474,3586.71313,3519.99902,8.89075454E-06
43,18,3303.60474,3519.99902,3449.84961,8.89075454E-06
43,19,3303.60474,3449.84961,3377.38379,8.89075454E-06
43,20,3303.60474,3377.38379,3303.60474,8.89075454E-06
44,1,3002.05298,3303.60474,3288.39062,2.76270312E-05
44,2,3002.05298,3288.39062,3273.15234,2.76270312E-05
44,3,3002.05298,3273.15234,3257.89697,2.76270312E-05
44,4,3002.05298,3257.89697,3242.63232,2.76270312E-05
44,5,3002.05298,3242.63232,3227.36499,2.76270312E-05
44,6,3002.05298,3227.36499,3212.10132,2.76270312E-05
44,7,3002.05298,3212.10132,3196.84766,2.76270312E-05
44,8,3002.05298,3196.84766,3181.61060,2.76270312E-05
44,9,3002.05298,3181.61060,3166.39624,2.76270312E-05
44,10,3002.05298,3166.39624,3151.20947,2.76270312E-05
44,11,3002.05298,3151.20947,3136.05664,2.76270312E-05
44,12,3002.05298,3136.05664,3120.94263,2.76270312E-05
44,13,3002.05298,3120.94263,3105.87329,2.76270312E-05
44,14,3002.05298,3105.87329,3090.85400,2.76270312E-05
44,15,3002.05298,3090.85400,3075.88843,2.76270312E-05
44,16,3002.05298,3075.88843,3060.98340,2.76270312E-05
44,17,3002.05298,3060.98340,3046.14233,2.76270312E-05
44,18,3002.05298,3046.14233,3031.37085,2.76270312E-05
44,19,3002.05298,3031.37085,3016.67261,2.76270312E-05
44,20,3002.05298,3016.67261,3002.05298,2.76270312E-05
45,1,2454.61841,3002.05298,2966.02783,1.37727275E-05
45,2,2454.61841,2966.02783,2930.59229,1.37727275E-05
45,3,2454.61841,2930.59229,2895.81421,1.37727275E-05
45,4,2454.61841,2895.81421,2861.76025,1.37727275E-05
45,5,2454.61841,2861.76025,2828.49585,1.37727275E-05
45,6,2454.61841,2828.49585,2796.08398,1.37727275E-05
45,7,2454.61841,2796.08398,2764.58594,1.37727275E-05
45,8,2454.61841,2764.58594,2734.05908,1.37727275E-05
45,9,2454.61841,2734.05908,2704.55396,1.37727275E-05
45,10,2454.61841,2704.55396,2676.11670,1.37727275E-05
45,11,2454.61841,2676.11670,2648.78662,1.37727275E-05
45,12,2454.61841,2648.78662,2622.59326,1.37727275E-05
45,13,2454.61841,2622.59326,2597.55859,1.37727275E-05
45,14,2454.61841,2597.55859,2573.69434,1.37727275E-05
45,15,2454.61841,2573.69434,2551.00317,1.37727275E-05
45,16,2454.61841,2551.00317,2529.47778,1.37727275E-05
45,17,2454.61841,2529.47778,2509.10254,1.37727275E-05
45,18,2454.61841,2509.10254,2489.85425,1.37727275E-05
45,19,2454.61841,2489.85425,2471.70386,1.37727275E-05
45,20,2454.61841,2471.70386,2454.61841,1.37727275E-05
46,1,2383.33472,2454.61841,2450.24048,1.08047163E-04
46,2,2383.33472,2450.24048,2445.95459,1.08047163E-04
46,3,2383.33472,2445.95459,2441.75952,1.08047163E-04
46,4,2383.33472,2441.75952,2437.65405,1.08047163E-04
46,5,2383.33472,2437.65405,2433.63647,1.08047163E-04
46,6,2383.33472,2433.63647,2429.70581,1.08047163E-04
46,7,2383.33472,2429.70581,2425.86060,1.08047163E-04
46,8,2383.33472,2425.86060,2422.09985,1.08047163E-04
46,9,2383.33472,2422.09985,2418.42212,1.08047163E-04
46,10,2383.33472,2418.42212,2414.82739,1.08047163E-04
46,11,2383.33472,2414.82739,2411.31372,1.08047163E-04
46,12,2383.33472,2411.31372,2407.88110,1.08047163E-04
46,13,2383.33472,2407.88110,2404.52905,1.08047163E-04
46,14,2383.33472,2404.52905,2401.25806,1.08047163E-04
46,15,2383.33472,2401.25806,2398.06714,1.08047163E-04
46,16,2383.33472,2398.06714,2394.95630,1.08047163E-04
46,17,2383.33472,2394.95630,2391.92700,1.08047163E-04
46,18,2383.33472,2391.92700,2388.97925,1.08047163E-04
46,19,2383.33472,2388.97925,2386.11499,1.08047163E-04
46,20,2383.33472,2386.11499,2383.33472,1.08047163E-04
47,1,2399.67603,2395.33643,2395.47144,2.97710067E-05
47,2,2399.67603,2395.47144,2395.57056,2.97710067E-05
47,3,2399.67603,2395.57056,2395.82617,2.97710067E-05
47,4,2399.67603,2395.82617,2395.98096,2.97710067E-05
47,5,2399.67603,2395.98096,2396.13623,2.97710067E-05
47,6,2399.67603,2396.13623,2396.61182,2.97710067E-05
47,7,2399.67603,2396.61182,2397.03003,2.97710067E-05
47,8,2399.67603,2397.03003,2397.28638,2.97710067E-05
47,9,2399.67603,2397.28638,2397.25464,2.97710067E-05
47,10,2399.67603,2397.25464,2397.46973,2.97710067E-05
47,11,2399.67603,2397.46973,2397.64111,2.97710067E-05
47,12,2399.67603,2397.64111,2398.13940,2.97710067E-05
47,13,2399.67603,2398.13940,2398.27490,2.97710067E-05
47,14,2399.67603,2398.27490,2398.13013,2.97710067E-05
47,15,2399.67603,2398.13013,2397.63062,2.97710067E-05
47,16,2399.67603,2397.63062,2397.43213,2.97710067E-05
47,17,2399.67603,2397.43213,2398.06128,2.97710067E-05
47,18,2399.67603,2398.06128,2398.82617,2.97710067E-05
47,19,2399.67603,2398.82617,2399.44971,2.97710067E-05
47,20,2399.67603,2399.44971,2399.67603,2.97710067E-05
48,1,2412.55420,2399.67603,2399.89355,4.82749565E-05
48,2,2412.55420,2399.89355,2400.76514,4.82749565E-05
48,3,2412.55420,2400.76514,2401.36108,4.82749565E-05
48,4,2412.55420,2401.36108,2401.90112,4.82749565E-05
48,5,2412.55420,2401.90112,2402.98438,4.82749565E-05
48,6,2412.55420,2402.98438,2404.00830,4.82749565E-05
48,7,2412.55420,2404.00830,2404.65894,4.82749565E-05
48,8,2412.55420,2404.65894,2405.32544,4.82749565E-05
48,9,2412.55420,2405.32544,2406.61987,4.82749565E-05
48,10,2412.55420,2406.61987,2407.04980,4.82749565E-05
48,11,2412.55420,2407.04980,2407.48779,4.82749565E-05
48,12,2412.55420,2407.48779,2407.73389,4.82749565E-05
48,13,2412.55420,2407.73389,2407.86792,4.82749565E-05
48,14,2412.55420,2407.86792,2407.63281,4.82749565E-05
48,15,2412.55420,2407.63281,2408.34253,4.82749565E-05
48,16,2412.55420,2408.34253,2409.93555,4.82749565E-05
48,17,2412.55420,2409.93555,2411.21753,4.82749565E-05
48,18,2412.55420,2411.21753,2411.71680,4.82749565E-05
48,19,2412.55420,2411.71680,2411.76929,4.82749565E-05
48,20,2412.55420,2411.76929,2412.55420,4.82749565E-05
49,1,2412.44214,2412.55420,2412.79248,2.38077632E-06
49,2,2412.44214,2412.79248,2413.06494,2.38077632E-06
49,3,2412.44214,2413.06494,2413.18604,2.38077632E-06
49,4,2412.44214,2413.18604,2413.10278,2.38077632E-06
49,5,2412.44214,2413.10278,2413.58325,2.38077632E-06
49,6,2412.44214,2413.58325,2413.98633,2.38077632E-06
49,7,2412.44214,2413.98633,2414.29370,2.38077632E-06
49,8,2412.44214,2414.29370,2413.99194,2.38077632E-06
49,9,2412.44214,2413.99194,2413.71362,2.38077632E-06
49,10,2412.44214,2413.71362,2413.89087,2.38077632E-06
49,11,2412.44214,2413.89087,2413.67212,2.38077632E-06
49,12,2412.44214,2413.67212,2413.59277,2.38077632E-06
49,13,2412.44214,2413.59277,2413.68701,2.38077632E-06
49,14,2412.44214,2413.68701,2413.36475,2.38077632E-06
49,15,2412.44214,2413.36475,2412.77075,2.38077632E-06
49,16,2412.44214,2412.77075,2412.44604,2.38077632E-06
49,17,2412.44214,2412.44604,2412.98242,2.38077632E-06
49,18,2412.44214,2412.98242,2413.02490,2.38077632E-06
49,19,2412.44214,2413.02490,2412.76953,2.38077632E-06
49,20,2412.44214,2412.76953,2412.44214,2.38077632E-06
50,1,2465.37305,2460.22681,2461.55322,2.56341082E-05
50,2,2465.37305,2461.55322,2459.95410,2.56341082E-05
50,3,2465.37305,2459.95410,2459.08716,2.56341082E-05
50,4,2465.37305,2459.08716,2460.09155,2.56341082E-05
50,5,2465.37305,2460.09155,2462.17529,2.56341082E-05
50,6,2465.37305,2462.17529,2461.85254,2.56341082E-05
50,7,2465.37305,2461.85254,2460.71338,2.56341082E-05
50,8,2465.37305,2460.71338,2459.07739,2.56341082E-05
50,9,2465.37305,2459.07739,2460.01929,2.56341082E-05
50,10,2465.37305,2460.01929,2458.52466,2.56341082E-05
50,11,2465.37305,2458.52466,2460.47900,2.56341082E-05
50,12,2465.37305,2460.47900,2459.99927,2.56341082E-05
50,13,2465.37305,2459.99927,2462.66699,2.56341082E-05
50,14,2465.37305,2462.66699,2462.84497,2.56341082E-05
50,15,2465.37305,2462.84497,2462.62939,2.56341082E-05
50,16,2465.37305,2462.62939,2462.92676,2.56341082E-05
50,17,2465.37305,2462.92676,2463.52051,2.56341082E-05
50,18,2465.37305,2463.52051,2465.77588,2.56341082E-05
50,19,2465.37305,2465.77588,2467.59985,2.56341082E-05
50,20,2465.37305,2467.59985,2465.37305,2.56341082E-05
51,1,2470.73535,2465.37305,2463.80298,4.56276030E-06
51,2,2470.73535,2463.80298,2462.58984,4.56276030E-06
51,3,2470.73535,2462.58984,2461.77539,4.56276030E-06
51,4,2470.73535,2461.77539,2462.54663,4.56276030E-06
51,5,2470.73535,2462.54663,2462.15112,4.56276030E-06
51,6,2470.73535,2462.15112,2463.64380,4.56276030E-06
51,7,2470.73535,2463.64380,2463.49756,4.56276030E-06
51,8,2470.73535,2463.49756,2465.12427,4.56276030E-06
51,9,2470.73535,2465.12427,2466.93701,4.56276030E-06
51,10,2470.73535,2466.93701,2467.92114,4.56276030E-06
51,11,2470.73535,2467.92114,2469.77612,4.56276030E-06
51,12,2470.73535,2469.77612,2468.70630,4.56276030E-06
51,13,2470.73535,2468.70630,2468.60815,4.56276030E-06
51,14,2470.73535,2468.60815,2466.64258,4.56276030E-06
51,15,2470.73535,2466.64258,2465.17529,4.56276030E-06
51,16,2470.73535,2465.17529,2464.13818,4.56276030E-06
51,17,2470.73535,2464.13818,2465.14429,4.56276030E-06
51,18,2470.73535,2465.14429,2467.81836,4.56276030E-06
51,19,2470.73535,2467.81836,2470.72510,4.56276030E-06
51,20,2470.73535,2470.72510,2470.73535,4.56276030E-06
52,1,2505.63721,2501.21338,2498.86792,2.05176752E-06
52,2,2505.63721,2498.86792,2495.45947,2.05176752E-06
52,3,2505.63721,2495.45947,2492.07471,2.05176752E-06
52,4,2505.63721,2492.07471,2490.05054,2.05176752E-06
52,5,2505.63721,2490.05054,2488.89722,2.05176752E-06
52,6,2505.63721,2488.89722,2488.78564,2.05176752E-06
52,7,2505.63721,2488.78564,2489.81055,2.05176752E-06
52,8,2505.63721,2489.81055,2491.92749,2.05176752E-06
52,9,2505.63721,2491.92749,2492.30908,2.05176752E-06
52,10,2505.63721,2492.30908,2492.12720,2.05176752E-06
52,11,2505.63721,2492.12720,2493.63135,2.05176752E-06
52,12,2505.63721,2493.63135,2495.82666,2.05176752E-06
52,13,2505.63721,2495.82666,2497.54834,2.05176752E-06
52,14,2505.63721,2497.54834,2503.79932,2.05176752E-06
52,15,2505.63721,2503.79932,2501.47534,2.05176752E-06
52,16,2505.63721,2501.47534,2502.84375,2.05176752E-06
52,17,2505.63721,2502.84375,2502.60229,2.05176752E-06
52,18,2505.63721,2502.60229,2500.76025,2.05176752E-06
52,19,2505.63721,2500.76025,2502.29541,2.05176752E-06
52,20,2505.63721,2502.29541,2505.63721,2.05176752E-06
53,1,2507.75830,2505.63721,2505.08545,8.81011729E-05
53,2,2507.75830,2505.08545,2507.01904,8.81011729E-05
53,3,2507.75830,2507.01904,2505.01050,8.81011729E-05
53,4,2507.75830,2505.01050,2504.82471,8.81011729E-05
53,5,2507.75830,2504.82471,2505.08691,8.81011729E-05
53,6,2507.75830,2505.08691,2506.03613,8.81011729E-05
53,7,2507.75830,2506.03613,2506.90381,8.81011729E-05
53,8,2507.75830,2506.90381,2506.75952,8.81011729E-05
53,9,2507.75830,2506.75952,2505.72778,8.81011729E-05
53,10,2507.75830,2505.72778,2505.82593,8.81011729E-05
53,11,2507.75830,2505.82593,2504.79272,8.81011729E-05
53,12,2507.75830,2504.79272,2505.57739,8.81011729E-05
53,13,2507.75830,2505.57739,2506.68848,8.81011729E-05
53,14,2507.75830,2506.68848,2507.63770,8.81011729E-05
53,15,2507.75830,2507.63770,2508.16260,8.81011729E-05
53,16,2507.75830,2508.16260,2507.89453,8.81011729E-05
53,17,2507.75830,2507.89453,2506.86963,8.81011729E-05
53,18,2507.75830,2506.86963,2506.73560,8.81011729E-05
53,19,2507.75830,2506.73560,2507.24463,8.81011729E-05
53,20,2507.75830,2507.24463,2507.75830,8.81011729E-05
54,1,2490.25366,2507.75830,2507.61621,2.26164389E-06
54,2,2490.25366,2507.61621,2505.43628,2.26164389E-06
54,3,2490.25366,2505.43628,2502.75415,2.26164389E-06
54,4,2490.25366,2502.75415,2501.00879,2.26164389E-06
54,5,2490.25366,2501.00879,2499.83984,2.26164389E-06
54,6,2490.25366,2499.83984,2496.76392,2.26164389E-06
54,7,2490.25366,2496.76392,2496.45874,2.26164389E-06
54,8,2490.25366,2496.45874,2499.11426,2.26164389E-06
54,9,2490.25366,2499.11426,2500.02124,2.26164389E-06
54,10,2490.25366,2500.02124,2499.21265,2.26164389E-06
54,11,2490.25366,2499.21265,2495.96729,2.26164389E-06
54,12,2490.25366,2495.96729,2493.74585,2.26164389E-06
54,13,2490.25366,2493.74585,2491.57104,2.26164389E-06
54,14,2490.25366,2491.57104,2491.18066,2.26164389E-06
54,15,2490.25366,2491.18066,2491.12793,2.26164389E-06
54,16,2490.25366,2491.12793,2492.10132,2.26164389E-06
54,17,2490.25366,2492.10132,2491.39062,2.26164389E-06
54,18,2490.25366,2491.39062,2490.48193,2.26164389E-06
54,19,2490.25366,2490.48193,2488.55200,2.26164389E-06
54,20,2490.25366,2488.55200,2490.25366,2.26164389E-06
55,1,2494.80225,2490.25366,2490.22437,1.00139223E-05
55,2,2494.80225,2490.22437,2490.96045,1.00139223E-05
55,3,2494.80225,2490.96045,2491.83740,1.00139223E-05
55,4,2494.80225,2491.83740,2494.82129,1.00139223E-05
55,5,2494.80225,2494.82129,2495.16748,1.00139223E-05
55,6,2494.80225,2495.16748,2495.39258,1.00139223E-05
55,7,2494.80225,2495.39258,2493.62280,1.00139223E-05
55,8,2494.80225,2493.62280,2494.53247,1.00139223E-05
55,9,2494.80225,2494.53247,2495.11694,1.00139223E-05
55,10,2494.80225,2495.11694,2498.16602,1.00139223E-05
55,11,2494.80225,2498.16602,2499.40894,1.00139223E-05
55,12,2494.80225,2499.40894,2502.77710,1.00139223E-05
55,13,2494.80225,2502.77710,2504.72290,1.00139223E-05
55,14,2494.80225,2504.72290,2504.90308,1.00139223E-05
55,15,2494.80225,2504.90308,2503.93188,1.00139223E-05
55,16,2494.80225,2503.93188,2502.00098,1.00139223E-05
55,17,2494.80225,2502.00098,2500.51709,1.00139223E-05
55,18,2494.80225,2500.51709,2497.67114,1.00139223E-05
55,19,2494.80225,2497.67114,2495.01123,1.00139223E-05
55,20,2494.80225,2495.01123,2494.80225,1.00139223E-05
56,1,2501.37305,2494.80225,2494.62744,4.07969355E-06
56,2,2501.37305,2494.62744,2494.69336,4.07969355E-06
56,3,2501.37305,2494.69336,2494.43140,4.07969355E-06
56,4,2501.37305,2494.43140,2496.05884,4.07969355E-06
56,5,2501.37305,2496.05884,2498.05054,4.07969355E-06
56,6,2501.37305,2498.05054,2499.46948,4.07969355E-06
56,7,2501.37305,2499.46948,2500.61377,4.07969355E-06
56,8,2501.37305,2500.61377,2503.19800,4.07969355E-06
56,9,2501.37305,2503.19800,2507.97095,4.07969355E-06
56,10,2501.37305,2507.97095,2513.88330,4.07969355E-06
56,11,2501.37305,2513.88330,2515.75220,4.07969355E-06
56,12,2501.37305,2515.75220,2516.39478,4.07969355E-06
56,13,2501.37305,2516.39478,2517.18799,4.07969355E-06
56,14,2501.37305,2517.18799,2517.48828,4.07969355E-06
56,15,2501.37305,2517.48828,2512.60278,4.07969355E-06
56,16,2501.37305,2512.60278,2505.96875,4.07969355E-06
56,17,2501.37305,2505.96875,2502.95166,4.07969355E-06
56,18,2501.37305,2502.95166,2503.88794,4.07969355E-06
56,19,2501.37305,2503.88794,2502.28491,4.07969355E-06
56,20,2501.37305,2502.28491,2501.37305,4.07969355E-06
57,1,2508.09985,2509.07031,2511.41113,2.73108162E-06
57,2,2508.09985,2511.41113,2515.03833,2.73108162E-06
57,3,2508.09985,2515.03833,2512.70630,2.73108162E-06
57,4,2508.09985,2512.70630,2505.55029,2.73108162E-06
57,5,2508.09985,2505.55029,2504.40845,2.73108162E-06
57,6,2508.09985,2504.40845,2506.91016,2.73108162E-06
57,7,2508.09985,2506.91016,2505.75391,2.73108162E-06
57,8,2508.09985,2505.75391,2500.51953,2.73108162E-06
57,9,2508.09985,2500.51953,2496.11426,2.73108162E-06
57,10,2508.09985,2496.11426,2498.63477,2.73108162E-06
57,11,2508.09985,2498.63477,2503.31934,2.73108162E-06
57,12,2508.09985,2503.31934,2503.29639,2.73108162E-06
57,13,2508.09985,2503.29639,2502.60132,2.73108162E-06
57,14,2508.09985,2502.60132,2505.59058,2.73108162E-06
57,15,2508.09985,2505.59058,2509.00366,2.73108162E-06
57,16,2508.09985,2509.00366,2508.77173,2.73108162E-06
57,17,2508.09985,2508.77173,2508.70703,2.73108162E-06
57,18,2508.09985,2508.70703,2505.88818,2.73108162E-06
57,19,2508.09985,2505.88818,2506.51978,2.73108162E-06
57,20,2508.09985,2506.51978,2508.09985,2.73108162E-06
58,1,2512.46362,2508.09985,2513.05347,1.35267774E-05
58,2,2512.46362,2513.05347,2507.65991,1.35267774E-05
58,3,2512.46362,2507.65991,2498.38623,1.35267774E-05
58,4,2512.46362,2498.38623,2502.10156,1.35267774E-05
58,5,2512.46362,2502.10156,2512.76025,1.35267774E-05
58,6,2512.46362,2512.76025,2509.63477,1.35267774E-05
58,7,2512.46362,2509.63477,2505.65015,1.35267774E-05
58,8,2512.46362,2505.65015,2516.20972,1.35267774E-05
58,9,2512.46362,2516.20972,2514.96191,1.35267774E-05
58,10,2512.46362,2514.96191,2504.99951,1.35267774E-05
58,11,2512.46362,2504.99951,2507.00562,1.35267774E-05
58,12,2512.46362,2507.00562,2512.07886,1.35267774E-05
58,13,2512.46362,2512.07886,2525.64185,1.35267774E-05
58,14,2512.46362,2525.64185,2522.04004,1.35267774E-05
58,15,2512.46362,2522.04004,2504.29956,1.35267774E-05
58,16,2512.46362,2504.29956,2493.09692,1.35267774E-05
58,17,2512.46362,2493.09692,2507.39355,1.35267774E-05
58,18,2512.46362,2507.39355,2520.46558,1.35267774E-05
58,19,2512.46362,2520.46558,2510.07275,1.35267774E-05
58,20,2512.46362,2510.07275,2512.46362,1.35267774E-05
