i,k,old_q,old_q_ch_in,old_q_ch_out,qlat_ch_old
1,1,733.684814,0.00000000,36.3477783,8.37236992E-04
1,2,733.684814,36.3477783,72.9622803,8.37236992E-04
1,3,733.684814,72.9622803,107.917831,8.37236992E-04
1,4,733.684814,107.917831,148.410522,8.37236992E-04
1,5,733.684814,148.410522,178.936646,8.37236992E-04
1,6,733.684814,178.936646,216.221313,8.37236992E-04
1,7,733.684814,216.221313,260.685638,8.37236992E-04
1,8,733.684814,260.685638,289.320282,8.37236992E-04
1,9,733.684814,289.320282,324.949585,8.37236992E-04
1,10,733.684814,324.949585,362.290680,8.37236992E-04
1,11,733.684814,362.290680,396.706421,8.37236992E-04
1,12,733.684814,396.706421,443.245331,8.37236992E-04
1,13,733.684814,443.245331,481.843597,8.37236992E-04
1,14,733.684814,481.843597,503.851898,8.37236992E-04
1,15,733.684814,503.851898,532.833374,8.37236992E-04
1,16,733.684814,532.833374,578.035034,8.37236992E-04
1,17,733.684814,578.035034,623.911743,8.37236992E-04
1,18,733.684814,623.911743,661.691162,8.37236992E-04
1,19,733.684814,661.691162,697.539795,8.37236992E-04
1,20,733.684814,697.539795,733.684814,8.37236992E-04
2,1,0.00000000,0.00000000,0.00000000,-8.76461156E-03
2,2,0.00000000,0.00000000,0.00000000,-8.76461156E-03
2,3,0.00000000,0.00000000,0.00000000,-8.76461156E-03
2,4,0.00000000,0.00000000,0.00000000,-8.76461156E-03
2,5,0.00000000,0.00000000,0.00000000,-8.76461156E-03
2,6,0.00000000,0.00000000,0.00000000,-8.76461156E-03
2,7,0.00000000,0.00000000,0.00000000,-8.76461156E-03
2,8,0.00000000,0.00000000,0.00000000,-8.76461156E-03
2,9,0.00000000,0.00000000,0.00000000,-8.76461156E-03
2,10,0.00000000,0.00000000,0.00000000,-8.76461156E-03
2,11,0.00000000,0.00000000,0.00000000,-8.76461156E-03
2,12,0.00000000,0.00000000,0.00000000,-8.76461156E-03
2,13,0.00000000,0.00000000,0.00000000,-8.76461156E-03
2,14,0.00000000,0.00000000,0.00000000,-8.76461156E-03
2,15,0.00000000,0.00000000,0.00000000,-8.76461156E-03
2,16,0.00000000,0.00000000,0.00000000,-8.76461156E-03
2,17,0.00000000,0.00000000,0.00000000,-8.76461156E-03
2,18,0.00000000,0.00000000,0.00000000,-8.76461156E-03
2,19,0.00000000,0.00000000,0.00000000,-8.76461156E-03
2,20,0.00000000,0.00000000,0.00000000,-8.76461156E-03
3,1,28.0426521,0.00000000,1.40930259,2.10680573E-05
3,2,28.0426521,1.40930259,2.81860495,2.10680573E-05
3,3,28.0426521,2.81860495,4.22790766,2.10680573E-05
3,4,28.0426521,4.22790766,5.63721037,2.10680573E-05
3,5,28.0426521,5.63721037,7.04651356,2.10680573E-05
3,6,28.0426521,7.04651356,8.45581245,2.10680573E-05
3,7,28.0426521,8.45581245,9.86514091,2.10680573E-05
3,8,28.0426521,9.86514091,11.2742643,2.10680573E-05
3,9,28.0426521,11.2742643,12.6846113,2.10680573E-05
3,10,28.0426521,12.6846113,14.0889626,2.10680573E-05
3,11,28.0426521,14.0889626,15.5172005,2.10680573E-05
3,12,28.0426521,15.5172005,16.8687000,2.10680573E-05
3,13,28.0426521,16.8687000,18.4159260,2.10680573E-05
3,14,28.0426521,18.4159260,19.5787544,2.10680573E-05
3,15,28.0426521,19.5787544,21.2868519,2.10680573E-05
3,16,28.0426521,21.2868519,22.5249596,2.10680573E-05
3,17,28.0426521,22.5249596,23.8211002,2.10680573E-05
3,18,28.0426521,23.8211002,25.4829807,2.10680573E-05
3,19,28.0426521,25.4829807,26.8805981,2.10680573E-05
3,20,28.0426521,26.8805981,28.0426521,2.10680573E-05
4,1,20.4820690,0.00000000,1.05786562,1.69491559E-05
4,2,20.4820690,1.05786562,1.96083033,1.69491559E-05
4,3,20.4820690,1.96083033,3.32661176,1.69491559E-05
4,4,20.4820690,3.32661176,4.13533211,1.69491559E-05
4,5,20.4820690,4.13533211,4.97941113,1.69491559E-05
4,6,20.4820690,4.97941113,6.15853596,1.69491559E-05
4,7,20.4820690,6.15853596,7.43384361,1.69491559E-05
4,8,20.4820690,7.43384361,8.52719784,1.69491559E-05
4,9,20.4820690,8.52719784,9.40729046,1.69491559E-05
4,10,20.4820690,9.40729046,10.2337742,1.69491559E-05
4,11,20.4820690,10.2337742,11.1758337,1.69491559E-05
4,12,20.4820690,11.1758337,12.2909508,1.69491559E-05
4,13,20.4820690,12.2909508,13.5163174,1.69491559E-05
4,14,20.4820690,13.5163174,14.7339773,1.69491559E-05
4,15,20.4820690,14.7339773,15.8470068,1.69491559E-05
4,16,20.4820690,15.8470068,16.8243160,1.69491559E-05
4,17,20.4820690,16.8243160,17.7027779,1.69491559E-05
4,18,20.4820690,17.7027779,18.5586777,1.69491559E-05
4,19,20.4820690,18.5586777,19.4692440,1.69491559E-05
4,20,20.4820690,19.4692440,20.4820690,1.69491559E-05
5,1,0.00000000,0.00000000,0.00000000,-1.09593543E-06
5,2,0.00000000,0.00000000,0.00000000,-1.09593543E-06
5,3,0.00000000,0.00000000,0.00000000,-1.09593543E-06
5,4,0.00000000,0.00000000,0.00000000,-1.09593543E-06
5,5,0.00000000,0.00000000,0.00000000,-1.09593543E-06
5,6,0.00000000,0.00000000,0.00000000,-1.09593543E-06
5,7,0.00000000,0.00000000,0.00000000,-1.09593543E-06
5,8,0.00000000,0.00000000,0.00000000,-1.09593543E-06
5,9,0.00000000,0.00000000,0.00000000,-1.09593543E-06
5,10,0.00000000,0.00000000,0.00000000,-1.09593543E-06
5,11,0.00000000,0.00000000,0.00000000,-1.09593543E-06
5,12,0.00000000,0.00000000,0.00000000,-1.09593543E-06
5,13,0.00000000,0.00000000,0.00000000,-1.09593543E-06
5,14,0.00000000,0.00000000,0.00000000,-1.09593543E-06
5,15,0.00000000,0.00000000,0.00000000,-1.09593543E-06
5,16,0.00000000,0.00000000,0.00000000,-1.09593543E-06
5,17,0.00000000,0.00000000,0.00000000,-1.09593543E-06
5,18,0.00000000,0.00000000,0.00000000,-1.09593543E-06
5,19,0.00000000,0.00000000,0.00000000,-1.09593543E-06
5,20,0.00000000,0.00000000,0.00000000,-1.09593543E-06
6,1,0.00000000,0.00000000,0.00000000,-2.09097948E-06
6,2,0.00000000,0.00000000,0.00000000,-2.09097948E-06
6,3,0.00000000,0.00000000,0.00000000,-2.09097948E-06
6,4,0.00000000,0.00000000,0.00000000,-2.09097948E-06
6,5,0.00000000,0.00000000,0.00000000,-2.09097948E-06
6,6,0.00000000,0.00000000,0.00000000,-2.09097948E-06
6,7,0.00000000,0.00000000,0.00000000,-2.09097948E-06
6,8,0.00000000,0.00000000,0.00000000,-2.09097948E-06
6,9,0.00000000,0.00000000,0.00000000,-2.09097948E-06
6,10,0.00000000,0.00000000,0.00000000,-2.09097948E-06
6,11,0.00000000,0.00000000,0.00000000,-2.09097948E-06
6,12,0.00000000,0.00000000,0.00000000,-2.09097948E-06
6,13,0.00000000,0.00000000,0.00000000,-2.09097948E-06
6,14,0.00000000,0.00000000,0.00000000,-2.09097948E-06
6,15,0.00000000,0.00000000,0.00000000,-2.09097948E-06
6,16,0.00000000,0.00000000,0.00000000,-2.09097948E-06
6,17,0.00000000,0.00000000,0.00000000,-2.09097948E-06
6,18,0.00000000,0.00000000,0.00000000,-2.09097948E-06
6,19,0.00000000,0.00000000,0.00000000,-2.09097948E-06
6,20,0.00000000,0.00000000,0.00000000,-2.09097948E-06
7,1,5.26559073E-04,0.00000000,3.04551868E-05,2.32695352E-09
7,2,5.26559073E-04,3.04551868E-05,6.26130786E-05,2.32695352E-09
7,3,5.26559073E-04,6.26130786E-05,8.74977704E-05,2.32695352E-09
7,4,5.26559073E-04,8.74977704E-05,1.27539257E-04,2.32695352E-09
7,5,5.26559073E-04,1.27539257E-04,1.54436333E-04,2.32695352E-09
7,6,5.26559073E-04,1.54436333E-04,1.78473507E-04,2.32695352E-09
7,7,5.26559073E-04,1.78473507E-04,2.11423365E-04,2.32695352E-09
7,8,5.26559073E-04,2.11423365E-04,2.50097946E-04,2.32695352E-09
7,9,5.26559073E-04,2.50097946E-04,2.67904514E-04,2.32695352E-09
7,10,5.26559073E-04,2.67904514E-04,3.53256008E-04,2.32695352E-09
7,11,5.26559073E-04,3.53256008E-04,2.65520968E-04,2.32695352E-09
7,12,5.26559073E-04,2.65520968E-04,3.74744937E-04,2.32695352E-09
7,13,5.26559073E-04,3.74744937E-04,4.46904800E-04,2.32695352E-09
7,14,5.26559073E-04,4.46904800E-04,4.30769229E-04,2.32695352E-09
7,15,5.26559073E-04,4.30769229E-04,4.18228359E-04,2.32695352E-09
7,16,5.26559073E-04,4.18228359E-04,4.87904006E-04,2.32695352E-09
7,17,5.26559073E-04,4.87904006E-04,4.67536825E-04,2.32695352E-09
7,18,5.26559073E-04,4.67536825E-04,6.81724865E-04,2.32695352E-09
7,19,5.26559073E-04,6.81724865E-04,6.00403524E-04,2.32695352E-09
7,20,5.26559073E-04,6.00403524E-04,5.26559073E-04,2.32695352E-09
8,1,0.00000000,0.00000000,0.00000000,-2.40964306E-04
8,2,0.00000000,0.00000000,0.00000000,-2.40964306E-04
8,3,0.00000000,0.00000000,0.00000000,-2.40964306E-04
8,4,0.00000000,0.00000000,0.00000000,-2.40964306E-04
8,5,0.00000000,0.00000000,0.00000000,-2.40964306E-04
8,6,0.00000000,0.00000000,0.00000000,-2.40964306E-04
8,7,0.00000000,0.00000000,0.00000000,-2.40964306E-04
8,8,0.00000000,0.00000000,0.00000000,-2.40964306E-04
8,9,0.00000000,0.00000000,0.00000000,-2.40964306E-04
8,10,0.00000000,0.00000000,0.00000000,-2.40964306E-04
8,11,0.00000000,0.00000000,0.00000000,-2.40964306E-04
8,12,0.00000000,0.00000000,0.00000000,-2.40964306E-04
8,13,0.00000000,0.00000000,0.00000000,-2.40964306E-04
8,14,0.00000000,0.00000000,0.00000000,-2.40964306E-04
8,15,0.00000000,0.00000000,0.00000000,-2.40964306E-04
8,16,0.00000000,0.00000000,0.00000000,-2.40964306E-04
8,17,0.00000000,0.00000000,0.00000000,-2.40964306E-04
8,18,0.00000000,0.00000000,0.00000000,-2.40964306E-04
8,19,0.00000000,0.00000000,0.00000000,-2.40964306E-04
8,20,0.00000000,0.00000000,0.00000000,-2.40964306E-04
9,1,0.00000000,0.00000000,0.00000000,-6.55372205E-05
9,2,0.00000000,0.00000000,0.00000000,-6.55372205E-05
9,3,0.00000000,0.00000000,0.00000000,-6.55372205E-05
9,4,0.00000000,0.00000000,0.00000000,-6.55372205E-05
9,5,0.00000000,0.00000000,0.00000000,-6.55372205E-05
9,6,0.00000000,0.00000000,0.00000000,-6.55372205E-05
9,7,0.00000000,0.00000000,0.00000000,-6.55372205E-05
9,8,0.00000000,0.00000000,0.00000000,-6.55372205E-05
9,9,0.00000000,0.00000000,0.00000000,-6.55372205E-05
9,10,0.00000000,0.00000000,0.00000000,-6.55372205E-05
9,11,0.00000000,0.00000000,0.00000000,-6.55372205E-05
9,12,0.00000000,0.00000000,0.00000000,-6.55372205E-05
9,13,0.00000000,0.00000000,0.00000000,-6.55372205E-05
9,14,0.00000000,0.00000000,0.00000000,-6.55372205E-05
9,15,0.00000000,0.00000000,0.00000000,-6.55372205E-05
9,16,0.00000000,0.00000000,0.00000000,-6.55372205E-05
9,17,0.00000000,0.00000000,0.00000000,-6.55372205E-05
9,18,0.00000000,0.00000000,0.00000000,-6.55372205E-05
9,19,0.00000000,0.00000000,0.00000000,-6.55372205E-05
9,20,0.00000000,0.00000000,0.00000000,-6.55372205E-05
10,1,70.4625473,0.00000000,3.57495761,7.22344150E-04
10,2,70.4625473,3.57495761,6.98316813,7.22344150E-04
10,3,70.4625473,6.98316813,10.4757843,7.22344150E-04
10,4,70.4625473,10.4757843,14.0783052,7.22344150E-04
10,5,70.4625473,14.0783052,17.7081261,7.22344150E-04
10,6,70.4625473,17.7081261,21.2835388,7.22344150E-04
10,7,70.4625473,21.2835388,24.7733765,7.22344150E-04
10,8,70.4625473,24.7733765,28.1978455,7.22344150E-04
10,9,70.4625473,28.1978455,31.6051636,7.22344150E-04
10,10,70.4625473,31.6051636,35.0446854,7.22344150E-04
10,11,70.4625473,35.0446854,38.5479507,7.22344150E-04
10,12,70.4625473,38.5479507,42.1212273,7.22344150E-04
10,13,70.4625473,42.1212273,45.7479248,7.22344150E-04
10,14,70.4625473,45.7479248,49.3972282,7.22344150E-04
10,15,70.4625473,49.3972282,53.0345039,7.22344150E-04
10,16,70.4625473,53.0345039,56.6306877,7.22344150E-04
10,17,70.4625473,56.6306877,60.1685143,7.22344150E-04
10,18,70.4625473,60.1685143,63.6447754,7.22344150E-04
10,19,70.4625473,63.6447754,67.0695190,7.22344150E-04
10,20,70.4625473,67.0695190,70.4625473,7.22344150E-04
11,1,9.46009541,0.00000000,0.471260965,7.99693680E-06
11,2,9.46009541,0.471260965,0.919496834,7.99693680E-06
11,3,9.46009541,0.919496834,1.46963918,7.99693680E-06
11,4,9.46009541,1.46963918,1.79659307,7.99693680E-06
11,5,9.46009541,1.79659307,2.33712101,7.99693680E-06
11,6,9.46009541,2.33712101,2.89685488,7.99693680E-06
11,7,9.46009541,2.89685488,3.31218934,7.99693680E-06
11,8,9.46009541,3.31218934,3.68439960,7.99693680E-06
11,9,9.46009541,3.68439960,4.14614630,7.99693680E-06
11,10,9.46009541,4.14614630,4.69651127,7.99693680E-06
11,11,9.46009541,4.69651127,5.24252605,7.99693680E-06
11,12,9.46009541,5.24252605,5.71222019,7.99693680E-06
11,13,9.46009541,5.71222019,6.11110401,7.99693680E-06
11,14,9.46009541,6.11110401,6.49963856,7.99693680E-06
11,15,9.46009541,6.49963856,6.93716431,7.99693680E-06
11,16,9.46009541,6.93716431,7.44202709,7.99693680E-06
11,17,9.46009541,7.44202709,7.98787594,7.99693680E-06
11,18,9.46009541,7.98787594,8.52730370,7.99693680E-06
11,19,9.46009541,8.52730370,9.02173138,7.99693680E-06
11,20,9.46009541,9.02173138,9.46009541,7.99693680E-06
12,1,0.00000000,0.00000000,0.00000000,-3.53215179E-10
12,2,0.00000000,0.00000000,0.00000000,-3.53215179E-10
12,3,0.00000000,0.00000000,0.00000000,-3.53215179E-10
12,4,0.00000000,0.00000000,0.00000000,-3.53215179E-10
12,5,0.00000000,0.00000000,0.00000000,-3.53215179E-10
12,6,0.00000000,0.00000000,0.00000000,-3.53215179E-10
12,7,0.00000000,0.00000000,0.00000000,-3.53215179E-10
12,8,0.00000000,0.00000000,0.00000000,-3.53215179E-10
12,9,0.00000000,0.00000000,0.00000000,-3.53215179E-10
12,10,0.00000000,0.00000000,0.00000000,-3.53215179E-10
12,11,0.00000000,0.00000000,0.00000000,-3.53215179E-10
12,12,0.00000000,0.00000000,0.00000000,-3.53215179E-10
12,13,0.00000000,0.00000000,0.00000000,-3.53215179E-10
12,14,0.00000000,0.00000000,0.00000000,-3.53215179E-10
12,15,0.00000000,0.00000000,0.00000000,-3.53215179E-10
12,16,0.00000000,0.00000000,0.00000000,-3.53215179E-10
12,17,0.00000000,0.00000000,0.00000000,-3.53215179E-10
12,18,0.00000000,0.00000000,0.00000000,-3.53215179E-10
12,19,0.00000000,0.00000000,0.00000000,-3.53215179E-10
12,20,0.00000000,0.00000000,0.00000000,-3.53215179E-10
13,1,0.00000000,0.00000000,0.00000000,-5.57955559E-07
13,2,0.00000000,0.00000000,0.00000000,-5.57955559E-07
13,3,0.00000000,0.00000000,0.00000000,-5.57955559E-07
13,4,0.00000000,0.00000000,0.00000000,-5.57955559E-07
13,5,0.00000000,0.00000000,0.00000000,-5.57955559E-07
13,6,0.00000000,0.00000000,0.00000000,-5.57955559E-07
13,7,0.00000000,0.00000000,0.00000000,-5.57955559E-07
13,8,0.00000000,0.00000000,0.00000000,-5.57955559E-07
13,9,0.00000000,0.00000000,0.00000000,-5.57955559E-07
13,10,0.00000000,0.00000000,0.00000000,-5.57955559E-07
13,11,0.00000000,0.00000000,0.00000000,-5.57955559E-07
13,12,0.00000000,0.00000000,0.00000000,-5.57955559E-07
13,13,0.00000000,0.00000000,0.00000000,-5.57955559E-07
13,14,0.00000000,0.00000000,0.00000000,-5.57955559E-07
13,15,0.00000000,0.00000000,0.00000000,-5.57955559E-07
13,16,0.00000000,0.00000000,0.00000000,-5.57955559E-07
13,17,0.00000000,0.00000000,0.00000000,-5.57955559E-07
13,18,0.00000000,0.00000000,0.00000000,-5.57955559E-07
13,19,0.00000000,0.00000000,0.00000000,-5.57955559E-07
13,20,0.00000000,0.00000000,0.00000000,-5.57955559E-07
14,1,133.048050,0.00000000,17.6046333,1.30032562E-03
14,2,133.048050,17.6046333,34.9410477,1.30032562E-03
14,3,133.048050,34.9410477,51.6446838,1.30032562E-03
14,4,133.048050,51.6446838,67.2542038,1.30032562E-03
14,5,133.048050,67.2542038,81.3210831,1.30032562E-03
14,6,133.048050,81.3210831,93.5121078,1.30032562E-03
14,7,133.048050,93.5121078,103.667763,1.30032562E-03
14,8,133.048050,103.667763,111.807785,1.30032562E-03
14,9,133.048050,111.807785,118.096748,1.30032562E-03
14,10,133.048050,118.096748,122.790550,1.30032562E-03
14,11,133.048050,122.790550,126.182877,1.30032562E-03
14,12,133.048050,126.182877,128.562668,1.30032562E-03
14,13,133.048050,128.562668,130.187057,1.30032562E-03
14,14,133.048050,130.187057,131.268463,1.30032562E-03
14,15,133.048050,131.268463,131.972336,1.30032562E-03
14,16,133.048050,131.972336,132.421356,1.30032562E-03
14,17,133.048050,132.421356,132.702911,1.30032562E-03
14,18,133.048050,132.702911,132.876953,1.30032562E-03
14,19,133.048050,132.876953,132.983398,1.30032562E-03
14,20,133.048050,132.983398,133.048050,1.30032562E-03
15,1,30.3362713,28.0426521,28.1302299,7.71759460E-06
15,2,30.3362713,28.1302299,28.2568226,7.71759460E-06
15,3,30.3362713,28.2568226,28.3413086,7.71759460E-06
15,4,30.3362713,28.3413086,28.5836582,7.71759460E-06
15,5,30.3362713,28.5836582,28.7152004,7.71759460E-06
15,6,30.3362713,28.7152004,28.8347034,7.71759460E-06
15,7,30.3362713,28.8347034,29.0403500,7.71759460E-06
15,8,30.3362713,29.0403500,29.2749500,7.71759460E-06
15,9,30.3362713,29.2749500,29.4517498,7.71759460E-06
15,10,30.3362713,29.4517498,29.5584507,7.71759460E-06
15,11,30.3362713,29.5584507,29.6435795,7.71759460E-06
15,12,30.3362713,29.6435795,29.7527847,7.71759460E-06
15,13,30.3362713,29.7527847,29.8905010,7.71759460E-06
15,14,30.3362713,29.8905010,30.0268745,7.71759460E-06
15,15,30.3362713,30.0268745,30.1280098,7.71759460E-06
15,16,30.3362713,30.1280098,30.1811924,7.71759460E-06
15,17,30.3362713,30.1811924,30.2005959,7.71759460E-06
15,18,30.3362713,30.2005959,30.2161713,7.71759460E-06
15,19,30.3362713,30.2161713,30.2565937,7.71759460E-06
15,20,30.3362713,30.2565937,30.3362713,7.71759460E-06
16,1,0.00000000,0.00000000,0.00000000,-7.43874756E-04
16,2,0.00000000,0.00000000,0.00000000,-7.43874756E-04
16,3,0.00000000,0.00000000,0.00000000,-7.43874756E-04
16,4,0.00000000,0.00000000,0.00000000,-7.43874756E-04
16,5,0.00000000,0.00000000,0.00000000,-7.43874756E-04
16,6,0.00000000,0.00000000,0.00000000,-7.43874756E-04
16,7,0.00000000,0.00000000,0.00000000,-7.43874756E-04
16,8,0.00000000,0.00000000,0.00000000,-7.43874756E-04
16,9,0.00000000,0.00000000,0.00000000,-7.43874756E-04
16,10,0.00000000,0.00000000,0.00000000,-7.43874756E-04
16,11,0.00000000,0.00000000,0.00000000,-7.43874756E-04
16,12,0.00000000,0.00000000,0.00000000,-7.43874756E-04
16,13,0.00000000,0.00000000,0.00000000,-7.43874756E-04
16,14,0.00000000,0.00000000,0.00000000,-7.43874756E-04
16,15,0.00000000,0.00000000,0.00000000,-7.43874756E-04
16,16,0.00000000,0.00000000,0.00000000,-7.43874756E-04
16,17,0.00000000,0.00000000,0.00000000,-7.43874756E-04
16,18,0.00000000,0.00000000,0.00000000,-7.43874756E-04
16,19,0.00000000,0.00000000,0.00000000,-7.43874756E-04
16,20,0.00000000,0.00000000,0.00000000,-7.43874756E-04
17,1,0.00000000,0.00000000,0.00000000,-6.54449177E-05
17,2,0.00000000,0.00000000,0.00000000,-6.54449177E-05
17,3,0.00000000,0.00000000,0.00000000,-6.54449177E-05
17,4,0.00000000,0.00000000,0.00000000,-6.54449177E-05
17,5,0.00000000,0.00000000,0.00000000,-6.54449177E-05
17,6,0.00000000,0.00000000,0.00000000,-6.54449177E-05
17,7,0.00000000,0.00000000,0.00000000,-6.54449177E-05
17,8,0.00000000,0.00000000,0.00000000,-6.54449177E-05
17,9,0.00000000,0.00000000,0.00000000,-6.54449177E-05
17,10,0.00000000,0.00000000,0.00000000,-6.54449177E-05
17,11,0.00000000,0.00000000,0.00000000,-6.54449177E-05
17,12,0.00000000,0.00000000,0.00000000,-6.54449177E-05
17,13,0.00000000,0.00000000,0.00000000,-6.54449177E-05
17,14,0.00000000,0.00000000,0.00000000,-6.54449177E-05
17,15,0.00000000,0.00000000,0.00000000,-6.54449177E-05
17,16,0.00000000,0.00000000,0.00000000,-6.54449177E-05
17,17,0.00000000,0.00000000,0.00000000,-6.54449177E-05
17,18,0.00000000,0.00000000,0.00000000,-6.54449177E-05
17,19,0.00000000,0.00000000,0.00000000,-6.54449177E-05
17,20,0.00000000,0.00000000,0.00000000,-6.54449177E-05
18,1,12.5922499,9.46009541,9.28576660,1.92783664E-05
18,2,12.5922499,9.28576660,10.1478481,1.92783664E-05
18,3,12.5922499,10.1478481,10.4247646,1.92783664E-05
18,4,12.5922499,10.4247646,10.2270889,1.92783664E-05
18,5,12.5922499,10.2270889,9.99777412,1.92783664E-05
18,6,12.5922499,9.99777412,10.0197659,1.92783664E-05
18,7,12.5922499,10.0197659,10.3404970,1.92783664E-05
18,8,12.5922499,10.3404970,10.8500271,1.92783664E-05
18,9,12.5922499,10.8500271,11.3848400,1.92783664E-05
18,10,12.5922499,11.3848400,11.8053665,1.92783664E-05
18,11,12.5922499,11.8053665,12.0351257,1.92783664E-05
18,12,12.5922499,12.0351257,12.0671797,1.92783664E-05
18,13,12.5922499,12.0671797,11.9495745,1.92783664E-05
18,14,12.5922499,11.9495745,11.7616138,1.92783664E-05
18,15,12.5922499,11.7616138,11.5893393,1.92783664E-05
18,16,12.5922499,11.5893393,11.5060377,1.92783664E-05
18,17,12.5922499,11.5060377,11.5599384,1.92783664E-05
18,18,12.5922499,11.5599384,11.7693701,1.92783664E-05
18,19,12.5922499,11.7693701,12.1242962,1.92783664E-05
18,20,12.5922499,12.1242962,12.5922499,1.92783664E-05
19,1,7.52428323E-02,0.00000000,3.74895567E-03,1.17700289E-07
19,2,7.52428323E-02,3.74895567E-03,7.49791041E-03,1.17700289E-07
19,3,7.52428323E-02,7.49791041E-03,1.12468861E-02,1.17700289E-07
19,4,7.52428323E-02,1.12468861E-02,1.49956243E-02,1.17700289E-07
19,5,7.52428323E-02,1.49956243E-02,1.87461935E-02,1.17700289E-07
19,6,7.52428323E-02,1.87461935E-02,2.24865824E-02,1.17700289E-07
19,7,7.52428323E-02,2.24865824E-02,2.62689479E-02,1.17700289E-07
19,8,7.52428323E-02,2.62689479E-02,2.99222730E-02,1.17700289E-07
19,9,7.52428323E-02,2.99222730E-02,3.38663086E-02,1.17700289E-07
19,10,7.52428323E-02,3.38663086E-02,3.73563431E-02,1.17700289E-07
19,11,7.52428323E-02,3.73563431E-02,4.12597097E-02,1.17700289E-07
19,12,7.52428323E-02,4.12597097E-02,4.51260172E-02,1.17700289E-07
19,13,7.52428323E-02,4.51260172E-02,4.86229472E-02,1.17700289E-07
19,14,7.52428323E-02,4.86229472E-02,5.23685478E-02,1.17700289E-07
19,15,7.52428323E-02,5.23685478E-02,5.63836768E-02,1.17700289E-07
19,16,7.52428323E-02,5.63836768E-02,6.01201132E-02,1.17700289E-07
19,17,7.52428323E-02,6.01201132E-02,6.35897294E-02,1.17700289E-07
19,18,7.52428323E-02,6.35897294E-02,6.72788993E-02,1.17700289E-07
19,19,7.52428323E-02,6.72788993E-02,7.12947026E-02,1.17700289E-07
19,20,7.52428323E-02,7.12947026E-02,7.52428323E-02,1.17700289E-07
20,1,101.049065,100.798820,100.683678,2.15670298E-07
20,2,101.049065,100.683678,100.629639,2.15670298E-07
20,3,101.049065,100.629639,100.606911,2.15670298E-07
20,4,101.049065,100.606911,100.643044,2.15670298E-07
20,5,101.049065,100.643044,100.623199,2.15670298E-07
20,6,101.049065,100.623199,100.577705,2.15670298E-07
20,7,101.049065,100.577705,100.523026,2.15670298E-07
20,8,101.049065,100.523026,100.469193,2.15670298E-07
20,9,101.049065,100.469193,100.456474,2.15670298E-07
20,10,101.049065,100.456474,100.338562,2.15670298E-07
20,11,101.049065,100.338562,100.346703,2.15670298E-07
20,12,101.049065,100.346703,100.393257,2.15670298E-07
20,13,101.049065,100.393257,100.400246,2.15670298E-07
20,14,101.049065,100.400246,100.562744,2.15670298E-07
20,15,101.049065,100.562744,100.617043,2.15670298E-07
20,16,101.049065,100.617043,100.626015,2.15670298E-07
20,17,101.049065,100.626015,100.668564,2.15670298E-07
20,18,101.049065,100.668564,100.762489,2.15670298E-07
20,19,101.049065,100.762489,100.896515,2.15670298E-07
20,20,101.049065,100.896515,101.049065,2.15670298E-07
21,1,8.96280670,0.00000000,0.117443025,8.13884981E-05
21,2,8.96280670,0.117443025,0.521048844,8.13884981E-05
21,3,8.96280670,0.521048844,1.31030464,8.13884981E-05
21,4,8.96280670,1.31030464,2.07973242,8.13884981E-05
21,5,8.96280670,2.07973242,2.65713692,8.13884981E-05
21,6,8.96280670,2.65713692,3.00969219,8.13884981E-05
21,7,8.96280670,3.00969219,3.17929411,8.13884981E-05
21,8,8.96280670,3.17929411,3.23969650,8.13884981E-05
21,9,8.96280670,3.23969650,3.26957226,8.13884981E-05
21,10,8.96280670,3.26957226,3.33700991,8.13884981E-05
21,11,8.96280670,3.33700991,3.49197674,8.13884981E-05
21,12,8.96280670,3.49197674,3.76403999,8.13884981E-05
21,13,8.96280670,3.76403999,4.16348553,8.13884981E-05
21,14,8.96280670,4.16348553,4.68432140,8.13884981E-05
21,15,8.96280670,4.68432140,5.30826283,8.13884981E-05
21,16,8.96280670,5.30826283,6.00877762,8.13884981E-05
21,17,8.96280670,6.00877762,6.75509644,8.13884981E-05
21,18,8.96280670,6.75509644,7.51548290,8.13884981E-05
21,19,8.96280670,7.51548290,8.26007080,8.13884981E-05
21,20,8.96280670,8.26007080,8.96280670,8.13884981E-05
22,1,842.695190,12.5922499,54.4187508,1.76327513E-03
22,2,842.695190,54.4187508,97.7005997,1.76327513E-03
22,3,842.695190,97.7005997,139.065002,1.76327513E-03
22,4,842.695190,139.065002,182.962250,1.76327513E-03
22,5,842.695190,182.962250,222.011978,1.76327513E-03
22,6,842.695190,222.011978,258.083923,1.76327513E-03
22,7,842.695190,258.083923,297.412079,1.76327513E-03
22,8,842.695190,297.412079,342.260590,1.76327513E-03
22,9,842.695190,342.260590,389.870636,1.76327513E-03
22,10,842.695190,389.870636,436.049652,1.76327513E-03
22,11,842.695190,436.049652,478.479187,1.76327513E-03
22,12,842.695190,478.479187,517.563171,1.76327513E-03
22,13,842.695190,517.563171,555.315857,1.76327513E-03
22,14,842.695190,555.315857,593.738586,1.76327513E-03
22,15,842.695190,593.738586,633.795593,1.76327513E-03
22,16,842.695190,633.795593,675.298767,1.76327513E-03
22,17,842.695190,675.298767,717.438721,1.76327513E-03
22,18,842.695190,717.438721,759.462036,1.76327513E-03
22,19,842.695190,759.462036,801.112671,1.76327513E-03
22,20,842.695190,801.112671,842.695190,1.76327513E-03
23,1,0.00000000,7.52428323E-02,0.00000000,-1.54395108E-04
23,2,0.00000000,0.00000000,0.00000000,-1.54395108E-04
23,3,0.00000000,0.00000000,0.00000000,-1.54395108E-04
23,4,0.00000000,0.00000000,0.00000000,-1.54395108E-04
23,5,0.00000000,0.00000000,0.00000000,-1.54395108E-04
23,6,0.00000000,0.00000000,0.00000000,-1.54395108E-04
23,7,0.00000000,0.00000000,0.00000000,-1.54395108E-04
23,8,0.00000000,0.00000000,0.00000000,-1.54395108E-04
23,9,0.00000000,0.00000000,0.00000000,-1.54395108E-04
23,10,0.00000000,0.00000000,0.00000000,-1.54395108E-04
23,11,0.00000000,0.00000000,0.00000000,-1.54395108E-04
23,12,0.00000000,0.00000000,0.00000000,-1.54395108E-04
23,13,0.00000000,0.00000000,0.00000000,-1.54395108E-04
23,14,0.00000000,0.00000000,0.00000000,-1.54395108E-04
23,15,0.00000000,0.00000000,0.00000000,-1.54395108E-04
23,16,0.00000000,0.00000000,0.00000000,-1.54395108E-04
23,17,0.00000000,0.00000000,0.00000000,-1.54395108E-04
23,18,0.00000000,0.00000000,0.00000000,-1.54395108E-04
23,19,0.00000000,0.00000000,0.00000000,-1.54395108E-04
23,20,0.00000000,0.00000000,0.00000000,-1.54395108E-04
24,1,7.27116823,8.96280670,9.79794884,-1.14572508E-07
24,2,7.27116823,9.79794884,7.56762362,-1.14572508E-07
24,3,7.27116823,7.56762362,8.19647598,-1.14572508E-07
24,4,7.27116823,8.19647598,7.48572588,-1.14572508E-07
24,5,7.27116823,7.48572588,5.86323118,-1.14572508E-07
24,6,7.27116823,5.86323118,5.64862013,-1.14572508E-07
24,7,7.27116823,5.64862013,6.21072721,-1.14572508E-07
24,8,7.27116823,6.21072721,9.31568432,-1.14572508E-07
24,9,7.27116823,9.31568432,11.9433651,-1.14572508E-07
24,10,7.27116823,11.9433651,13.4790211,-1.14572508E-07
24,11,7.27116823,13.4790211,11.0905132,-1.14572508E-07
24,12,7.27116823,11.0905132,4.48403692,-1.14572508E-07
24,13,7.27116823,4.48403692,2.58772826,-1.14572508E-07
24,14,7.27116823,2.58772826,5.15656137,-1.14572508E-07
24,15,7.27116823,5.15656137,8.22056198,-1.14572508E-07
24,16,7.27116823,8.22056198,9.05532646,-1.14572508E-07
24,17,7.27116823,9.05532646,8.03904247,-1.14572508E-07
24,18,7.27116823,8.03904247,6.55816698,-1.14572508E-07
24,19,7.27116823,6.55816698,5.40987635,-1.14572508E-07
24,20,7.27116823,5.40987635,7.27116823,-1.14572508E-07
25,1,819.486938,842.695190,817.169800,-2.13681574E-06
25,2,819.486938,817.169800,857.221130,-2.13681574E-06
25,3,819.486938,857.221130,879.644348,-2.13681574E-06
25,4,819.486938,879.644348,871.568787,-2.13681574E-06
25,5,819.486938,871.568787,845.876953,-2.13681574E-06
25,6,819.486938,845.876953,819.252747,-2.13681574E-06
25,7,819.486938,819.252747,803.253296,-2.13681574E-06
25,8,819.486938,803.253296,802.339966,-2.13681574E-06
25,9,819.486938,802.339966,815.147034,-2.13681574E-06
25,10,819.486938,815.147034,836.797913,-2.13681574E-06
25,11,819.486938,836.797913,861.204468,-2.13681574E-06
25,12,819.486938,861.204468,882.779358,-2.13681574E-06
25,13,819.486938,882.779358,897.485107,-2.13681574E-06
25,14,819.486938,897.485107,903.247437,-2.13681574E-06
25,15,819.486938,903.247437,899.900940,-2.13681574E-06
25,16,819.486938,899.900940,888.815979,-2.13681574E-06
25,17,819.486938,888.815979,872.397644,-2.13681574E-06
25,18,819.486938,872.397644,853.522278,-2.13681574E-06
25,19,819.486938,853.522278,835.059631,-2.13681574E-06
25,20,819.486938,835.059631,819.486938,-2.13681574E-06
26,1,232.567642,0.00000000,11.3801680,1.78732414E-04
26,2,232.567642,11.3801680,22.7603340,1.78732414E-04
26,3,232.567642,22.7603340,34.1405182,1.78732414E-04
26,4,232.567642,34.1405182,45.5205154,1.78732414E-04
26,5,232.567642,45.5205154,56.9019623,1.78732414E-04
26,6,232.567642,56.9019623,68.2751999,1.78732414E-04
26,7,232.567642,68.2751999,79.6825867,1.78732414E-04
26,8,232.567642,79.6825867,90.9860306,1.78732414E-04
26,9,232.567642,90.9860306,102.512367,1.78732414E-04
26,10,232.567642,102.512367,113.741432,1.78732414E-04
26,11,232.567642,113.741432,125.091492,1.78732414E-04
26,12,232.567642,125.091492,136.763535,1.78732414E-04
26,13,232.567642,136.763535,148.018143,1.78732414E-04
26,14,232.567642,148.018143,158.734055,1.78732414E-04
26,15,232.567642,158.734055,170.887680,1.78732414E-04
26,16,232.567642,170.887680,183.920486,1.78732414E-04
26,17,232.567642,183.920486,189.549606,1.78732414E-04
26,18,232.567642,189.549606,209.057007,1.78732414E-04
26,19,232.567642,209.057007,212.252960,1.78732414E-04
26,20,232.567642,212.252960,232.567642,1.78732414E-04
27,1,0.00000000,7.27116823,0.00000000,-9.33153031E-04
27,2,0.00000000,0.00000000,0.00000000,-9.33153031E-04
27,3,0.00000000,0.00000000,0.00000000,-9.33153031E-04
27,4,0.00000000,0.00000000,0.00000000,-9.33153031E-04
27,5,0.00000000,0.00000000,0.00000000,-9.33153031E-04
27,6,0.00000000,0.00000000,0.00000000,-9.33153031E-04
27,7,0.00000000,0.00000000,0.00000000,-9.33153031E-04
27,8,0.00000000,0.00000000,0.00000000,-9.33153031E-04
27,9,0.00000000,0.00000000,0.00000000,-9.33153031E-04
27,10,0.00000000,0.00000000,0.00000000,-9.33153031E-04
27,11,0.00000000,0.00000000,0.00000000,-9.33153031E-04
27,12,0.00000000,0.00000000,0.00000000,-9.33153031E-04
27,13,0.00000000,0.00000000,0.00000000,-9.33153031E-04
27,14,0.00000000,0.00000000,0.00000000,-9.33153031E-04
27,15,0.00000000,0.00000000,0.00000000,-9.33153031E-04
27,16,0.00000000,0.00000000,0.00000000,-9.33153031E-04
27,17,0.00000000,0.00000000,0.00000000,-9.33153031E-04
27,18,0.00000000,0.00000000,0.00000000,-9.33153031E-04
27,19,0.00000000,0.00000000,0.00000000,-9.33153031E-04
27,20,0.00000000,0.00000000,0.00000000,-9.33153031E-04
28,1,570.657959,819.486938,814.344116,-2.49005709E-04
28,2,570.657959,814.344116,856.301270,-2.49005709E-04
28,3,570.657959,856.301270,745.956482,-2.49005709E-04
28,4,570.657959,745.956482,710.538208,-2.49005709E-04
28,5,570.657959,710.538208,843.151245,-2.49005709E-04
28,6,570.657959,843.151245,768.018005,-2.49005709E-04
28,7,570.657959,768.018005,703.099609,-2.49005709E-04
28,8,570.657959,703.099609,607.541809,-2.49005709E-04
28,9,570.657959,607.541809,716.591064,-2.49005709E-04
28,10,570.657959,716.591064,774.111938,-2.49005709E-04
28,11,570.657959,774.111938,608.659302,-2.49005709E-04
28,12,570.657959,608.659302,486.244629,-2.49005709E-04
28,13,570.657959,486.244629,585.040405,-2.49005709E-04
28,14,570.657959,585.040405,721.039185,-2.49005709E-04
28,15,570.657959,721.039185,678.089111,-2.49005709E-04
28,16,570.657959,678.089111,517.110840,-2.49005709E-04
28,17,570.657959,517.110840,398.756042,-2.49005709E-04
28,18,570.657959,398.756042,509.128052,-2.49005709E-04
28,19,570.657959,509.128052,592.499634,-2.49005709E-04
28,20,570.657959,592.499634,570.657959,-2.49005709E-04
29,1,191.546875,232.568176,229.309296,7.61125057E-06
29,2,191.546875,229.309296,235.870316,7.61125057E-06
29,3,191.546875,235.870316,197.360428,7.61125057E-06
29,4,191.546875,197.360428,254.189468,7.61125057E-06
29,5,191.546875,254.189468,229.078766,7.61125057E-06
29,6,191.546875,229.078766,190.857910,7.61125057E-06
29,7,191.546875,190.857910,210.612396,7.61125057E-06
29,8,191.546875,210.612396,253.748154,7.61125057E-06
29,9,191.546875,253.748154,264.331299,7.61125057E-06
29,10,191.546875,264.331299,236.587570,7.61125057E-06
29,11,191.546875,236.587570,205.376541,7.61125057E-06
29,12,191.546875,205.376541,201.748352,7.61125057E-06
29,13,191.546875,201.748352,226.845596,7.61125057E-06
29,14,191.546875,226.845596,257.945892,7.61125057E-06
29,15,191.546875,257.945892,270.564606,7.61125057E-06
29,16,191.546875,270.564606,255.893265,7.61125057E-06
29,17,191.546875,255.893265,223.709869,7.61125057E-06
29,18,191.546875,223.709869,193.291611,7.61125057E-06
29,19,191.546875,193.291611,180.898987,7.61125057E-06
29,20,191.546875,180.898987,191.546875,7.61125057E-06
30,1,9.75659943,0.00000000,0.490793228,1.49600355E-05
30,2,9.75659943,0.490793228,0.964269996,1.49600355E-05
30,3,9.75659943,0.964269996,1.49557781,1.49600355E-05
30,4,9.75659943,1.49557781,1.94390011,1.49600355E-05
30,5,9.75659943,1.94390011,2.41511631,1.49600355E-05
30,6,9.75659943,2.41511631,2.93594432,1.49600355E-05
30,7,9.75659943,2.93594432,3.45373487,1.49600355E-05
30,8,9.75659943,3.45373487,3.93313122,1.49600355E-05
30,9,9.75659943,3.93313122,4.38772297,1.49600355E-05
30,10,9.75659943,4.38772297,4.85200405,1.49600355E-05
30,11,9.75659943,4.85200405,5.34628677,1.49600355E-05
30,12,9.75659943,5.34628677,5.86459684,1.49600355E-05
30,13,9.75659943,5.86459684,6.38484812,1.49600355E-05
30,14,9.75659943,6.38484812,6.88649321,1.49600355E-05
30,15,9.75659943,6.88649321,7.36255550,1.49600355E-05
30,16,9.75659943,7.36255550,7.82109976,1.49600355E-05
30,17,9.75659943,7.82109976,8.27853394,1.49600355E-05
30,18,9.75659943,8.27853394,8.75027466,1.49600355E-05
30,19,9.75659943,8.75027466,9.24382877,1.49600355E-05
30,20,9.75659943,9.24382877,9.75659943,1.49600355E-05
31,1,358.984222,212.028946,228.790344,6.54266114E-05
31,2,358.984222,228.790344,279.857269,6.54266114E-05
31,3,358.984222,279.857269,238.233734,6.54266114E-05
31,4,358.984222,238.233734,287.373535,6.54266114E-05
31,5,358.984222,287.373535,342.774323,6.54266114E-05
31,6,358.984222,342.774323,296.160492,6.54266114E-05
31,7,358.984222,296.160492,233.783005,6.54266114E-05
31,8,358.984222,233.783005,212.171295,6.54266114E-05
31,9,358.984222,212.171295,230.298798,6.54266114E-05
31,10,358.984222,230.298798,258.268829,6.54266114E-05
31,11,358.984222,258.268829,270.248505,6.54266114E-05
31,12,358.984222,270.248505,260.645813,6.54266114E-05
31,13,358.984222,260.645813,241.870880,6.54266114E-05
31,14,358.984222,241.870880,232.172211,6.54266114E-05
31,15,358.984222,232.172211,243.524445,6.54266114E-05
31,16,358.984222,243.524445,275.697693,6.54266114E-05
31,17,358.984222,275.697693,317.584442,6.54266114E-05
31,18,358.984222,317.584442,353.276031,6.54266114E-05
31,19,358.984222,353.276031,369.161224,6.54266114E-05
31,20,358.984222,369.161224,358.984222,6.54266114E-05
32,1,3127.18774,142.804657,107.210983,-9.71008731E-08
32,2,3127.18774,107.210983,85.6487122,-9.71008731E-08
32,3,3127.18774,85.6487122,116.783188,-9.71008731E-08
32,4,3127.18774,116.783188,270.746216,-9.71008731E-08
32,5,3127.18774,270.746216,620.272156,-9.71008731E-08
32,6,3127.18774,620.272156,1183.96997,-9.71008731E-08
32,7,3127.18774,1183.96997,1889.18237,-9.71008731E-08
32,8,3127.18774,1889.18237,2596.40942,-9.71008731E-08
32,9,3127.18774,2596.40942,3171.02783,-9.71008731E-08
32,10,3127.18774,3171.02783,3544.84497,-9.71008731E-08
32,11,3127.18774,3544.84497,3726.70898,-9.71008731E-08
32,12,3127.18774,3726.70898,3770.44312,-9.71008731E-08
32,13,3127.18774,3770.44312,3735.27393,-9.71008731E-08
32,14,3127.18774,3735.27393,3663.64478,-9.71008731E-08
32,15,3127.18774,3663.64478,3578.36011,-9.71008731E-08
32,16,3127.18774,3578.36011,3488.98291,-9.71008731E-08
32,17,3127.18774,3488.98291,3398.65747,-9.71008731E-08
32,18,3127.18774,3398.65747,3308.17603,-9.71008731E-08
32,19,3127.18774,3308.17603,3217.68188,-9.71008731E-08
32,20,3127.18774,3217.68188,3127.18774,-9.71008731E-08
33,1,365.208588,358.984222,310.003967,-8.83325774E-05
33,2,365.208588,310.003967,408.560272,-8.83325774E-05
33,3,365.208588,408.560272,282.098145,-8.83325774E-05
33,4,365.208588,282.098145,172.178040,-8.83325774E-05
33,5,365.208588,172.178040,172.544037,-8.83325774E-05
33,6,365.208588,172.544037,250.359802,-8.83325774E-05
33,7,365.208588,250.359802,279.232056,-8.83325774E-05
33,8,365.208588,279.232056,245.150742,-8.83325774E-05
33,9,365.208588,245.150742,181.029663,-8.83325774E-05
33,10,365.208588,181.029663,153.915131,-8.83325774E-05
33,11,365.208588,153.915131,121.446556,-8.83325774E-05
33,12,365.208588,121.446556,101.432823,-8.83325774E-05
33,13,365.208588,101.432823,127.247124,-8.83325774E-05
33,14,365.208588,127.247124,186.613495,-8.83325774E-05
33,15,365.208588,186.613495,266.716095,-8.83325774E-05
33,16,365.208588,266.716095,294.047607,-8.83325774E-05
33,17,365.208588,294.047607,327.240051,-8.83325774E-05
33,18,365.208588,327.240051,365.178131,-8.83325774E-05
33,19,365.208588,365.178131,377.446075,-8.83325774E-05
33,20,365.208588,377.446075,365.208588,-8.83325774E-05
34,1,2759.60254,3127.18774,3108.63257,-5.86145006E-07
34,2,2759.60254,3108.63257,3090.07739,-5.86145006E-07
34,3,2759.60254,3090.07739,3071.52222,-5.86145006E-07
34,4,2759.60254,3071.52222,3052.96680,-5.86145006E-07
34,5,2759.60254,3052.96680,3034.41162,-5.86145006E-07
34,6,2759.60254,3034.41162,3015.85669,-5.86145006E-07
34,7,2759.60254,3015.85669,2997.30273,-5.86145006E-07
34,8,2759.60254,2997.30273,2978.75171,-5.86145006E-07
34,9,2759.60254,2978.75171,2960.20557,-5.86145006E-07
34,10,2759.60254,2960.20557,2941.66748,-5.86145006E-07
34,11,2759.60254,2941.66748,2923.14404,-5.86145006E-07
34,12,2759.60254,2923.14404,2904.64282,-5.86145006E-07
34,13,2759.60254,2904.64282,2886.17456,-5.86145006E-07
34,14,2759.60254,2886.17456,2867.75464,-5.86145006E-07
34,15,2759.60254,2867.75464,2849.40137,-5.86145006E-07
34,16,2759.60254,2849.40137,2831.13794,-5.86145006E-07
34,17,2759.60254,2831.13794,2812.99170,-5.86145006E-07
34,18,2759.60254,2812.99170,2794.99536,-5.86145006E-07
34,19,2759.60254,2794.99536,2777.18530,-5.86145006E-07
34,20,2759.60254,2777.18530,2759.60254,-5.86145006E-07
35,1,2556.79126,2759.60254,2746.02881,-4.12208075E-03
35,2,2556.79126,2746.02881,2736.98389,-4.12208075E-03
35,3,2556.79126,2736.98389,2729.19678,-4.12208075E-03
35,4,2556.79126,2729.19678,2720.98682,-4.12208075E-03
35,5,2556.79126,2720.98682,2711.68018,-4.12208075E-03
35,6,2556.79126,2711.68018,2701.20020,-4.12208075E-03
35,7,2556.79126,2701.20020,2689.78711,-4.12208075E-03
35,8,2556.79126,2689.78711,2677.80811,-4.12208075E-03
35,9,2556.79126,2677.80811,2665.65259,-4.12208075E-03
35,10,2556.79126,2665.65259,2653.64526,-4.12208075E-03
35,11,2556.79126,2653.64526,2642.02686,-4.12208075E-03
35,12,2556.79126,2642.02686,2630.94458,-4.12208075E-03
35,13,2556.79126,2630.94458,2620.45459,-4.12208075E-03
35,14,2556.79126,2620.45459,2610.53467,-4.12208075E-03
35,15,2556.79126,2610.53467,2601.10645,-4.12208075E-03
35,16,2556.79126,2601.10645,2592.05396,-4.12208075E-03
35,17,2556.79126,2592.05396,2583.23682,-4.12208075E-03
35,18,2556.79126,2583.23682,2574.50952,-4.12208075E-03
35,19,2556.79126,2574.50952,2565.73389,-4.12208075E-03
35,20,2556.79126,2565.73389,2556.79126,-4.12208075E-03
36,1,4003.01514,3127.44922,3082.53101,1.21787434E-05
36,2,4003.01514,3082.53101,3120.56006,1.21787434E-05
36,3,4003.01514,3120.56006,3228.85815,1.21787434E-05
36,4,4003.01514,3228.85815,3390.42090,1.21787434E-05
36,5,4003.01514,3390.42090,3584.62256,1.21787434E-05
36,6,4003.01514,3584.62256,3790.09937,1.21787434E-05
36,7,4003.01514,3790.09937,3987.60596,1.21787434E-05
36,8,4003.01514,3987.60596,4161.96631,1.21787434E-05
36,9,4003.01514,4161.96631,4302.94873,1.21787434E-05
36,10,4003.01514,4302.94873,4405.23486,1.21787434E-05
36,11,4003.01514,4405.23486,4467.78857,1.21787434E-05
36,12,4003.01514,4467.78857,4492.90039,1.21787434E-05
36,13,4003.01514,4492.90039,4485.14600,1.21787434E-05
36,14,4003.01514,4485.14600,4450.40771,1.21787434E-05
36,15,4003.01514,4450.40771,4395.05566,1.21787434E-05
36,16,4003.01514,4395.05566,4325.32178,1.21787434E-05
36,17,4003.01514,4325.32178,4246.87354,1.21787434E-05
36,18,4003.01514,4246.87354,4164.55518,1.21787434E-05
36,19,4003.01514,4164.55518,4082.27881,1.21787434E-05
36,20,4003.01514,4082.27881,4003.01514,1.21787434E-05
37,1,2419.06201,4003.01514,3875.02954,-5.91647113E-04
37,2,2419.06201,3875.02954,3762.13184,-5.91647113E-04
37,3,2419.06201,3762.13184,3668.14917,-5.91647113E-04
37,4,2419.06201,3668.14917,3594.64087,-5.91647113E-04
37,5,2419.06201,3594.64087,3541.03149,-5.91647113E-04
37,6,2419.06201,3541.03149,3504.70557,-5.91647113E-04
37,7,2419.06201,3504.70557,3481.22534,-5.91647113E-04
37,8,2419.06201,3481.22534,3464.79517,-5.91647113E-04
37,9,2419.06201,3464.79517,3448.96729,-5.91647113E-04
37,10,2419.06201,3448.96729,3427.46655,-5.91647113E-04
37,11,2419.06201,3427.46655,3394.94629,-5.91647113E-04
37,12,2419.06201,3394.94629,3347.51416,-5.91647113E-04
37,13,2419.06201,3347.51416,3282.95630,-5.91647113E-04
37,14,2419.06201,3282.95630,3200.66528,-5.91647113E-04
37,15,2419.06201,3200.66528,3101.35840,-5.91647113E-04
37,16,2419.06201,3101.35840,2986.68579,-5.91647113E-04
37,17,2419.06201,2986.68579,2858.82324,-5.91647113E-04
37,18,2419.06201,2858.82324,2720.12500,-5.91647113E-04
37,19,2419.06201,2720.12500,2572.86279,-5.91647113E-04
37,20,2419.06201,2572.86279,2419.06201,-5.91647113E-04
38,1,1511.40405,2419.06201,2180.63379,-5.96182963E-06
38,2,1511.40405,2180.63379,1958.58472,-5.96182963E-06
38,3,1511.40405,1958.58472,1782.95898,-5.96182963E-06
38,4,1511.40405,1782.95898,1666.16064,-5.96182963E-06
38,5,1511.40405,1666.16064,1598.00354,-5.96182963E-06
38,6,1511.40405,1598.00354,1559.68640,-5.96182963E-06
38,7,1511.40405,1559.68640,1537.28320,-5.96182963E-06
38,8,1511.40405,1537.28320,1524.03699,-5.96182963E-06
38,9,1511.40405,1524.03699,1516.78760,-5.96182963E-06
38,10,1511.40405,1516.78760,1513.34888,-5.96182963E-06
38,11,1511.40405,1513.34888,1511.98315,-5.96182963E-06
38,12,1511.40405,1511.98315,1511.54016,-5.96182963E-06
38,13,1511.40405,1511.54016,1511.42688,-5.96182963E-06
38,14,1511.40405,1511.42688,1511.40588,-5.96182963E-06
38,15,1511.40405,1511.40588,1511.40393,-5.96182963E-06
38,16,1511.40405,1511.40393,1511.40405,-5.96182963E-06
38,17,1511.40405,1511.40405,1511.40405,-5.96182963E-06
38,18,1511.40405,1511.40405,1511.40405,-5.96182963E-06
38,19,1511.40405,1511.40405,1511.40405,-5.96182963E-06
38,20,1511.40405,1511.40405,1511.40405,-5.96182963E-06
39,1,1688.49524,1511.40405,1508.75427,-7.23825906E-08
39,2,1688.49524,1508.75427,1498.91467,-7.23825906E-08
39,3,1688.49524,1498.91467,1487.22314,-7.23825906E-08
39,4,1688.49524,1487.22314,1498.57507,-7.23825906E-08
39,5,1688.49524,1498.57507,1570.02100,-7.23825906E-08
39,6,1688.49524,1570.02100,1728.04016,-7.23825906E-08
39,7,1688.49524,1728.04016,1968.58374,-7.23825906E-08
39,8,1688.49524,1968.58374,2255.09497,-7.23825906E-08
39,9,1688.49524,2255.09497,2534.23877,-7.23825906E-08
39,10,1688.49524,2534.23877,2757.26904,-7.23825906E-08
39,11,1688.49524,2757.26904,2894.74048,-7.23825906E-08
39,12,1688.49524,2894.74048,2939.77905,-7.23825906E-08
39,13,1688.49524,2939.77905,2902.56299,-7.23825906E-08
39,14,1688.49524,2902.56299,2801.63086,-7.23825906E-08
39,15,1688.49524,2801.63086,2656.50391,-7.23825906E-08
39,16,1688.49524,2656.50391,2483.44336,-7.23825906E-08
39,17,1688.49524,2483.44336,2294.10474,-7.23825906E-08
39,18,1688.49524,2294.10474,2095.93896,-7.23825906E-08
39,19,1688.49524,2095.93896,1893.28992,-7.23825906E-08
39,20,1688.49524,1893.28992,1688.49524,-7.23825906E-08
40,1,3741.77832,1688.49524,1856.71924,2.97706481E-02
40,2,3741.77832,1856.71924,2024.09558,2.97706481E-02
40,3,3741.77832,2024.09558,2189.77979,2.97706481E-02
40,4,3741.77832,2189.77979,2352.63135,2.97706481E-02
40,5,3741.77832,2352.63135,2511.28442,2.97706481E-02
40,6,3741.77832,2511.28442,2664.24463,2.97706481E-02
40,7,3741.77832,2664.24463,2810.00049,2.97706481E-02
40,8,3741.77832,2810.00049,2947.12988,2.97706481E-02
40,9,3741.77832,2947.12988,3074.39282,2.97706481E-02
40,10,3741.77832,3074.39282,3190.79810,2.97706481E-02
40,11,3741.77832,3190.79810,3295.64893,2.97706481E-02
40,12,3741.77832,3295.64893,3388.55933,2.97706481E-02
40,13,3741.77832,3388.55933,3469.44995,2.97706481E-02
40,14,3741.77832,3469.44995,3538.52563,2.97706481E-02
40,15,3741.77832,3538.52563,3596.23828,2.97706481E-02
40,16,3741.77832,3596.23828,3643.24341,2.97706481E-02
40,17,3741.77832,3643.24341,3680.35229,2.97706481E-02
40,18,3741.77832,3680.35229,3708.48462,2.97706481E-02
40,19,3741.77832,3708.48462,3728.62427,2.97706481E-02
40,20,3741.77832,3728.62427,3741.77832,2.97706481E-02
41,1,618.108032,3741.77832,3537.49927,-6.32271394E-07
41,2,618.108032,3537.49927,3329.53516,-6.32271394E-07
41,3,618.108032,3329.53516,3119.37622,-6.32271394E-07
41,4,618.108032,3119.37622,2908.68921,-6.32271394E-07
41,5,618.108032,2908.68921,2699.26294,-6.32271394E-07
41,6,618.108032,2699.26294,2492.93652,-6.32271394E-07
41,7,618.108032,2492.93652,2291.52588,-6.32271394E-07
41,8,618.108032,2291.52588,2096.75122,-6.32271394E-07
41,9,618.108032,2096.75122,1910.17627,-6.32271394E-07
41,10,618.108032,1910.17627,1733.16199,-6.32271394E-07
41,11,618.108032,1733.16199,1566.83362,-6.32271394E-07
41,12,618.108032,1566.83362,1412.06555,-6.32271394E-07
41,13,618.108032,1412.06555,1269.47815,-6.32271394E-07
41,14,618.108032,1269.47815,1139.44580,-6.32271394E-07
41,15,618.108032,1139.44580,1022.11469,-6.32271394E-07
41,16,618.108032,1022.11469,917.424133,-6.32271394E-07
41,17,618.108032,917.424133,825.133118,-6.32271394E-07
41,18,618.108032,825.133118,744.847229,-6.32271394E-07
41,19,618.108032,744.847229,676.046021,-6.32271394E-07
41,20,618.108032,676.046021,618.108032,-6.32271394E-07
42,1,538.335815,618.108032,593.245911,5.56154293E-04
42,2,538.335815,593.245911,571.310364,5.56154293E-04
42,3,538.335815,571.310364,552.172546,5.56154293E-04
42,4,538.335815,552.172546,535.701294,5.56154293E-04
42,5,538.335815,535.701294,521.764771,5.56154293E-04
42,6,538.335815,521.764771,510.231323,5.56154293E-04
42,7,538.335815,510.231323,500.971252,5.56154293E-04
42,8,538.335815,500.971252,493.857758,5.56154293E-04
42,9,538.335815,493.857758,488.768494,5.56154293E-04
42,10,538.335815,488.768494,485.586426,5.56154293E-04
42,11,538.335815,485.586426,484.200989,5.56154293E-04
42,12,538.335815,484.200989,484.509064,5.56154293E-04
42,13,538.335815,484.509064,486.415405,5.56154293E-04
42,14,538.335815,486.415405,489.833374,5.56154293E-04
42,15,538.335815,489.833374,494.685211,5.56154293E-04
42,16,538.335815,494.685211,500.902039,5.56154293E-04
42,17,538.335815,500.902039,508.423615,5.56154293E-04
42,18,538.335815,508.423615,517.197998,5.56154293E-04
42,19,538.335815,517.197998,527.181152,5.56154293E-04
42,20,538.335815,527.181152,538.335815,5.56154293E-04
43,1,989.065125,538.335815,623.563965,8.88070417E-07
43,2,989.065125,623.563965,740.024841,8.88070417E-07
43,3,989.065125,740.024841,875.513428,8.88070417E-07
43,4,989.065125,875.513428,1014.42023,8.88070417E-07
43,5,989.065125,1014.42023,1141.12573,8.88070417E-07
43,6,989.065125,1141.12573,1243.55774,8.88070417E-07
43,7,989.065125,1243.55774,1315.21973,8.88070417E-07
43,8,989.065125,1315.21973,1355.28552,8.88070417E-07
43,9,989.065125,1355.28552,1367.26782,8.88070417E-07
43,10,989.065125,1367.26782,1357.10815,8.88070417E-07
43,11,989.065125,1357.10815,1331.39709,8.88070417E-07
43,12,989.065125,1331.39709,1296.11121,8.88070417E-07
43,13,989.065125,1296.11121,1255.95581,8.88070417E-07
43,14,989.065125,1255.95581,1214.20178,8.88070417E-07
43,15,989.065125,1214.20178,1172.83875,8.88070417E-07
43,16,989.065125,1172.83875,1132.87268,8.88070417E-07
43,17,989.065125,1132.87268,1094.64502,8.88070417E-07
43,18,989.065125,1094.64502,1058.10559,8.88070417E-07
43,19,989.065125,1058.10559,1023.01343,8.88070417E-07
43,20,989.065125,1023.01343,989.065125,8.88070417E-07
44,1,1325.53943,989.065125,1010.27643,4.41303244E-03
44,2,1325.53943,1010.27643,1031.44397,4.41303244E-03
44,3,1325.53943,1031.44397,1052.51257,4.41303244E-03
44,4,1325.53943,1052.51257,1073.41589,4.41303244E-03
44,5,1325.53943,1073.41589,1094.08044,4.41303244E-03
44,6,1325.53943,1094.08044,1114.42615,4.41303244E-03
44,7,1325.53943,1114.42615,1134.36975,4.41303244E-03
44,8,1325.53943,1134.36975,1153.82666,4.41303244E-03
44,9,1325.53943,1153.82666,1172.71375,4.41303244E-03
44,10,1325.53943,1172.71375,1190.95105,4.41303244E-03
44,11,1325.53943,1190.95105,1208.46460,4.41303244E-03
44,12,1325.53943,1208.46460,1225.18738,4.41303244E-03
44,13,1325.53943,1225.18738,1241.06091,4.41303244E-03
44,14,1325.53943,1241.06091,1256.03577,4.41303244E-03
44,15,1325.53943,1256.03577,1270.07312,4.41303244E-03
44,16,1325.53943,1270.07312,1283.14380,4.41303244E-03
44,17,1325.53943,1283.14380,1295.22937,4.41303244E-03
44,18,1325.53943,1295.22937,1306.32141,4.41303244E-03
44,19,1325.53943,1306.32141,1316.42151,4.41303244E-03
44,20,1325.53943,1316.42151,1325.53943,4.41303244E-03
45,1,1558.39368,1325.53943,1274.17419,-1.76935600E-06
45,2,1558.39368,1274.17419,1218.90833,-1.76935600E-06
45,3,1558.39368,1218.90833,1161.79993,-1.76935600E-06
45,4,1558.39368,1161.79993,1105.35339,-1.76935600E-06
45,5,1558.39368,1105.35339,1052.32532,-1.76935600E-06
45,6,1558.39368,1052.32532,1005.52472,-1.76935600E-06
45,7,1558.39368,1005.52472,967.621155,-1.76935600E-06
45,8,1558.39368,967.621155,940.964417,-1.76935600E-06
45,9,1558.39368,940.964417,927.424683,-1.76935600E-06
45,10,1558.39368,927.424683,928.264954,-1.76935600E-06
45,11,1558.39368,928.264954,944.057556,-1.76935600E-06
45,12,1558.39368,944.057556,974.655334,-1.76935600E-06
45,13,1558.39368,974.655334,1019.21930,-1.76935600E-06
45,14,1558.39368,1019.21930,1076.29919,-1.76935600E-06
45,15,1558.39368,1076.29919,1143.95752,-1.76935600E-06
45,16,1558.39368,1143.95752,1219.92065,-1.76935600E-06
45,17,1558.39368,1219.92065,1301.74072,-1.76935600E-06
45,18,1558.39368,1301.74072,1386.95166,-1.76935600E-06
45,19,1558.39368,1386.95166,1473.20764,-1.76935600E-06
45,20,1558.39368,1473.20764,1558.39368,-1.76935600E-06
46,1,1603.65833,1558.39368,1583.25586,-8.68004548E-08
46,2,1603.65833,1583.25586,1607.25684,-8.68004548E-08
46,3,1603.65833,1607.25684,1630.14001,-8.68004548E-08
46,4,1603.65833,1630.14001,1651.63025,-8.68004548E-08
46,5,1603.65833,1651.63025,1671.43811,-8.68004548E-08
46,6,1603.65833,1671.43811,1689.26648,-8.68004548E-08
46,7,1603.65833,1689.26648,1704.81409,-8.68004548E-08
46,8,1603.65833,1704.81409,1717.78162,-8.68004548E-08
46,9,1603.65833,1717.78162,1727.87671,-8.68004548E-08
46,10,1603.65833,1727.87671,1734.81763,-8.68004548E-08
46,11,1603.65833,1734.81763,1738.33838,-8.68004548E-08
46,12,1603.65833,1738.33838,1738.19226,-8.68004548E-08
46,13,1603.65833,1738.19226,1734.28333,-8.68004548E-08
46,14,1603.65833,1734.28333,1726.62402,-8.68004548E-08
46,15,1603.65833,1726.62402,1715.15149,-8.68004548E-08
46,16,1603.65833,1715.15149,1699.92371,-8.68004548E-08
46,17,1603.65833,1699.92371,1681.02429,-8.68004548E-08
46,18,1603.65833,1681.02429,1658.56995,-8.68004548E-08
46,19,1603.65833,1658.56995,1632.71802,-8.68004548E-08
46,20,1603.65833,1632.71802,1603.65833,-8.68004548E-08
47,1,1657.85901,1704.70740,1675.03101,-1.55464004E-05
47,2,1657.85901,1675.03101,1789.82568,-1.55464004E-05
47,3,1657.85901,1789.82568,1661.80615,-1.55464004E-05
47,4,1657.85901,1661.80615,1624.65466,-1.55464004E-05
47,5,1657.85901,1624.65466,1744.97913,-1.55464004E-05
47,6,1657.85901,1744.97913,1739.69714,-1.55464004E-05
47,7,1657.85901,1739.69714,1706.17261,-1.55464004E-05
47,8,1657.85901,1706.17261,1685.29102,-1.55464004E-05
47,9,1657.85901,1685.29102,1682.55432,-1.55464004E-05
47,10,1657.85901,1682.55432,1667.65552,-1.55464004E-05
47,11,1657.85901,1667.65552,1665.17554,-1.55464004E-05
47,12,1657.85901,1665.17554,1688.40417,-1.55464004E-05
47,13,1657.85901,1688.40417,1740.38403,-1.55464004E-05
47,14,1657.85901,1740.38403,1773.95203,-1.55464004E-05
47,15,1657.85901,1773.95203,1732.28857,-1.55464004E-05
47,16,1657.85901,1732.28857,1682.09216,-1.55464004E-05
47,17,1657.85901,1682.09216,1648.92090,-1.55464004E-05
47,18,1657.85901,1648.92090,1637.33508,-1.55464004E-05
47,19,1657.85901,1637.33508,1642.73279,-1.55464004E-05
47,20,1657.85901,1642.73279,1657.85901,-1.55464004E-05
48,1,1400.67358,1657.85901,1687.75549,-7.18673517E-04
48,2,1400.67358,1687.75549,1612.20264,-7.18673517E-04
48,3,1400.67358,1612.20264,1703.18481,-7.18673517E-04
48,4,1400.67358,1703.18481,1661.54773,-7.18673517E-04
48,5,1400.67358,1661.54773,1656.93262,-7.18673517E-04
48,6,1400.67358,1656.93262,1644.21790,-7.18673517E-04
48,7,1400.67358,1644.21790,1615.22095,-7.18673517E-04
48,8,1400.67358,1615.22095,1572.13770,-7.18673517E-04
48,9,1400.67358,1572.13770,1582.94727,-7.18673517E-04
48,10,1400.67358,1582.94727,1538.80212,-7.18673517E-04
48,11,1400.67358,1538.80212,1503.70959,-7.18673517E-04
48,12,1400.67358,1503.70959,1468.30835,-7.18673517E-04
48,13,1400.67358,1468.30835,1448.87122,-7.18673517E-04
48,14,1400.67358,1448.87122,1500.34412,-7.18673517E-04
48,15,1400.67358,1500.34412,1539.70459,-7.18673517E-04
48,16,1400.67358,1539.70459,1546.00403,-7.18673517E-04
48,17,1400.67358,1546.00403,1509.95813,-7.18673517E-04
48,18,1400.67358,1509.95813,1463.69446,-7.18673517E-04
48,19,1400.67358,1463.69446,1421.12280,-7.18673517E-04
48,20,1400.67358,1421.12280,1400.67358,-7.18673517E-04
49,1,1451.72546,1400.67358,1401.79541,1.71691667E-07
49,2,1451.72546,1401.79541,1398.93445,1.71691667E-07
49,3,1451.72546,1398.93445,1394.32532,1.71691667E-07
49,4,1451.72546,1394.32532,1387.50757,1.71691667E-07
49,5,1451.72546,1387.50757,1385.87000,1.71691667E-07
49,6,1451.72546,1385.87000,1384.25146,1.71691667E-07
49,7,1451.72546,1384.25146,1383.51294,1.71691667E-07
49,8,1451.72546,1383.51294,1384.11316,1.71691667E-07
49,9,1451.72546,1384.11316,1386.21472,1.71691667E-07
49,10,1451.72546,1386.21472,1389.77148,1.71691667E-07
49,11,1451.72546,1389.77148,1394.59753,1.71691667E-07
49,12,1451.72546,1394.59753,1400.42151,1.71691667E-07
49,13,1451.72546,1400.42151,1407.88672,1.71691667E-07
49,14,1451.72546,1407.88672,1414.16089,1.71691667E-07
49,15,1451.72546,1414.16089,1419.92566,1.71691667E-07
49,16,1451.72546,1419.92566,1426.24451,1.71691667E-07
49,17,1451.72546,1426.24451,1430.56006,1.71691667E-07
49,18,1451.72546,1430.56006,1433.97656,1.71691667E-07
49,19,1451.72546,1433.97656,1445.46289,1.71691667E-07
49,20,1451.72546,1445.46289,1451.72546,1.71691667E-07
50,1,6960.15820,1816.93408,2048.29736,1.67306922E-02
50,2,6960.15820,2048.29736,2289.66553,1.67306922E-02
50,3,6960.15820,2289.66553,2548.67676,1.67306922E-02
50,4,6960.15820,2548.67676,2804.98486,1.67306922E-02
50,5,6960.15820,2804.98486,3049.17578,1.67306922E-02
50,6,6960.15820,3049.17578,3284.87695,1.67306922E-02
50,7,6960.15820,3284.87695,3521.20801,1.67306922E-02
50,8,6960.15820,3521.20801,3766.09180,1.67306922E-02
50,9,6960.15820,3766.09180,4023.10498,1.67306922E-02
50,10,6960.15820,4023.10498,4291.35352,1.67306922E-02
50,11,6960.15820,4291.35352,4566.99561,1.67306922E-02
50,12,6960.15820,4566.99561,4845.20361,1.67306922E-02
50,13,6960.15820,4845.20361,5121.77539,1.67306922E-02
50,14,6960.15820,5121.77539,5394.02246,1.67306922E-02
50,15,6960.15820,5394.02246,5661.05664,1.67306922E-02
50,16,6960.15820,5661.05664,5923.46143,1.67306922E-02
50,17,6960.15820,5923.46143,6182.80469,1.67306922E-02
50,18,6960.15820,6182.80469,6440.97998,1.67306922E-02
50,19,6960.15820,6440.97998,6699.70264,1.67306922E-02
50,20,6960.15820,6699.70264,6960.15820,1.67306922E-02
51,1,6942.80469,6960.15820,6984.14697,1.90224055E-05
51,2,6942.80469,6984.14697,6886.15771,1.90224055E-05
51,3,6942.80469,6886.15771,6974.08984,1.90224055E-05
51,4,6942.80469,6974.08984,7029.34863,1.90224055E-05
51,5,6942.80469,7029.34863,6886.13281,1.90224055E-05
51,6,6942.80469,6886.13281,6992.47852,1.90224055E-05
51,7,6942.80469,6992.47852,7049.96436,1.90224055E-05
51,8,6942.80469,7049.96436,6934.28662,1.90224055E-05
51,9,6942.80469,6934.28662,6811.51514,1.90224055E-05
51,10,6942.80469,6811.51514,6831.96289,1.90224055E-05
51,11,6942.80469,6831.96289,6887.84131,1.90224055E-05
51,12,6942.80469,6887.84131,6959.56836,1.90224055E-05
51,13,6942.80469,6959.56836,7023.94922,1.90224055E-05
51,14,6942.80469,7023.94922,7065.24609,1.90224055E-05
51,15,6942.80469,7065.24609,7077.83740,1.90224055E-05
51,16,6942.80469,7077.83740,7064.71729,1.90224055E-05
51,17,6942.80469,7064.71729,7034.36182,1.90224055E-05
51,18,6942.80469,7034.36182,6997.46973,1.90224055E-05
51,19,6942.80469,6997.46973,6964.29199,1.90224055E-05
51,20,6942.80469,6964.29199,6942.80469,1.90224055E-05
52,1,6501.91846,7676.48926,7467.69287,-7.48592953E-04
52,2,6501.91846,7467.69287,8022.15332,-7.48592953E-04
52,3,6501.91846,8022.15332,7672.34326,-7.48592953E-04
52,4,6501.91846,7672.34326,7400.87549,-7.48592953E-04
52,5,6501.91846,7400.87549,7546.90576,-7.48592953E-04
52,6,6501.91846,7546.90576,7856.18701,-7.48592953E-04
52,7,6501.91846,7856.18701,8013.32715,-7.48592953E-04
52,8,6501.91846,8013.32715,7908.05664,-7.48592953E-04
52,9,6501.91846,7908.05664,7629.23193,-7.48592953E-04
52,10,6501.91846,7629.23193,7343.70459,-7.48592953E-04
52,11,6501.91846,7343.70459,7182.85303,-7.48592953E-04
52,12,6501.91846,7182.85303,7188.09131,-7.48592953E-04
52,13,6501.91846,7188.09131,7314.88672,-7.48592953E-04
52,14,6501.91846,7314.88672,7471.09814,-7.48592953E-04
52,15,6501.91846,7471.09814,7563.00098,-7.48592953E-04
52,16,6501.91846,7563.00098,7530.10645,-7.48592953E-04
52,17,6501.91846,7530.10645,7360.68311,-7.48592953E-04
52,18,6501.91846,7360.68311,7088.72852,-7.48592953E-04
52,19,6501.91846,7088.72852,6778.18213,-7.48592953E-04
52,20,6501.91846,6778.18213,6501.91846,-7.48592953E-04
53,1,7203.27539,6501.91846,6562.52344,1.53665291E-02
53,2,7203.27539,6562.52344,6607.73438,1.53665291E-02
53,3,7203.27539,6607.73438,6641.61865,1.53665291E-02
53,4,7203.27539,6641.61865,6667.58105,1.53665291E-02
53,5,7203.27539,6667.58105,6688.43213,1.53665291E-02
53,6,7203.27539,6688.43213,6706.48486,1.53665291E-02
53,7,7203.27539,6706.48486,6723.60254,1.53665291E-02
53,8,7203.27539,6723.60254,6741.26172,1.53665291E-02
53,9,7203.27539,6741.26172,6760.62109,1.53665291E-02
53,10,7203.27539,6760.62109,6782.54199,1.53665291E-02
53,11,7203.27539,6782.54199,6807.64551,1.53665291E-02
53,12,7203.27539,6807.64551,6836.36621,1.53665291E-02
53,13,7203.27539,6836.36621,6868.95117,1.53665291E-02
53,14,7203.27539,6868.95117,6905.51270,1.53665291E-02
53,15,7203.27539,6905.51270,6946.06055,1.53665291E-02
53,16,7203.27539,6946.06055,6990.50586,1.53665291E-02
53,17,7203.27539,6990.50586,7038.67773,1.53665291E-02
53,18,7203.27539,7038.67773,7090.37598,1.53665291E-02
53,19,7203.27539,7090.37598,7145.33496,1.53665291E-02
53,20,7203.27539,7145.33496,7203.27539,1.53665291E-02
54,1,8472.77637,7203.27539,7232.37354,-2.82475445E-03
54,2,8472.77637,7232.37354,7282.13232,-2.82475445E-03
54,3,8472.77637,7282.13232,7341.88818,-2.82475445E-03
54,4,8472.77637,7341.88818,7404.01807,-2.82475445E-03
54,5,8472.77637,7404.01807,7464.16260,-2.82475445E-03
54,6,8472.77637,7464.16260,7520.79443,-2.82475445E-03
54,7,8472.77637,7520.79443,7574.50635,-2.82475445E-03
54,8,8472.77637,7574.50635,7627.12451,-2.82475445E-03
54,9,8472.77637,7627.12451,7681.02295,-2.82475445E-03
54,10,8472.77637,7681.02295,7738.44824,-2.82475445E-03
54,11,8472.77637,7738.44824,7801.10156,-2.82475445E-03
54,12,8472.77637,7801.10156,7869.85938,-2.82475445E-03
54,13,8472.77637,7869.85938,7944.65723,-2.82475445E-03
54,14,8472.77637,7944.65723,8024.50293,-2.82475445E-03
54,15,8472.77637,8024.50293,8107.57617,-2.82475445E-03
54,16,8472.77637,8107.57617,8191.36865,-2.82475445E-03
54,17,8472.77637,8191.36865,8272.94434,-2.82475445E-03
54,18,8472.77637,8272.94434,8349.13184,-2.82475445E-03
54,19,8472.77637,8349.13184,8416.73926,-2.82475445E-03
54,20,8472.77637,8416.73926,8472.77637,-2.82475445E-03
55,1,6231.46777,8472.77637,7947.93115,-9.58210696E-03
55,2,6231.46777,7947.93115,8133.97949,-9.58210696E-03
55,3,6231.46777,8133.97949,8509.14355,-9.58210696E-03
55,4,6231.46777,8509.14355,8802.45801,-9.58210696E-03
55,5,6231.46777,8802.45801,8903.38184,-9.58210696E-03
55,6,6231.46777,8903.38184,8797.48242,-9.58210696E-03
55,7,6231.46777,8797.48242,8521.94727,-9.58210696E-03
55,8,6231.46777,8521.94727,8135.96973,-9.58210696E-03
55,9,6231.46777,8135.96973,7701.95264,-9.58210696E-03
55,10,6231.46777,7701.95264,7274.64551,-9.58210696E-03
55,11,6231.46777,7274.64551,6895.69922,-9.58210696E-03
55,12,6231.46777,6895.69922,6591.96777,-9.58210696E-03
55,13,6231.46777,6591.96777,6376.14697,-9.58210696E-03
55,14,6231.46777,6376.14697,6248.74365,-9.58210696E-03
55,15,6231.46777,6248.74365,6222.54541,-9.58210696E-03
55,16,6231.46777,6222.54541,6393.36572,-9.58210696E-03
55,17,6231.46777,6393.36572,6357.07520,-9.58210696E-03
55,18,6231.46777,6357.07520,6283.97168,-9.58210696E-03
55,19,6231.46777,6283.97168,6139.27539,-9.58210696E-03
55,20,6231.46777,6139.27539,6231.46777,-9.58210696E-03
56,1,5538.96729,6231.46777,6575.42725,8.53676029E-05
56,2,5538.96729,6575.42725,6867.34619,8.53676029E-05
56,3,5538.96729,6867.34619,6842.72266,8.53676029E-05
56,4,5538.96729,6842.72266,6702.30273,8.53676029E-05
56,5,5538.96729,6702.30273,6702.58398,8.53676029E-05
56,6,5538.96729,6702.58398,6587.97168,8.53676029E-05
56,7,5538.96729,6587.97168,6274.24609,8.53676029E-05
56,8,5538.96729,6274.24609,5883.75928,8.53676029E-05
56,9,5538.96729,5883.75928,5480.25146,8.53676029E-05
56,10,5538.96729,5480.25146,5100.35791,8.53676029E-05
56,11,5538.96729,5100.35791,4769.45947,8.53676029E-05
56,12,5538.96729,4769.45947,4508.07080,8.53676029E-05
56,13,5538.96729,4508.07080,4370.01904,8.53676029E-05
56,14,5538.96729,4370.01904,4306.08740,8.53676029E-05
56,15,5538.96729,4306.08740,4309.75928,8.53676029E-05
56,16,5538.96729,4309.75928,4546.32422,8.53676029E-05
56,17,5538.96729,4546.32422,4622.98584,8.53676029E-05
56,18,5538.96729,4622.98584,4771.88477,8.53676029E-05
56,19,5538.96729,4771.88477,5078.11182,8.53676029E-05
56,20,5538.96729,5078.11182,5538.96729,8.53676029E-05
57,1,3591.17017,5538.96729,6122.50684,-1.24416076E-07
57,2,3591.17017,6122.50684,6744.56885,-1.24416076E-07
57,3,3591.17017,6744.56885,7394.68896,-1.24416076E-07
57,4,3591.17017,7394.68896,7939.46826,-1.24416076E-07
57,5,3591.17017,7939.46826,8249.92383,-1.24416076E-07
57,6,3591.17017,8249.92383,8317.88281,-1.24416076E-07
57,7,3591.17017,8317.88281,8187.39355,-1.24416076E-07
57,8,3591.17017,8187.39355,7916.36523,-1.24416076E-07
57,9,3591.17017,7916.36523,7557.62891,-1.24416076E-07
57,10,3591.17017,7557.62891,7151.67334,-1.24416076E-07
57,11,3591.17017,7151.67334,6725.91797,-1.24416076E-07
57,12,3591.17017,6725.91797,6297.10840,-1.24416076E-07
57,13,3591.17017,6297.10840,5874.80322,-1.24416076E-07
57,14,3591.17017,5874.80322,5464.77832,-1.24416076E-07
57,15,3591.17017,5464.77832,5071.65039,-1.24416076E-07
57,16,3591.17017,5071.65039,4700.63574,-1.24416076E-07
57,17,3591.17017,4700.63574,4358.42236,-1.24416076E-07
57,18,3591.17017,4358.42236,4053.20239,-1.24416076E-07
57,19,3591.17017,4053.20239,3794.25562,-1.24416076E-07
57,20,3591.17017,3794.25562,3591.17017,-1.24416076E-07
58,1,2483.25903,3591.17017,3509.63354,-2.47127136E-05
58,2,2483.25903,3509.63354,4220.55225,-2.47127136E-05
58,3,2483.25903,4220.55225,6436.29541,-2.47127136E-05
58,4,2483.25903,6436.29541,7495.23828,-2.47127136E-05
58,5,2483.25903,7495.23828,7765.92969,-2.47127136E-05
58,6,2483.25903,7765.92969,7564.79932,-2.47127136E-05
58,7,2483.25903,7564.79932,6774.04688,-2.47127136E-05
58,8,2483.25903,6774.04688,5536.30322,-2.47127136E-05
58,9,2483.25903,5536.30322,4435.80322,-2.47127136E-05
58,10,2483.25903,4435.80322,4112.79492,-2.47127136E-05
58,11,2483.25903,4112.79492,4704.15381,-2.47127136E-05
58,12,2483.25903,4704.15381,6201.54346,-2.47127136E-05
58,13,2483.25903,6201.54346,8381.70801,-2.47127136E-05
58,14,2483.25903,8381.70801,9080.55273,-2.47127136E-05
58,15,2483.25903,9080.55273,8465.34375,-2.47127136E-05
58,16,2483.25903,8465.34375,7289.78613,-2.47127136E-05
58,17,2483.25903,7289.78613,5652.70996,-2.47127136E-05
58,18,2483.25903,5652.70996,4068.27417,-2.47127136E-05
58,19,2483.25903,4068.27417,2978.73755,-2.47127136E-05
58,20,2483.25903,2978.73755,2483.25903,-2.47127136E-05
