i,k,old_q,old_q_ch_in,old_q_ch_out,qlat_ch_old
1,1,52.38928947000001,0.0,0.0,2.9577036899999998e-05
1,2,52.38928947000001,0.0,0.0,2.9577036899999998e-05
1,3,52.38928947000001,0.0,0.0,2.9577036899999998e-05
1,4,52.38928947000001,0.0,0.0,2.9577036899999998e-05
1,5,52.38928947000001,0.0,0.0,2.9577036899999998e-05
1,6,52.38928947000001,0.0,0.0,2.9577036899999998e-05
1,7,52.38928947000001,0.0,0.0,2.9577036899999998e-05
1,8,52.38928947000001,0.0,0.0,2.9577036899999998e-05
1,9,52.38928947000001,0.0,0.0,2.9577036899999998e-05
1,10,52.38928947000001,0.0,0.0,2.9577036899999998e-05
1,11,52.38928947000001,0.0,0.0,2.9577036899999998e-05
1,12,52.38928947000001,0.0,0.0,2.9577036899999998e-05
1,13,52.38928947000001,0.0,0.0,2.9577036899999998e-05
1,14,52.38928947000001,0.0,0.0,2.9577036899999998e-05
1,15,52.38928947000001,0.0,0.0,2.9577036899999998e-05
1,16,52.38928947000001,0.0,0.0,2.9577036899999998e-05
1,17,52.38928947000001,0.0,0.0,2.9577036899999998e-05
1,18,52.38928947000001,0.0,0.0,2.9577036899999998e-05
1,19,52.38928947000001,0.0,0.0,2.9577036899999998e-05
1,20,52.38928947000001,0.0,0.0,2.9577036899999998e-05
2,1,2308.920128606,0.0,0.0,1.30636581e-05
2,2,2308.920128606,0.0,0.0,1.30636581e-05
2,3,2308.920128606,0.0,0.0,1.30636581e-05
2,4,2308.920128606,0.0,0.0,1.30636581e-05
2,5,2308.920128606,0.0,0.0,1.30636581e-05
2,6,2308.920128606,0.0,0.0,1.30636581e-05
2,7,2308.920128606,0.0,0.0,1.30636581e-05
2,8,2308.920128606,0.0,0.0,1.30636581e-05
2,9,2308.920128606,0.0,0.0,1.30636581e-05
2,10,2308.920128606,0.0,0.0,1.30636581e-05
2,11,2308.920128606,0.0,0.0,1.30636581e-05
2,12,2308.920128606,0.0,0.0,1.30636581e-05
2,13,2308.920128606,0.0,0.0,1.30636581e-05
2,14,2308.920128606,0.0,0.0,1.30636581e-05
2,15,2308.920128606,0.0,0.0,1.30636581e-05
2,16,2308.920128606,0.0,0.0,1.30636581e-05
2,17,2308.920128606,0.0,0.0,1.30636581e-05
2,18,2308.920128606,0.0,0.0,1.30636581e-05
2,19,2308.920128606,0.0,0.0,1.30636581e-05
2,20,2308.920128606,0.0,0.0,1.30636581e-05
3,1,2308.610185026091,0.0,0.0,3.15566285e-06
3,2,2308.610185026091,0.0,0.0,3.15566285e-06
3,3,2308.610185026091,0.0,0.0,3.15566285e-06
3,4,2308.610185026091,0.0,0.0,3.15566285e-06
3,5,2308.610185026091,0.0,0.0,3.15566285e-06
3,6,2308.610185026091,0.0,0.0,3.15566285e-06
3,7,2308.610185026091,0.0,0.0,3.15566285e-06
3,8,2308.610185026091,0.0,0.0,3.15566285e-06
3,9,2308.610185026091,0.0,0.0,3.15566285e-06
3,10,2308.610185026091,0.0,0.0,3.15566285e-06
3,11,2308.610185026091,0.0,0.0,3.15566285e-06
3,12,2308.610185026091,0.0,0.0,3.15566285e-06
3,13,2308.610185026091,0.0,0.0,3.15566285e-06
3,14,2308.610185026091,0.0,0.0,3.15566285e-06
3,15,2308.610185026091,0.0,0.0,3.15566285e-06
3,16,2308.610185026091,0.0,0.0,3.15566285e-06
3,17,2308.610185026091,0.0,0.0,3.15566285e-06
3,18,2308.610185026091,0.0,0.0,3.15566285e-06
3,19,2308.610185026091,0.0,0.0,3.15566285e-06
3,20,2308.610185026091,0.0,0.0,3.15566285e-06
4,1,53.09360923999999,0.0,0.0,2.1255164e-05
4,2,53.09360923999999,0.0,0.0,2.1255164e-05
4,3,53.09360923999999,0.0,0.0,2.1255164e-05
4,4,53.09360923999999,0.0,0.0,2.1255164e-05
4,5,53.09360923999999,0.0,0.0,2.1255164e-05
4,6,53.09360923999999,0.0,0.0,2.1255164e-05
4,7,53.09360923999999,0.0,0.0,2.1255164e-05
4,8,53.09360923999999,0.0,0.0,2.1255164e-05
4,9,53.09360923999999,0.0,0.0,2.1255164e-05
4,10,53.09360923999999,0.0,0.0,2.1255164e-05
4,11,53.09360923999999,0.0,0.0,2.1255164e-05
4,12,53.09360923999999,0.0,0.0,2.1255164e-05
4,13,53.09360923999999,0.0,0.0,2.1255164e-05
4,14,53.09360923999999,0.0,0.0,2.1255164e-05
4,15,53.09360923999999,0.0,0.0,2.1255164e-05
4,16,53.09360923999999,0.0,0.0,2.1255164e-05
4,17,53.09360923999999,0.0,0.0,2.1255164e-05
4,18,53.09360923999999,0.0,0.0,2.1255164e-05
4,19,53.09360923999999,0.0,0.0,2.1255164e-05
4,20,53.09360923999999,0.0,0.0,2.1255164e-05
5,1,24.142666910000003,0.0,0.0,2.5246590699999997e-06
5,2,24.142666910000003,0.0,0.0,2.5246590699999997e-06
5,3,24.142666910000003,0.0,0.0,2.5246590699999997e-06
5,4,24.142666910000003,0.0,0.0,2.5246590699999997e-06
5,5,24.142666910000003,0.0,0.0,2.5246590699999997e-06
5,6,24.142666910000003,0.0,0.0,2.5246590699999997e-06
5,7,24.142666910000003,0.0,0.0,2.5246590699999997e-06
5,8,24.142666910000003,0.0,0.0,2.5246590699999997e-06
5,9,24.142666910000003,0.0,0.0,2.5246590699999997e-06
5,10,24.142666910000003,0.0,0.0,2.5246590699999997e-06
5,11,24.142666910000003,0.0,0.0,2.5246590699999997e-06
5,12,24.142666910000003,0.0,0.0,2.5246590699999997e-06
5,13,24.142666910000003,0.0,0.0,2.5246590699999997e-06
5,14,24.142666910000003,0.0,0.0,2.5246590699999997e-06
5,15,24.142666910000003,0.0,0.0,2.5246590699999997e-06
5,16,24.142666910000003,0.0,0.0,2.5246590699999997e-06
5,17,24.142666910000003,0.0,0.0,2.5246590699999997e-06
5,18,24.142666910000003,0.0,0.0,2.5246590699999997e-06
5,19,24.142666910000003,0.0,0.0,2.5246590699999997e-06
5,20,24.142666910000003,0.0,0.0,2.5246590699999997e-06
6,1,8.870042506999999,0.0,0.0,1.4240191400000001e-05
6,2,8.870042506999999,0.0,0.0,1.4240191400000001e-05
6,3,8.870042506999999,0.0,0.0,1.4240191400000001e-05
6,4,8.870042506999999,0.0,0.0,1.4240191400000001e-05
6,5,8.870042506999999,0.0,0.0,1.4240191400000001e-05
6,6,8.870042506999999,0.0,0.0,1.4240191400000001e-05
6,7,8.870042506999999,0.0,0.0,1.4240191400000001e-05
6,8,8.870042506999999,0.0,0.0,1.4240191400000001e-05
6,9,8.870042506999999,0.0,0.0,1.4240191400000001e-05
6,10,8.870042506999999,0.0,0.0,1.4240191400000001e-05
6,11,8.870042506999999,0.0,0.0,1.4240191400000001e-05
6,12,8.870042506999999,0.0,0.0,1.4240191400000001e-05
6,13,8.870042506999999,0.0,0.0,1.4240191400000001e-05
6,14,8.870042506999999,0.0,0.0,1.4240191400000001e-05
6,15,8.870042506999999,0.0,0.0,1.4240191400000001e-05
6,16,8.870042506999999,0.0,0.0,1.4240191400000001e-05
6,17,8.870042506999999,0.0,0.0,1.4240191400000001e-05
6,18,8.870042506999999,0.0,0.0,1.4240191400000001e-05
6,19,8.870042506999999,0.0,0.0,1.4240191400000001e-05
6,20,8.870042506999999,0.0,0.0,1.4240191400000001e-05
7,1,29.818181712200005,0.0,0.0,1.9970284499999998e-06
7,2,29.818181712200005,0.0,0.0,1.9970284499999998e-06
7,3,29.818181712200005,0.0,0.0,1.9970284499999998e-06
7,4,29.818181712200005,0.0,0.0,1.9970284499999998e-06
7,5,29.818181712200005,0.0,0.0,1.9970284499999998e-06
7,6,29.818181712200005,0.0,0.0,1.9970284499999998e-06
7,7,29.818181712200005,0.0,0.0,1.9970284499999998e-06
7,8,29.818181712200005,0.0,0.0,1.9970284499999998e-06
7,9,29.818181712200005,0.0,0.0,1.9970284499999998e-06
7,10,29.818181712200005,0.0,0.0,1.9970284499999998e-06
7,11,29.818181712200005,0.0,0.0,1.9970284499999998e-06
7,12,29.818181712200005,0.0,0.0,1.9970284499999998e-06
7,13,29.818181712200005,0.0,0.0,1.9970284499999998e-06
7,14,29.818181712200005,0.0,0.0,1.9970284499999998e-06
7,15,29.818181712200005,0.0,0.0,1.9970284499999998e-06
7,16,29.818181712200005,0.0,0.0,1.9970284499999998e-06
7,17,29.818181712200005,0.0,0.0,1.9970284499999998e-06
7,18,29.818181712200005,0.0,0.0,1.9970284499999998e-06
7,19,29.818181712200005,0.0,0.0,1.9970284499999998e-06
7,20,29.818181712200005,0.0,0.0,1.9970284499999998e-06
8,1,3.3044101535,0.0,0.0,5.46893079e-06
8,2,3.3044101535,0.0,0.0,5.46893079e-06
8,3,3.3044101535,0.0,0.0,5.46893079e-06
8,4,3.3044101535,0.0,0.0,5.46893079e-06
8,5,3.3044101535,0.0,0.0,5.46893079e-06
8,6,3.3044101535,0.0,0.0,5.46893079e-06
8,7,3.3044101535,0.0,0.0,5.46893079e-06
8,8,3.3044101535,0.0,0.0,5.46893079e-06
8,9,3.3044101535,0.0,0.0,5.46893079e-06
8,10,3.3044101535,0.0,0.0,5.46893079e-06
8,11,3.3044101535,0.0,0.0,5.46893079e-06
8,12,3.3044101535,0.0,0.0,5.46893079e-06
8,13,3.3044101535,0.0,0.0,5.46893079e-06
8,14,3.3044101535,0.0,0.0,5.46893079e-06
8,15,3.3044101535,0.0,0.0,5.46893079e-06
8,16,3.3044101535,0.0,0.0,5.46893079e-06
8,17,3.3044101535,0.0,0.0,5.46893079e-06
8,18,3.3044101535,0.0,0.0,5.46893079e-06
8,19,3.3044101535,0.0,0.0,5.46893079e-06
8,20,3.3044101535,0.0,0.0,5.46893079e-06
9,1,973.4388824330516,0.0,0.0,5.686823440000001e-06
9,2,973.4388824330516,0.0,0.0,5.686823440000001e-06
9,3,973.4388824330516,0.0,0.0,5.686823440000001e-06
9,4,973.4388824330516,0.0,0.0,5.686823440000001e-06
9,5,973.4388824330516,0.0,0.0,5.686823440000001e-06
9,6,973.4388824330516,0.0,0.0,5.686823440000001e-06
9,7,973.4388824330516,0.0,0.0,5.686823440000001e-06
9,8,973.4388824330516,0.0,0.0,5.686823440000001e-06
9,9,973.4388824330516,0.0,0.0,5.686823440000001e-06
9,10,973.4388824330516,0.0,0.0,5.686823440000001e-06
9,11,973.4388824330516,0.0,0.0,5.686823440000001e-06
9,12,973.4388824330516,0.0,0.0,5.686823440000001e-06
9,13,973.4388824330516,0.0,0.0,5.686823440000001e-06
9,14,973.4388824330516,0.0,0.0,5.686823440000001e-06
9,15,973.4388824330516,0.0,0.0,5.686823440000001e-06
9,16,973.4388824330516,0.0,0.0,5.686823440000001e-06
9,17,973.4388824330516,0.0,0.0,5.686823440000001e-06
9,18,973.4388824330516,0.0,0.0,5.686823440000001e-06
9,19,973.4388824330516,0.0,0.0,5.686823440000001e-06
9,20,973.4388824330516,0.0,0.0,5.686823440000001e-06
10,1,9132.982027871481,0.0,0.0,2.4566134e-06
10,2,9132.982027871481,0.0,0.0,2.4566134e-06
10,3,9132.982027871481,0.0,0.0,2.4566134e-06
10,4,9132.982027871481,0.0,0.0,2.4566134e-06
10,5,9132.982027871481,0.0,0.0,2.4566134e-06
10,6,9132.982027871481,0.0,0.0,2.4566134e-06
10,7,9132.982027871481,0.0,0.0,2.4566134e-06
10,8,9132.982027871481,0.0,0.0,2.4566134e-06
10,9,9132.982027871481,0.0,0.0,2.4566134e-06
10,10,9132.982027871481,0.0,0.0,2.4566134e-06
10,11,9132.982027871481,0.0,0.0,2.4566134e-06
10,12,9132.982027871481,0.0,0.0,2.4566134e-06
10,13,9132.982027871481,0.0,0.0,2.4566134e-06
10,14,9132.982027871481,0.0,0.0,2.4566134e-06
10,15,9132.982027871481,0.0,0.0,2.4566134e-06
10,16,9132.982027871481,0.0,0.0,2.4566134e-06
10,17,9132.982027871481,0.0,0.0,2.4566134e-06
10,18,9132.982027871481,0.0,0.0,2.4566134e-06
10,19,9132.982027871481,0.0,0.0,2.4566134e-06
10,20,9132.982027871481,0.0,0.0,2.4566134e-06
11,1,9.140607525000002,0.0,0.0,2.47191679e-06
11,2,9.140607525000002,0.0,0.0,2.47191679e-06
11,3,9.140607525000002,0.0,0.0,2.47191679e-06
11,4,9.140607525000002,0.0,0.0,2.47191679e-06
11,5,9.140607525000002,0.0,0.0,2.47191679e-06
11,6,9.140607525000002,0.0,0.0,2.47191679e-06
11,7,9.140607525000002,0.0,0.0,2.47191679e-06
11,8,9.140607525000002,0.0,0.0,2.47191679e-06
11,9,9.140607525000002,0.0,0.0,2.47191679e-06
11,10,9.140607525000002,0.0,0.0,2.47191679e-06
11,11,9.140607525000002,0.0,0.0,2.47191679e-06
11,12,9.140607525000002,0.0,0.0,2.47191679e-06
11,13,9.140607525000002,0.0,0.0,2.47191679e-06
11,14,9.140607525000002,0.0,0.0,2.47191679e-06
11,15,9.140607525000002,0.0,0.0,2.47191679e-06
11,16,9.140607525000002,0.0,0.0,2.47191679e-06
11,17,9.140607525000002,0.0,0.0,2.47191679e-06
11,18,9.140607525000002,0.0,0.0,2.47191679e-06
11,19,9.140607525000002,0.0,0.0,2.47191679e-06
11,20,9.140607525000002,0.0,0.0,2.47191679e-06
12,1,2.2219695621,0.0,0.0,1.3032637299999998e-06
12,2,2.2219695621,0.0,0.0,1.3032637299999998e-06
12,3,2.2219695621,0.0,0.0,1.3032637299999998e-06
12,4,2.2219695621,0.0,0.0,1.3032637299999998e-06
12,5,2.2219695621,0.0,0.0,1.3032637299999998e-06
12,6,2.2219695621,0.0,0.0,1.3032637299999998e-06
12,7,2.2219695621,0.0,0.0,1.3032637299999998e-06
12,8,2.2219695621,0.0,0.0,1.3032637299999998e-06
12,9,2.2219695621,0.0,0.0,1.3032637299999998e-06
12,10,2.2219695621,0.0,0.0,1.3032637299999998e-06
12,11,2.2219695621,0.0,0.0,1.3032637299999998e-06
12,12,2.2219695621,0.0,0.0,1.3032637299999998e-06
12,13,2.2219695621,0.0,0.0,1.3032637299999998e-06
12,14,2.2219695621,0.0,0.0,1.3032637299999998e-06
12,15,2.2219695621,0.0,0.0,1.3032637299999998e-06
12,16,2.2219695621,0.0,0.0,1.3032637299999998e-06
12,17,2.2219695621,0.0,0.0,1.3032637299999998e-06
12,18,2.2219695621,0.0,0.0,1.3032637299999998e-06
12,19,2.2219695621,0.0,0.0,1.3032637299999998e-06
12,20,2.2219695621,0.0,0.0,1.3032637299999998e-06
13,1,19.709524774,0.0,0.0,5.84618601e-06
13,2,19.709524774,0.0,0.0,5.84618601e-06
13,3,19.709524774,0.0,0.0,5.84618601e-06
13,4,19.709524774,0.0,0.0,5.84618601e-06
13,5,19.709524774,0.0,0.0,5.84618601e-06
13,6,19.709524774,0.0,0.0,5.84618601e-06
13,7,19.709524774,0.0,0.0,5.84618601e-06
13,8,19.709524774,0.0,0.0,5.84618601e-06
13,9,19.709524774,0.0,0.0,5.84618601e-06
13,10,19.709524774,0.0,0.0,5.84618601e-06
13,11,19.709524774,0.0,0.0,5.84618601e-06
13,12,19.709524774,0.0,0.0,5.84618601e-06
13,13,19.709524774,0.0,0.0,5.84618601e-06
13,14,19.709524774,0.0,0.0,5.84618601e-06
13,15,19.709524774,0.0,0.0,5.84618601e-06
13,16,19.709524774,0.0,0.0,5.84618601e-06
13,17,19.709524774,0.0,0.0,5.84618601e-06
13,18,19.709524774,0.0,0.0,5.84618601e-06
13,19,19.709524774,0.0,0.0,5.84618601e-06
13,20,19.709524774,0.0,0.0,5.84618601e-06
14,1,486.94399900999997,0.0,0.0,1.49186553e-05
14,2,486.94399900999997,0.0,0.0,1.49186553e-05
14,3,486.94399900999997,0.0,0.0,1.49186553e-05
14,4,486.94399900999997,0.0,0.0,1.49186553e-05
14,5,486.94399900999997,0.0,0.0,1.49186553e-05
14,6,486.94399900999997,0.0,0.0,1.49186553e-05
14,7,486.94399900999997,0.0,0.0,1.49186553e-05
14,8,486.94399900999997,0.0,0.0,1.49186553e-05
14,9,486.94399900999997,0.0,0.0,1.49186553e-05
14,10,486.94399900999997,0.0,0.0,1.49186553e-05
14,11,486.94399900999997,0.0,0.0,1.49186553e-05
14,12,486.94399900999997,0.0,0.0,1.49186553e-05
14,13,486.94399900999997,0.0,0.0,1.49186553e-05
14,14,486.94399900999997,0.0,0.0,1.49186553e-05
14,15,486.94399900999997,0.0,0.0,1.49186553e-05
14,16,486.94399900999997,0.0,0.0,1.49186553e-05
14,17,486.94399900999997,0.0,0.0,1.49186553e-05
14,18,486.94399900999997,0.0,0.0,1.49186553e-05
14,19,486.94399900999997,0.0,0.0,1.49186553e-05
14,20,486.94399900999997,0.0,0.0,1.49186553e-05
15,1,3900.116344916739,3282.049067459143,3282.049067459143,1.2773163e-06
15,2,3900.116344916739,3282.049067459143,3282.049067459143,1.2773163e-06
15,3,3900.116344916739,3282.049067459143,3282.049067459143,1.2773163e-06
15,4,3900.116344916739,3282.049067459143,3282.049067459143,1.2773163e-06
15,5,3900.116344916739,3282.049067459143,3282.049067459143,1.2773163e-06
15,6,3900.116344916739,3282.049067459143,3282.049067459143,1.2773163e-06
15,7,3900.116344916739,3282.049067459143,3282.049067459143,1.2773163e-06
15,8,3900.116344916739,3282.049067459143,3282.049067459143,1.2773163e-06
15,9,3900.116344916739,3282.049067459143,3282.049067459143,1.2773163e-06
15,10,3900.116344916739,3282.049067459143,3282.049067459143,1.2773163e-06
15,11,3900.116344916739,3282.049067459143,3282.049067459143,1.2773163e-06
15,12,3900.116344916739,3282.049067459143,3282.049067459143,1.2773163e-06
15,13,3900.116344916739,3282.049067459143,3282.049067459143,1.2773163e-06
15,14,3900.116344916739,3282.049067459143,3282.049067459143,1.2773163e-06
15,15,3900.116344916739,3282.049067459143,3282.049067459143,1.2773163e-06
15,16,3900.116344916739,3282.049067459143,3282.049067459143,1.2773163e-06
15,17,3900.116344916739,3282.049067459143,3282.049067459143,1.2773163e-06
15,18,3900.116344916739,3282.049067459143,3282.049067459143,1.2773163e-06
15,19,3900.116344916739,3282.049067459143,3282.049067459143,1.2773163e-06
15,20,3900.116344916739,3282.049067459143,3282.049067459143,1.2773163e-06
16,1,4.9915638293,3.3044101535,3.3044101535,4.19674461e-06
16,2,4.9915638293,3.3044101535,3.3044101535,4.19674461e-06
16,3,4.9915638293,3.3044101535,3.3044101535,4.19674461e-06
16,4,4.9915638293,3.3044101535,3.3044101535,4.19674461e-06
16,5,4.9915638293,3.3044101535,3.3044101535,4.19674461e-06
16,6,4.9915638293,3.3044101535,3.3044101535,4.19674461e-06
16,7,4.9915638293,3.3044101535,3.3044101535,4.19674461e-06
16,8,4.9915638293,3.3044101535,3.3044101535,4.19674461e-06
16,9,4.9915638293,3.3044101535,3.3044101535,4.19674461e-06
16,10,4.9915638293,3.3044101535,3.3044101535,4.19674461e-06
16,11,4.9915638293,3.3044101535,3.3044101535,4.19674461e-06
16,12,4.9915638293,3.3044101535,3.3044101535,4.19674461e-06
16,13,4.9915638293,3.3044101535,3.3044101535,4.19674461e-06
16,14,4.9915638293,3.3044101535,3.3044101535,4.19674461e-06
16,15,4.9915638293,3.3044101535,3.3044101535,4.19674461e-06
16,16,4.9915638293,3.3044101535,3.3044101535,4.19674461e-06
16,17,4.9915638293,3.3044101535,3.3044101535,4.19674461e-06
16,18,4.9915638293,3.3044101535,3.3044101535,4.19674461e-06
16,19,4.9915638293,3.3044101535,3.3044101535,4.19674461e-06
16,20,4.9915638293,3.3044101535,3.3044101535,4.19674461e-06
17,1,18.175826071,2.2219695621,2.2219695621,6.90351499e-06
17,2,18.175826071,2.2219695621,2.2219695621,6.90351499e-06
17,3,18.175826071,2.2219695621,2.2219695621,6.90351499e-06
17,4,18.175826071,2.2219695621,2.2219695621,6.90351499e-06
17,5,18.175826071,2.2219695621,2.2219695621,6.90351499e-06
17,6,18.175826071,2.2219695621,2.2219695621,6.90351499e-06
17,7,18.175826071,2.2219695621,2.2219695621,6.90351499e-06
17,8,18.175826071,2.2219695621,2.2219695621,6.90351499e-06
17,9,18.175826071,2.2219695621,2.2219695621,6.90351499e-06
17,10,18.175826071,2.2219695621,2.2219695621,6.90351499e-06
17,11,18.175826071,2.2219695621,2.2219695621,6.90351499e-06
17,12,18.175826071,2.2219695621,2.2219695621,6.90351499e-06
17,13,18.175826071,2.2219695621,2.2219695621,6.90351499e-06
17,14,18.175826071,2.2219695621,2.2219695621,6.90351499e-06
17,15,18.175826071,2.2219695621,2.2219695621,6.90351499e-06
17,16,18.175826071,2.2219695621,2.2219695621,6.90351499e-06
17,17,18.175826071,2.2219695621,2.2219695621,6.90351499e-06
17,18,18.175826071,2.2219695621,2.2219695621,6.90351499e-06
17,19,18.175826071,2.2219695621,2.2219695621,6.90351499e-06
17,20,18.175826071,2.2219695621,2.2219695621,6.90351499e-06
18,1,18.105848212999994,9.140607525000002,9.140607525000002,3.2333477999999998e-06
18,2,18.105848212999994,9.140607525000002,9.140607525000002,3.2333477999999998e-06
18,3,18.105848212999994,9.140607525000002,9.140607525000002,3.2333477999999998e-06
18,4,18.105848212999994,9.140607525000002,9.140607525000002,3.2333477999999998e-06
18,5,18.105848212999994,9.140607525000002,9.140607525000002,3.2333477999999998e-06
18,6,18.105848212999994,9.140607525000002,9.140607525000002,3.2333477999999998e-06
18,7,18.105848212999994,9.140607525000002,9.140607525000002,3.2333477999999998e-06
18,8,18.105848212999994,9.140607525000002,9.140607525000002,3.2333477999999998e-06
18,9,18.105848212999994,9.140607525000002,9.140607525000002,3.2333477999999998e-06
18,10,18.105848212999994,9.140607525000002,9.140607525000002,3.2333477999999998e-06
18,11,18.105848212999994,9.140607525000002,9.140607525000002,3.2333477999999998e-06
18,12,18.105848212999994,9.140607525000002,9.140607525000002,3.2333477999999998e-06
18,13,18.105848212999994,9.140607525000002,9.140607525000002,3.2333477999999998e-06
18,14,18.105848212999994,9.140607525000002,9.140607525000002,3.2333477999999998e-06
18,15,18.105848212999994,9.140607525000002,9.140607525000002,3.2333477999999998e-06
18,16,18.105848212999994,9.140607525000002,9.140607525000002,3.2333477999999998e-06
18,17,18.105848212999994,9.140607525000002,9.140607525000002,3.2333477999999998e-06
18,18,18.105848212999994,9.140607525000002,9.140607525000002,3.2333477999999998e-06
18,19,18.105848212999994,9.140607525000002,9.140607525000002,3.2333477999999998e-06
18,20,18.105848212999994,9.140607525000002,9.140607525000002,3.2333477999999998e-06
19,1,7.8267141989999995,4.9915638293,4.9915638293,9.90262379e-07
19,2,7.8267141989999995,4.9915638293,4.9915638293,9.90262379e-07
19,3,7.8267141989999995,4.9915638293,4.9915638293,9.90262379e-07
19,4,7.8267141989999995,4.9915638293,4.9915638293,9.90262379e-07
19,5,7.8267141989999995,4.9915638293,4.9915638293,9.90262379e-07
19,6,7.8267141989999995,4.9915638293,4.9915638293,9.90262379e-07
19,7,7.8267141989999995,4.9915638293,4.9915638293,9.90262379e-07
19,8,7.8267141989999995,4.9915638293,4.9915638293,9.90262379e-07
19,9,7.8267141989999995,4.9915638293,4.9915638293,9.90262379e-07
19,10,7.8267141989999995,4.9915638293,4.9915638293,9.90262379e-07
19,11,7.8267141989999995,4.9915638293,4.9915638293,9.90262379e-07
19,12,7.8267141989999995,4.9915638293,4.9915638293,9.90262379e-07
19,13,7.8267141989999995,4.9915638293,4.9915638293,9.90262379e-07
19,14,7.8267141989999995,4.9915638293,4.9915638293,9.90262379e-07
19,15,7.8267141989999995,4.9915638293,4.9915638293,9.90262379e-07
19,16,7.8267141989999995,4.9915638293,4.9915638293,9.90262379e-07
19,17,7.8267141989999995,4.9915638293,4.9915638293,9.90262379e-07
19,18,7.8267141989999995,4.9915638293,4.9915638293,9.90262379e-07
19,19,7.8267141989999995,4.9915638293,4.9915638293,9.90262379e-07
19,20,7.8267141989999995,4.9915638293,4.9915638293,9.90262379e-07
20,1,3963.7312699040726,13033.09837278822,12579.630017644013,3.12988675e-07
20,2,3963.7312699040726,12579.630017644013,12126.161662499806,3.12988675e-07
20,3,3963.7312699040726,12126.161662499806,11672.6933073556,3.12988675e-07
20,4,3963.7312699040726,11672.6933073556,11219.224952211393,3.12988675e-07
20,5,3963.7312699040726,11219.224952211393,10765.756597067186,3.12988675e-07
20,6,3963.7312699040726,10765.756597067186,10312.288241922979,3.12988675e-07
20,7,3963.7312699040726,10312.288241922979,9858.819886778772,3.12988675e-07
20,8,3963.7312699040726,9858.819886778772,9405.351531634566,3.12988675e-07
20,9,3963.7312699040726,9405.351531634566,8951.883176490359,3.12988675e-07
20,10,3963.7312699040726,8951.883176490359,8498.414821346152,3.12988675e-07
20,11,3963.7312699040726,8498.414821346152,8044.946466201945,3.12988675e-07
20,12,3963.7312699040726,8044.946466201945,7591.478111057739,3.12988675e-07
20,13,3963.7312699040726,7591.478111057739,7138.009755913532,3.12988675e-07
20,14,3963.7312699040726,7138.009755913532,6684.541400769325,3.12988675e-07
20,15,3963.7312699040726,6684.541400769325,6231.0730456251185,3.12988675e-07
20,16,3963.7312699040726,6231.0730456251185,5777.604690480912,3.12988675e-07
20,17,3963.7312699040726,5777.604690480912,5324.136335336705,3.12988675e-07
20,18,3963.7312699040726,5324.136335336705,4870.667980192498,3.12988675e-07
20,19,3963.7312699040726,4870.667980192498,4417.199625048292,3.12988675e-07
20,20,3963.7312699040726,4417.199625048292,3963.731269904085,3.12988675e-07
21,1,20.031223161,18.175826071,18.175826071,8.928301210000001e-06
21,2,20.031223161,18.175826071,18.175826071,8.928301210000001e-06
21,3,20.031223161,18.175826071,18.175826071,8.928301210000001e-06
21,4,20.031223161,18.175826071,18.175826071,8.928301210000001e-06
21,5,20.031223161,18.175826071,18.175826071,8.928301210000001e-06
21,6,20.031223161,18.175826071,18.175826071,8.928301210000001e-06
21,7,20.031223161,18.175826071,18.175826071,8.928301210000001e-06
21,8,20.031223161,18.175826071,18.175826071,8.928301210000001e-06
21,9,20.031223161,18.175826071,18.175826071,8.928301210000001e-06
21,10,20.031223161,18.175826071,18.175826071,8.928301210000001e-06
21,11,20.031223161,18.175826071,18.175826071,8.928301210000001e-06
21,12,20.031223161,18.175826071,18.175826071,8.928301210000001e-06
21,13,20.031223161,18.175826071,18.175826071,8.928301210000001e-06
21,14,20.031223161,18.175826071,18.175826071,8.928301210000001e-06
21,15,20.031223161,18.175826071,18.175826071,8.928301210000001e-06
21,16,20.031223161,18.175826071,18.175826071,8.928301210000001e-06
21,17,20.031223161,18.175826071,18.175826071,8.928301210000001e-06
21,18,20.031223161,18.175826071,18.175826071,8.928301210000001e-06
21,19,20.031223161,18.175826071,18.175826071,8.928301210000001e-06
21,20,20.031223161,18.175826071,18.175826071,8.928301210000001e-06
22,1,18.472666307000004,18.105848212999994,18.105848212999994,5.6263957e-06
22,2,18.472666307000004,18.105848212999994,18.105848212999994,5.6263957e-06
22,3,18.472666307000004,18.105848212999994,18.105848212999994,5.6263957e-06
22,4,18.472666307000004,18.105848212999994,18.105848212999994,5.6263957e-06
22,5,18.472666307000004,18.105848212999994,18.105848212999994,5.6263957e-06
22,6,18.472666307000004,18.105848212999994,18.105848212999994,5.6263957e-06
22,7,18.472666307000004,18.105848212999994,18.105848212999994,5.6263957e-06
22,8,18.472666307000004,18.105848212999994,18.105848212999994,5.6263957e-06
22,9,18.472666307000004,18.105848212999994,18.105848212999994,5.6263957e-06
22,10,18.472666307000004,18.105848212999994,18.105848212999994,5.6263957e-06
22,11,18.472666307000004,18.105848212999994,18.105848212999994,5.6263957e-06
22,12,18.472666307000004,18.105848212999994,18.105848212999994,5.6263957e-06
22,13,18.472666307000004,18.105848212999994,18.105848212999994,5.6263957e-06
22,14,18.472666307000004,18.105848212999994,18.105848212999994,5.6263957e-06
22,15,18.472666307000004,18.105848212999994,18.105848212999994,5.6263957e-06
22,16,18.472666307000004,18.105848212999994,18.105848212999994,5.6263957e-06
22,17,18.472666307000004,18.105848212999994,18.105848212999994,5.6263957e-06
22,18,18.472666307000004,18.105848212999994,18.105848212999994,5.6263957e-06
22,19,18.472666307000004,18.105848212999994,18.105848212999994,5.6263957e-06
22,20,18.472666307000004,18.105848212999994,18.105848212999994,5.6263957e-06
23,1,9.271338405999998,7.8267141989999995,7.8267141989999995,9.48247089e-06
23,2,9.271338405999998,7.8267141989999995,7.8267141989999995,9.48247089e-06
23,3,9.271338405999998,7.8267141989999995,7.8267141989999995,9.48247089e-06
23,4,9.271338405999998,7.8267141989999995,7.8267141989999995,9.48247089e-06
23,5,9.271338405999998,7.8267141989999995,7.8267141989999995,9.48247089e-06
23,6,9.271338405999998,7.8267141989999995,7.8267141989999995,9.48247089e-06
23,7,9.271338405999998,7.8267141989999995,7.8267141989999995,9.48247089e-06
23,8,9.271338405999998,7.8267141989999995,7.8267141989999995,9.48247089e-06
23,9,9.271338405999998,7.8267141989999995,7.8267141989999995,9.48247089e-06
23,10,9.271338405999998,7.8267141989999995,7.8267141989999995,9.48247089e-06
23,11,9.271338405999998,7.8267141989999995,7.8267141989999995,9.48247089e-06
23,12,9.271338405999998,7.8267141989999995,7.8267141989999995,9.48247089e-06
23,13,9.271338405999998,7.8267141989999995,7.8267141989999995,9.48247089e-06
23,14,9.271338405999998,7.8267141989999995,7.8267141989999995,9.48247089e-06
23,15,9.271338405999998,7.8267141989999995,7.8267141989999995,9.48247089e-06
23,16,9.271338405999998,7.8267141989999995,7.8267141989999995,9.48247089e-06
23,17,9.271338405999998,7.8267141989999995,7.8267141989999995,9.48247089e-06
23,18,9.271338405999998,7.8267141989999995,7.8267141989999995,9.48247089e-06
23,19,9.271338405999998,7.8267141989999995,7.8267141989999995,9.48247089e-06
23,20,9.271338405999998,7.8267141989999995,7.8267141989999995,9.48247089e-06
24,1,25.930808549999995,20.031223161,20.031223161,2.1940140899999997e-06
24,2,25.930808549999995,20.031223161,20.031223161,2.1940140899999997e-06
24,3,25.930808549999995,20.031223161,20.031223161,2.1940140899999997e-06
24,4,25.930808549999995,20.031223161,20.031223161,2.1940140899999997e-06
24,5,25.930808549999995,20.031223161,20.031223161,2.1940140899999997e-06
24,6,25.930808549999995,20.031223161,20.031223161,2.1940140899999997e-06
24,7,25.930808549999995,20.031223161,20.031223161,2.1940140899999997e-06
24,8,25.930808549999995,20.031223161,20.031223161,2.1940140899999997e-06
24,9,25.930808549999995,20.031223161,20.031223161,2.1940140899999997e-06
24,10,25.930808549999995,20.031223161,20.031223161,2.1940140899999997e-06
24,11,25.930808549999995,20.031223161,20.031223161,2.1940140899999997e-06
24,12,25.930808549999995,20.031223161,20.031223161,2.1940140899999997e-06
24,13,25.930808549999995,20.031223161,20.031223161,2.1940140899999997e-06
24,14,25.930808549999995,20.031223161,20.031223161,2.1940140899999997e-06
24,15,25.930808549999995,20.031223161,20.031223161,2.1940140899999997e-06
24,16,25.930808549999995,20.031223161,20.031223161,2.1940140899999997e-06
24,17,25.930808549999995,20.031223161,20.031223161,2.1940140899999997e-06
24,18,25.930808549999995,20.031223161,20.031223161,2.1940140899999997e-06
24,19,25.930808549999995,20.031223161,20.031223161,2.1940140899999997e-06
24,20,25.930808549999995,20.031223161,20.031223161,2.1940140899999997e-06
25,1,34.59476221,38.182191081,38.00281963745,4.65372204e-06
25,2,34.59476221,38.00281963745,37.823448193900006,4.65372204e-06
25,3,34.59476221,37.823448193900006,37.64407675035001,4.65372204e-06
25,4,34.59476221,37.64407675035001,37.46470530680001,4.65372204e-06
25,5,34.59476221,37.46470530680001,37.28533386325002,4.65372204e-06
25,6,34.59476221,37.28533386325002,37.10596241970002,4.65372204e-06
25,7,34.59476221,37.10596241970002,36.926590976150024,4.65372204e-06
25,8,34.59476221,36.926590976150024,36.74721953260003,4.65372204e-06
25,9,34.59476221,36.74721953260003,36.56784808905003,4.65372204e-06
25,10,34.59476221,36.56784808905003,36.388476645500035,4.65372204e-06
25,11,34.59476221,36.388476645500035,36.20910520195004,4.65372204e-06
25,12,34.59476221,36.20910520195004,36.02973375840004,4.65372204e-06
25,13,34.59476221,36.02973375840004,35.850362314850045,4.65372204e-06
25,14,34.59476221,35.850362314850045,35.67099087130005,4.65372204e-06
25,15,34.59476221,35.67099087130005,35.49161942775005,4.65372204e-06
25,16,34.59476221,35.49161942775005,35.312247984200056,4.65372204e-06
25,17,34.59476221,35.312247984200056,35.13287654065006,4.65372204e-06
25,18,34.59476221,35.13287654065006,34.95350509710006,4.65372204e-06
25,19,34.59476221,34.95350509710006,34.77413365355007,4.65372204e-06
25,20,34.59476221,34.77413365355007,34.59476221000007,4.65372204e-06
26,1,19.894232021,9.271338405999998,9.271338405999998,1.6240646799999998e-06
26,2,19.894232021,9.271338405999998,9.271338405999998,1.6240646799999998e-06
26,3,19.894232021,9.271338405999998,9.271338405999998,1.6240646799999998e-06
26,4,19.894232021,9.271338405999998,9.271338405999998,1.6240646799999998e-06
26,5,19.894232021,9.271338405999998,9.271338405999998,1.6240646799999998e-06
26,6,19.894232021,9.271338405999998,9.271338405999998,1.6240646799999998e-06
26,7,19.894232021,9.271338405999998,9.271338405999998,1.6240646799999998e-06
26,8,19.894232021,9.271338405999998,9.271338405999998,1.6240646799999998e-06
26,9,19.894232021,9.271338405999998,9.271338405999998,1.6240646799999998e-06
26,10,19.894232021,9.271338405999998,9.271338405999998,1.6240646799999998e-06
26,11,19.894232021,9.271338405999998,9.271338405999998,1.6240646799999998e-06
26,12,19.894232021,9.271338405999998,9.271338405999998,1.6240646799999998e-06
26,13,19.894232021,9.271338405999998,9.271338405999998,1.6240646799999998e-06
26,14,19.894232021,9.271338405999998,9.271338405999998,1.6240646799999998e-06
26,15,19.894232021,9.271338405999998,9.271338405999998,1.6240646799999998e-06
26,16,19.894232021,9.271338405999998,9.271338405999998,1.6240646799999998e-06
26,17,19.894232021,9.271338405999998,9.271338405999998,1.6240646799999998e-06
26,18,19.894232021,9.271338405999998,9.271338405999998,1.6240646799999998e-06
26,19,19.894232021,9.271338405999998,9.271338405999998,1.6240646799999998e-06
26,20,19.894232021,9.271338405999998,9.271338405999998,1.6240646799999998e-06
27,1,32.38034706999999,25.930808549999995,25.930808549999995,1.2621873800000001e-05
27,2,32.38034706999999,25.930808549999995,25.930808549999995,1.2621873800000001e-05
27,3,32.38034706999999,25.930808549999995,25.930808549999995,1.2621873800000001e-05
27,4,32.38034706999999,25.930808549999995,25.930808549999995,1.2621873800000001e-05
27,5,32.38034706999999,25.930808549999995,25.930808549999995,1.2621873800000001e-05
27,6,32.38034706999999,25.930808549999995,25.930808549999995,1.2621873800000001e-05
27,7,32.38034706999999,25.930808549999995,25.930808549999995,1.2621873800000001e-05
27,8,32.38034706999999,25.930808549999995,25.930808549999995,1.2621873800000001e-05
27,9,32.38034706999999,25.930808549999995,25.930808549999995,1.2621873800000001e-05
27,10,32.38034706999999,25.930808549999995,25.930808549999995,1.2621873800000001e-05
27,11,32.38034706999999,25.930808549999995,25.930808549999995,1.2621873800000001e-05
27,12,32.38034706999999,25.930808549999995,25.930808549999995,1.2621873800000001e-05
27,13,32.38034706999999,25.930808549999995,25.930808549999995,1.2621873800000001e-05
27,14,32.38034706999999,25.930808549999995,25.930808549999995,1.2621873800000001e-05
27,15,32.38034706999999,25.930808549999995,25.930808549999995,1.2621873800000001e-05
27,16,32.38034706999999,25.930808549999995,25.930808549999995,1.2621873800000001e-05
27,17,32.38034706999999,25.930808549999995,25.930808549999995,1.2621873800000001e-05
27,18,32.38034706999999,25.930808549999995,25.930808549999995,1.2621873800000001e-05
27,19,32.38034706999999,25.930808549999995,25.930808549999995,1.2621873800000001e-05
27,20,32.38034706999999,25.930808549999995,25.930808549999995,1.2621873800000001e-05
28,1,59.41445444,34.59476221,34.59476221,9.222160769999998e-06
28,2,59.41445444,34.59476221,34.59476221,9.222160769999998e-06
28,3,59.41445444,34.59476221,34.59476221,9.222160769999998e-06
28,4,59.41445444,34.59476221,34.59476221,9.222160769999998e-06
28,5,59.41445444,34.59476221,34.59476221,9.222160769999998e-06
28,6,59.41445444,34.59476221,34.59476221,9.222160769999998e-06
28,7,59.41445444,34.59476221,34.59476221,9.222160769999998e-06
28,8,59.41445444,34.59476221,34.59476221,9.222160769999998e-06
28,9,59.41445444,34.59476221,34.59476221,9.222160769999998e-06
28,10,59.41445444,34.59476221,34.59476221,9.222160769999998e-06
28,11,59.41445444,34.59476221,34.59476221,9.222160769999998e-06
28,12,59.41445444,34.59476221,34.59476221,9.222160769999998e-06
28,13,59.41445444,34.59476221,34.59476221,9.222160769999998e-06
28,14,59.41445444,34.59476221,34.59476221,9.222160769999998e-06
28,15,59.41445444,34.59476221,34.59476221,9.222160769999998e-06
28,16,59.41445444,34.59476221,34.59476221,9.222160769999998e-06
28,17,59.41445444,34.59476221,34.59476221,9.222160769999998e-06
28,18,59.41445444,34.59476221,34.59476221,9.222160769999998e-06
28,19,59.41445444,34.59476221,34.59476221,9.222160769999998e-06
28,20,59.41445444,34.59476221,34.59476221,9.222160769999998e-06
29,1,23.384976619,49.71241373320001,48.396041877490006,1.88858257e-06
29,2,23.384976619,48.396041877490006,47.079670021780004,1.88858257e-06
29,3,23.384976619,47.079670021780004,45.76329816607,1.88858257e-06
29,4,23.384976619,45.76329816607,44.44692631036,1.88858257e-06
29,5,23.384976619,44.44692631036,43.130554454649996,1.88858257e-06
29,6,23.384976619,43.130554454649996,41.81418259893999,1.88858257e-06
29,7,23.384976619,41.81418259893999,40.49781074322999,1.88858257e-06
29,8,23.384976619,40.49781074322999,39.18143888751999,1.88858257e-06
29,9,23.384976619,39.18143888751999,37.865067031809986,1.88858257e-06
29,10,23.384976619,37.865067031809986,36.54869517609998,1.88858257e-06
29,11,23.384976619,36.54869517609998,35.23232332038998,1.88858257e-06
29,12,23.384976619,35.23232332038998,33.91595146467998,1.88858257e-06
29,13,23.384976619,33.91595146467998,32.599579608969975,1.88858257e-06
29,14,23.384976619,32.599579608969975,31.283207753259973,1.88858257e-06
29,15,23.384976619,31.283207753259973,29.96683589754997,1.88858257e-06
29,16,23.384976619,29.96683589754997,28.650464041839967,1.88858257e-06
29,17,23.384976619,28.650464041839967,27.334092186129965,1.88858257e-06
29,18,23.384976619,27.334092186129965,26.017720330419962,1.88858257e-06
29,19,23.384976619,26.017720330419962,24.70134847470996,1.88858257e-06
29,20,23.384976619,24.70134847470996,23.384976618999957,1.88858257e-06
30,1,297.6763949,32.38034706999999,32.38034706999999,3.94990184e-06
30,2,297.6763949,32.38034706999999,32.38034706999999,3.94990184e-06
30,3,297.6763949,32.38034706999999,32.38034706999999,3.94990184e-06
30,4,297.6763949,32.38034706999999,32.38034706999999,3.94990184e-06
30,5,297.6763949,32.38034706999999,32.38034706999999,3.94990184e-06
30,6,297.6763949,32.38034706999999,32.38034706999999,3.94990184e-06
30,7,297.6763949,32.38034706999999,32.38034706999999,3.94990184e-06
30,8,297.6763949,32.38034706999999,32.38034706999999,3.94990184e-06
30,9,297.6763949,32.38034706999999,32.38034706999999,3.94990184e-06
30,10,297.6763949,32.38034706999999,32.38034706999999,3.94990184e-06
30,11,297.6763949,32.38034706999999,32.38034706999999,3.94990184e-06
30,12,297.6763949,32.38034706999999,32.38034706999999,3.94990184e-06
30,13,297.6763949,32.38034706999999,32.38034706999999,3.94990184e-06
30,14,297.6763949,32.38034706999999,32.38034706999999,3.94990184e-06
30,15,297.6763949,32.38034706999999,32.38034706999999,3.94990184e-06
30,16,297.6763949,32.38034706999999,32.38034706999999,3.94990184e-06
30,17,297.6763949,32.38034706999999,32.38034706999999,3.94990184e-06
30,18,297.6763949,32.38034706999999,32.38034706999999,3.94990184e-06
30,19,297.6763949,32.38034706999999,32.38034706999999,3.94990184e-06
30,20,297.6763949,32.38034706999999,32.38034706999999,3.94990184e-06
31,1,72.79435976,76.47858585899999,76.29437455405,1.41944599e-06
31,2,72.79435976,76.29437455405,76.1101632491,1.41944599e-06
31,3,72.79435976,76.1101632491,75.92595194415,1.41944599e-06
31,4,72.79435976,75.92595194415,75.7417406392,1.41944599e-06
31,5,72.79435976,75.7417406392,75.55752933425,1.41944599e-06
31,6,72.79435976,75.55752933425,75.37331802930001,1.41944599e-06
31,7,72.79435976,75.37331802930001,75.18910672435001,1.41944599e-06
31,8,72.79435976,75.18910672435001,75.00489541940001,1.41944599e-06
31,9,72.79435976,75.00489541940001,74.82068411445002,1.41944599e-06
31,10,72.79435976,74.82068411445002,74.63647280950002,1.41944599e-06
31,11,72.79435976,74.63647280950002,74.45226150455002,1.41944599e-06
31,12,72.79435976,74.45226150455002,74.26805019960003,1.41944599e-06
31,13,72.79435976,74.26805019960003,74.08383889465003,1.41944599e-06
31,14,72.79435976,74.08383889465003,73.89962758970003,1.41944599e-06
31,15,72.79435976,73.89962758970003,73.71541628475003,1.41944599e-06
31,16,72.79435976,73.71541628475003,73.53120497980004,1.41944599e-06
31,17,72.79435976,73.53120497980004,73.34699367485004,1.41944599e-06
31,18,72.79435976,73.34699367485004,73.16278236990004,1.41944599e-06
31,19,72.79435976,73.16278236990004,72.97857106495005,1.41944599e-06
31,20,72.79435976,72.97857106495005,72.79435976000005,1.41944599e-06
32,1,450.24609266999994,784.62039391,767.901678848,1.7500236699999999e-06
32,2,450.24609266999994,767.901678848,751.182963786,1.7500236699999999e-06
32,3,450.24609266999994,751.182963786,734.464248724,1.7500236699999999e-06
32,4,450.24609266999994,734.464248724,717.745533662,1.7500236699999999e-06
32,5,450.24609266999994,717.745533662,701.0268186,1.7500236699999999e-06
32,6,450.24609266999994,701.0268186,684.308103538,1.7500236699999999e-06
32,7,450.24609266999994,684.308103538,667.589388476,1.7500236699999999e-06
32,8,450.24609266999994,667.589388476,650.870673414,1.7500236699999999e-06
32,9,450.24609266999994,650.870673414,634.151958352,1.7500236699999999e-06
32,10,450.24609266999994,634.151958352,617.43324329,1.7500236699999999e-06
32,11,450.24609266999994,617.43324329,600.714528228,1.7500236699999999e-06
32,12,450.24609266999994,600.714528228,583.995813166,1.7500236699999999e-06
32,13,450.24609266999994,583.995813166,567.277098104,1.7500236699999999e-06
32,14,450.24609266999994,567.277098104,550.558383042,1.7500236699999999e-06
32,15,450.24609266999994,550.558383042,533.83966798,1.7500236699999999e-06
32,16,450.24609266999994,533.83966798,517.120952918,1.7500236699999999e-06
32,17,450.24609266999994,517.120952918,500.40223785599994,1.7500236699999999e-06
32,18,450.24609266999994,500.40223785599994,483.68352279399994,1.7500236699999999e-06
32,19,450.24609266999994,483.68352279399994,466.96480773199994,1.7500236699999999e-06
32,20,450.24609266999994,466.96480773199994,450.24609266999994,1.7500236699999999e-06
33,1,42.016915249,96.93702667000001,94.19102109895,1.314784e-05
33,2,42.016915249,94.19102109895,91.4450155279,1.314784e-05
33,3,42.016915249,91.4450155279,88.69900995684999,1.314784e-05
33,4,42.016915249,88.69900995684999,85.95300438579999,1.314784e-05
33,5,42.016915249,85.95300438579999,83.20699881474998,1.314784e-05
33,6,42.016915249,83.20699881474998,80.46099324369997,1.314784e-05
33,7,42.016915249,80.46099324369997,77.71498767264997,1.314784e-05
33,8,42.016915249,77.71498767264997,74.96898210159996,1.314784e-05
33,9,42.016915249,74.96898210159996,72.22297653054996,1.314784e-05
33,10,42.016915249,72.22297653054996,69.47697095949995,1.314784e-05
33,11,42.016915249,69.47697095949995,66.73096538844995,1.314784e-05
33,12,42.016915249,66.73096538844995,63.98495981739994,1.314784e-05
33,13,42.016915249,63.98495981739994,61.238954246349934,1.314784e-05
33,14,42.016915249,61.238954246349934,58.49294867529993,1.314784e-05
33,15,42.016915249,58.49294867529993,55.74694310424992,1.314784e-05
33,16,42.016915249,55.74694310424992,53.00093753319992,1.314784e-05
33,17,42.016915249,53.00093753319992,50.25493196214991,1.314784e-05
33,18,42.016915249,50.25493196214991,47.508926391099905,1.314784e-05
33,19,42.016915249,47.508926391099905,44.7629208200499,1.314784e-05
33,20,42.016915249,44.7629208200499,42.016915248999894,1.314784e-05
34,1,635.5491263299999,450.24609266999994,450.24609266999994,1.20401842e-06
34,2,635.5491263299999,450.24609266999994,450.24609266999994,1.20401842e-06
34,3,635.5491263299999,450.24609266999994,450.24609266999994,1.20401842e-06
34,4,635.5491263299999,450.24609266999994,450.24609266999994,1.20401842e-06
34,5,635.5491263299999,450.24609266999994,450.24609266999994,1.20401842e-06
34,6,635.5491263299999,450.24609266999994,450.24609266999994,1.20401842e-06
34,7,635.5491263299999,450.24609266999994,450.24609266999994,1.20401842e-06
34,8,635.5491263299999,450.24609266999994,450.24609266999994,1.20401842e-06
34,9,635.5491263299999,450.24609266999994,450.24609266999994,1.20401842e-06
34,10,635.5491263299999,450.24609266999994,450.24609266999994,1.20401842e-06
34,11,635.5491263299999,450.24609266999994,450.24609266999994,1.20401842e-06
34,12,635.5491263299999,450.24609266999994,450.24609266999994,1.20401842e-06
34,13,635.5491263299999,450.24609266999994,450.24609266999994,1.20401842e-06
34,14,635.5491263299999,450.24609266999994,450.24609266999994,1.20401842e-06
34,15,635.5491263299999,450.24609266999994,450.24609266999994,1.20401842e-06
34,16,635.5491263299999,450.24609266999994,450.24609266999994,1.20401842e-06
34,17,635.5491263299999,450.24609266999994,450.24609266999994,1.20401842e-06
34,18,635.5491263299999,450.24609266999994,450.24609266999994,1.20401842e-06
34,19,635.5491263299999,450.24609266999994,450.24609266999994,1.20401842e-06
34,20,635.5491263299999,450.24609266999994,450.24609266999994,1.20401842e-06
35,1,640.7984193,635.5491263299999,635.5491263299999,3.4190718e-05
35,2,640.7984193,635.5491263299999,635.5491263299999,3.4190718e-05
35,3,640.7984193,635.5491263299999,635.5491263299999,3.4190718e-05
35,4,640.7984193,635.5491263299999,635.5491263299999,3.4190718e-05
35,5,640.7984193,635.5491263299999,635.5491263299999,3.4190718e-05
35,6,640.7984193,635.5491263299999,635.5491263299999,3.4190718e-05
35,7,640.7984193,635.5491263299999,635.5491263299999,3.4190718e-05
35,8,640.7984193,635.5491263299999,635.5491263299999,3.4190718e-05
35,9,640.7984193,635.5491263299999,635.5491263299999,3.4190718e-05
35,10,640.7984193,635.5491263299999,635.5491263299999,3.4190718e-05
35,11,640.7984193,635.5491263299999,635.5491263299999,3.4190718e-05
35,12,640.7984193,635.5491263299999,635.5491263299999,3.4190718e-05
35,13,640.7984193,635.5491263299999,635.5491263299999,3.4190718e-05
35,14,640.7984193,635.5491263299999,635.5491263299999,3.4190718e-05
35,15,640.7984193,635.5491263299999,635.5491263299999,3.4190718e-05
35,16,640.7984193,635.5491263299999,635.5491263299999,3.4190718e-05
35,17,640.7984193,635.5491263299999,635.5491263299999,3.4190718e-05
35,18,640.7984193,635.5491263299999,635.5491263299999,3.4190718e-05
35,19,640.7984193,635.5491263299999,635.5491263299999,3.4190718e-05
35,20,640.7984193,635.5491263299999,635.5491263299999,3.4190718e-05
36,1,1973.402195,700.21287374,700.21287374,2.28203844e-05
36,2,1973.402195,700.21287374,700.21287374,2.28203844e-05
36,3,1973.402195,700.21287374,700.21287374,2.28203844e-05
36,4,1973.402195,700.21287374,700.21287374,2.28203844e-05
36,5,1973.402195,700.21287374,700.21287374,2.28203844e-05
36,6,1973.402195,700.21287374,700.21287374,2.28203844e-05
36,7,1973.402195,700.21287374,700.21287374,2.28203844e-05
36,8,1973.402195,700.21287374,700.21287374,2.28203844e-05
36,9,1973.402195,700.21287374,700.21287374,2.28203844e-05
36,10,1973.402195,700.21287374,700.21287374,2.28203844e-05
36,11,1973.402195,700.21287374,700.21287374,2.28203844e-05
36,12,1973.402195,700.21287374,700.21287374,2.28203844e-05
36,13,1973.402195,700.21287374,700.21287374,2.28203844e-05
36,14,1973.402195,700.21287374,700.21287374,2.28203844e-05
36,15,1973.402195,700.21287374,700.21287374,2.28203844e-05
36,16,1973.402195,700.21287374,700.21287374,2.28203844e-05
36,17,1973.402195,700.21287374,700.21287374,2.28203844e-05
36,18,1973.402195,700.21287374,700.21287374,2.28203844e-05
36,19,1973.402195,700.21287374,700.21287374,2.28203844e-05
36,20,1973.402195,700.21287374,700.21287374,2.28203844e-05
37,1,2160.5927359999996,1973.402195,1973.402195,9.237143670000001e-07
37,2,2160.5927359999996,1973.402195,1973.402195,9.237143670000001e-07
37,3,2160.5927359999996,1973.402195,1973.402195,9.237143670000001e-07
37,4,2160.5927359999996,1973.402195,1973.402195,9.237143670000001e-07
37,5,2160.5927359999996,1973.402195,1973.402195,9.237143670000001e-07
37,6,2160.5927359999996,1973.402195,1973.402195,9.237143670000001e-07
37,7,2160.5927359999996,1973.402195,1973.402195,9.237143670000001e-07
37,8,2160.5927359999996,1973.402195,1973.402195,9.237143670000001e-07
37,9,2160.5927359999996,1973.402195,1973.402195,9.237143670000001e-07
37,10,2160.5927359999996,1973.402195,1973.402195,9.237143670000001e-07
37,11,2160.5927359999996,1973.402195,1973.402195,9.237143670000001e-07
37,12,2160.5927359999996,1973.402195,1973.402195,9.237143670000001e-07
37,13,2160.5927359999996,1973.402195,1973.402195,9.237143670000001e-07
37,14,2160.5927359999996,1973.402195,1973.402195,9.237143670000001e-07
37,15,2160.5927359999996,1973.402195,1973.402195,9.237143670000001e-07
37,16,2160.5927359999996,1973.402195,1973.402195,9.237143670000001e-07
37,17,2160.5927359999996,1973.402195,1973.402195,9.237143670000001e-07
37,18,2160.5927359999996,1973.402195,1973.402195,9.237143670000001e-07
37,19,2160.5927359999996,1973.402195,1973.402195,9.237143670000001e-07
37,20,2160.5927359999996,1973.402195,1973.402195,9.237143670000001e-07
38,1,2927.3220349999997,2160.5927359999996,2160.5927359999996,1.3486553600000002e-06
38,2,2927.3220349999997,2160.5927359999996,2160.5927359999996,1.3486553600000002e-06
38,3,2927.3220349999997,2160.5927359999996,2160.5927359999996,1.3486553600000002e-06
38,4,2927.3220349999997,2160.5927359999996,2160.5927359999996,1.3486553600000002e-06
38,5,2927.3220349999997,2160.5927359999996,2160.5927359999996,1.3486553600000002e-06
38,6,2927.3220349999997,2160.5927359999996,2160.5927359999996,1.3486553600000002e-06
38,7,2927.3220349999997,2160.5927359999996,2160.5927359999996,1.3486553600000002e-06
38,8,2927.3220349999997,2160.5927359999996,2160.5927359999996,1.3486553600000002e-06
38,9,2927.3220349999997,2160.5927359999996,2160.5927359999996,1.3486553600000002e-06
38,10,2927.3220349999997,2160.5927359999996,2160.5927359999996,1.3486553600000002e-06
38,11,2927.3220349999997,2160.5927359999996,2160.5927359999996,1.3486553600000002e-06
38,12,2927.3220349999997,2160.5927359999996,2160.5927359999996,1.3486553600000002e-06
38,13,2927.3220349999997,2160.5927359999996,2160.5927359999996,1.3486553600000002e-06
38,14,2927.3220349999997,2160.5927359999996,2160.5927359999996,1.3486553600000002e-06
38,15,2927.3220349999997,2160.5927359999996,2160.5927359999996,1.3486553600000002e-06
38,16,2927.3220349999997,2160.5927359999996,2160.5927359999996,1.3486553600000002e-06
38,17,2927.3220349999997,2160.5927359999996,2160.5927359999996,1.3486553600000002e-06
38,18,2927.3220349999997,2160.5927359999996,2160.5927359999996,1.3486553600000002e-06
38,19,2927.3220349999997,2160.5927359999996,2160.5927359999996,1.3486553600000002e-06
38,20,2927.3220349999997,2160.5927359999996,2160.5927359999996,1.3486553600000002e-06
39,1,3281.752125,2927.3220349999997,2927.3220349999997,4.42539232e-07
39,2,3281.752125,2927.3220349999997,2927.3220349999997,4.42539232e-07
39,3,3281.752125,2927.3220349999997,2927.3220349999997,4.42539232e-07
39,4,3281.752125,2927.3220349999997,2927.3220349999997,4.42539232e-07
39,5,3281.752125,2927.3220349999997,2927.3220349999997,4.42539232e-07
39,6,3281.752125,2927.3220349999997,2927.3220349999997,4.42539232e-07
39,7,3281.752125,2927.3220349999997,2927.3220349999997,4.42539232e-07
39,8,3281.752125,2927.3220349999997,2927.3220349999997,4.42539232e-07
39,9,3281.752125,2927.3220349999997,2927.3220349999997,4.42539232e-07
39,10,3281.752125,2927.3220349999997,2927.3220349999997,4.42539232e-07
39,11,3281.752125,2927.3220349999997,2927.3220349999997,4.42539232e-07
39,12,3281.752125,2927.3220349999997,2927.3220349999997,4.42539232e-07
39,13,3281.752125,2927.3220349999997,2927.3220349999997,4.42539232e-07
39,14,3281.752125,2927.3220349999997,2927.3220349999997,4.42539232e-07
39,15,3281.752125,2927.3220349999997,2927.3220349999997,4.42539232e-07
39,16,3281.752125,2927.3220349999997,2927.3220349999997,4.42539232e-07
39,17,3281.752125,2927.3220349999997,2927.3220349999997,4.42539232e-07
39,18,3281.752125,2927.3220349999997,2927.3220349999997,4.42539232e-07
39,19,3281.752125,2927.3220349999997,2927.3220349999997,4.42539232e-07
39,20,3281.752125,2927.3220349999997,2927.3220349999997,4.42539232e-07
40,1,3422.223267,3281.752125,3281.752125,3.2660133e-05
40,2,3422.223267,3281.752125,3281.752125,3.2660133e-05
40,3,3422.223267,3281.752125,3281.752125,3.2660133e-05
40,4,3422.223267,3281.752125,3281.752125,3.2660133e-05
40,5,3422.223267,3281.752125,3281.752125,3.2660133e-05
40,6,3422.223267,3281.752125,3281.752125,3.2660133e-05
40,7,3422.223267,3281.752125,3281.752125,3.2660133e-05
40,8,3422.223267,3281.752125,3281.752125,3.2660133e-05
40,9,3422.223267,3281.752125,3281.752125,3.2660133e-05
40,10,3422.223267,3281.752125,3281.752125,3.2660133e-05
40,11,3422.223267,3281.752125,3281.752125,3.2660133e-05
40,12,3422.223267,3281.752125,3281.752125,3.2660133e-05
40,13,3422.223267,3281.752125,3281.752125,3.2660133e-05
40,14,3422.223267,3281.752125,3281.752125,3.2660133e-05
40,15,3422.223267,3281.752125,3281.752125,3.2660133e-05
40,16,3422.223267,3281.752125,3281.752125,3.2660133e-05
40,17,3422.223267,3281.752125,3281.752125,3.2660133e-05
40,18,3422.223267,3281.752125,3281.752125,3.2660133e-05
40,19,3422.223267,3281.752125,3281.752125,3.2660133e-05
40,20,3422.223267,3281.752125,3281.752125,3.2660133e-05
41,1,3638.9959710000003,3422.223267,3422.223267,6.94271421e-07
41,2,3638.9959710000003,3422.223267,3422.223267,6.94271421e-07
41,3,3638.9959710000003,3422.223267,3422.223267,6.94271421e-07
41,4,3638.9959710000003,3422.223267,3422.223267,6.94271421e-07
41,5,3638.9959710000003,3422.223267,3422.223267,6.94271421e-07
41,6,3638.9959710000003,3422.223267,3422.223267,6.94271421e-07
41,7,3638.9959710000003,3422.223267,3422.223267,6.94271421e-07
41,8,3638.9959710000003,3422.223267,3422.223267,6.94271421e-07
41,9,3638.9959710000003,3422.223267,3422.223267,6.94271421e-07
41,10,3638.9959710000003,3422.223267,3422.223267,6.94271421e-07
41,11,3638.9959710000003,3422.223267,3422.223267,6.94271421e-07
41,12,3638.9959710000003,3422.223267,3422.223267,6.94271421e-07
41,13,3638.9959710000003,3422.223267,3422.223267,6.94271421e-07
41,14,3638.9959710000003,3422.223267,3422.223267,6.94271421e-07
41,15,3638.9959710000003,3422.223267,3422.223267,6.94271421e-07
41,16,3638.9959710000003,3422.223267,3422.223267,6.94271421e-07
41,17,3638.9959710000003,3422.223267,3422.223267,6.94271421e-07
41,18,3638.9959710000003,3422.223267,3422.223267,6.94271421e-07
41,19,3638.9959710000003,3422.223267,3422.223267,6.94271421e-07
41,20,3638.9959710000003,3422.223267,3422.223267,6.94271421e-07
42,1,4115.811133,3638.9959710000003,3638.9959710000003,3.4197200899999995e-06
42,2,4115.811133,3638.9959710000003,3638.9959710000003,3.4197200899999995e-06
42,3,4115.811133,3638.9959710000003,3638.9959710000003,3.4197200899999995e-06
42,4,4115.811133,3638.9959710000003,3638.9959710000003,3.4197200899999995e-06
42,5,4115.811133,3638.9959710000003,3638.9959710000003,3.4197200899999995e-06
42,6,4115.811133,3638.9959710000003,3638.9959710000003,3.4197200899999995e-06
42,7,4115.811133,3638.9959710000003,3638.9959710000003,3.4197200899999995e-06
42,8,4115.811133,3638.9959710000003,3638.9959710000003,3.4197200899999995e-06
42,9,4115.811133,3638.9959710000003,3638.9959710000003,3.4197200899999995e-06
42,10,4115.811133,3638.9959710000003,3638.9959710000003,3.4197200899999995e-06
42,11,4115.811133,3638.9959710000003,3638.9959710000003,3.4197200899999995e-06
42,12,4115.811133,3638.9959710000003,3638.9959710000003,3.4197200899999995e-06
42,13,4115.811133,3638.9959710000003,3638.9959710000003,3.4197200899999995e-06
42,14,4115.811133,3638.9959710000003,3638.9959710000003,3.4197200899999995e-06
42,15,4115.811133,3638.9959710000003,3638.9959710000003,3.4197200899999995e-06
42,16,4115.811133,3638.9959710000003,3638.9959710000003,3.4197200899999995e-06
42,17,4115.811133,3638.9959710000003,3638.9959710000003,3.4197200899999995e-06
42,18,4115.811133,3638.9959710000003,3638.9959710000003,3.4197200899999995e-06
42,19,4115.811133,3638.9959710000003,3638.9959710000003,3.4197200899999995e-06
42,20,4115.811133,3638.9959710000003,3638.9959710000003,3.4197200899999995e-06
43,1,5027.263818,4115.811133,4115.811133,7.42420934e-06
43,2,5027.263818,4115.811133,4115.811133,7.42420934e-06
43,3,5027.263818,4115.811133,4115.811133,7.42420934e-06
43,4,5027.263818,4115.811133,4115.811133,7.42420934e-06
43,5,5027.263818,4115.811133,4115.811133,7.42420934e-06
43,6,5027.263818,4115.811133,4115.811133,7.42420934e-06
43,7,5027.263818,4115.811133,4115.811133,7.42420934e-06
43,8,5027.263818,4115.811133,4115.811133,7.42420934e-06
43,9,5027.263818,4115.811133,4115.811133,7.42420934e-06
43,10,5027.263818,4115.811133,4115.811133,7.42420934e-06
43,11,5027.263818,4115.811133,4115.811133,7.42420934e-06
43,12,5027.263818,4115.811133,4115.811133,7.42420934e-06
43,13,5027.263818,4115.811133,4115.811133,7.42420934e-06
43,14,5027.263818,4115.811133,4115.811133,7.42420934e-06
43,15,5027.263818,4115.811133,4115.811133,7.42420934e-06
43,16,5027.263818,4115.811133,4115.811133,7.42420934e-06
43,17,5027.263818,4115.811133,4115.811133,7.42420934e-06
43,18,5027.263818,4115.811133,4115.811133,7.42420934e-06
43,19,5027.263818,4115.811133,4115.811133,7.42420934e-06
43,20,5027.263818,4115.811133,4115.811133,7.42420934e-06
44,1,5011.897118,5027.263818,5026.495483000001,2.3069904300000003e-05
44,2,5011.897118,5026.495483000001,5025.727148000001,2.3069904300000003e-05
44,3,5011.897118,5025.727148000001,5024.958813000001,2.3069904300000003e-05
44,4,5011.897118,5024.958813000001,5024.190478000001,2.3069904300000003e-05
44,5,5011.897118,5024.190478000001,5023.422143000002,2.3069904300000003e-05
44,6,5011.897118,5023.422143000002,5022.653808000002,2.3069904300000003e-05
44,7,5011.897118,5022.653808000002,5021.885473000002,2.3069904300000003e-05
44,8,5011.897118,5021.885473000002,5021.117138000002,2.3069904300000003e-05
44,9,5011.897118,5021.117138000002,5020.348803000003,2.3069904300000003e-05
44,10,5011.897118,5020.348803000003,5019.580468000003,2.3069904300000003e-05
44,11,5011.897118,5019.580468000003,5018.812133000003,2.3069904300000003e-05
44,12,5011.897118,5018.812133000003,5018.043798000003,2.3069904300000003e-05
44,13,5011.897118,5018.043798000003,5017.275463000004,2.3069904300000003e-05
44,14,5011.897118,5017.275463000004,5016.507128000004,2.3069904300000003e-05
44,15,5011.897118,5016.507128000004,5015.738793000004,2.3069904300000003e-05
44,16,5011.897118,5015.738793000004,5014.970458000004,2.3069904300000003e-05
44,17,5011.897118,5014.970458000004,5014.202123000005,2.3069904300000003e-05
44,18,5011.897118,5014.202123000005,5013.433788000005,2.3069904300000003e-05
44,19,5011.897118,5013.433788000005,5012.665453000005,2.3069904300000003e-05
44,20,5011.897118,5012.665453000005,5011.897118000005,2.3069904300000003e-05
45,1,4761.139794,5011.897118,4999.3592518,1.15008925e-05
45,2,4761.139794,4999.3592518,4986.821385599999,1.15008925e-05
45,3,4761.139794,4986.821385599999,4974.283519399999,1.15008925e-05
45,4,4761.139794,4974.283519399999,4961.745653199999,1.15008925e-05
45,5,4761.139794,4961.745653199999,4949.2077869999985,1.15008925e-05
45,6,4761.139794,4949.2077869999985,4936.669920799998,1.15008925e-05
45,7,4761.139794,4936.669920799998,4924.132054599998,1.15008925e-05
45,8,4761.139794,4924.132054599998,4911.594188399998,1.15008925e-05
45,9,4761.139794,4911.594188399998,4899.056322199997,1.15008925e-05
45,10,4761.139794,4899.056322199997,4886.518455999997,1.15008925e-05
45,11,4761.139794,4886.518455999997,4873.980589799997,1.15008925e-05
45,12,4761.139794,4873.980589799997,4861.4427235999965,1.15008925e-05
45,13,4761.139794,4861.4427235999965,4848.904857399996,1.15008925e-05
45,14,4761.139794,4848.904857399996,4836.366991199996,1.15008925e-05
45,15,4761.139794,4836.366991199996,4823.829124999996,1.15008925e-05
45,16,4761.139794,4823.829124999996,4811.291258799995,1.15008925e-05
45,17,4761.139794,4811.291258799995,4798.753392599995,1.15008925e-05
45,18,4761.139794,4798.753392599995,4786.215526399995,1.15008925e-05
45,19,4761.139794,4786.215526399995,4773.6776601999945,1.15008925e-05
45,20,4761.139794,4773.6776601999945,4761.139793999994,1.15008925e-05
46,1,4293.045679000001,4761.139794,4737.7350882499995,9.022460290000001e-05
46,2,4293.045679000001,4737.7350882499995,4714.330382499999,9.022460290000001e-05
46,3,4293.045679000001,4714.330382499999,4690.925676749999,9.022460290000001e-05
46,4,4293.045679000001,4690.925676749999,4667.520970999999,9.022460290000001e-05
46,5,4293.045679000001,4667.520970999999,4644.116265249999,9.022460290000001e-05
46,6,4293.045679000001,4644.116265249999,4620.711559499999,9.022460290000001e-05
46,7,4293.045679000001,4620.711559499999,4597.3068537499985,9.022460290000001e-05
46,8,4293.045679000001,4597.3068537499985,4573.902147999998,9.022460290000001e-05
46,9,4293.045679000001,4573.902147999998,4550.497442249998,9.022460290000001e-05
46,10,4293.045679000001,4550.497442249998,4527.092736499998,9.022460290000001e-05
46,11,4293.045679000001,4527.092736499998,4503.688030749998,9.022460290000001e-05
46,12,4293.045679000001,4503.688030749998,4480.283324999998,9.022460290000001e-05
46,13,4293.045679000001,4480.283324999998,4456.878619249997,9.022460290000001e-05
46,14,4293.045679000001,4456.878619249997,4433.473913499997,9.022460290000001e-05
46,15,4293.045679000001,4433.473913499997,4410.069207749997,9.022460290000001e-05
46,16,4293.045679000001,4410.069207749997,4386.664501999997,9.022460290000001e-05
46,17,4293.045679000001,4386.664501999997,4363.259796249997,9.022460290000001e-05
46,18,4293.045679000001,4363.259796249997,4339.855090499997,9.022460290000001e-05
46,19,4293.045679000001,4339.855090499997,4316.450384749996,9.022460290000001e-05
46,20,4293.045679000001,4316.450384749996,4293.045678999996,9.022460290000001e-05
47,1,22622.181553914517,8265.646991411073,8265.646991411073,2.4860228200000003e-05
47,2,22622.181553914517,8265.646991411073,8265.646991411073,2.4860228200000003e-05
47,3,22622.181553914517,8265.646991411073,8265.646991411073,2.4860228200000003e-05
47,4,22622.181553914517,8265.646991411073,8265.646991411073,2.4860228200000003e-05
47,5,22622.181553914517,8265.646991411073,8265.646991411073,2.4860228200000003e-05
47,6,22622.181553914517,8265.646991411073,8265.646991411073,2.4860228200000003e-05
47,7,22622.181553914517,8265.646991411073,8265.646991411073,2.4860228200000003e-05
47,8,22622.181553914517,8265.646991411073,8265.646991411073,2.4860228200000003e-05
47,9,22622.181553914517,8265.646991411073,8265.646991411073,2.4860228200000003e-05
47,10,22622.181553914517,8265.646991411073,8265.646991411073,2.4860228200000003e-05
47,11,22622.181553914517,8265.646991411073,8265.646991411073,2.4860228200000003e-05
47,12,22622.181553914517,8265.646991411073,8265.646991411073,2.4860228200000003e-05
47,13,22622.181553914517,8265.646991411073,8265.646991411073,2.4860228200000003e-05
47,14,22622.181553914517,8265.646991411073,8265.646991411073,2.4860228200000003e-05
47,15,22622.181553914517,8265.646991411073,8265.646991411073,2.4860228200000003e-05
47,16,22622.181553914517,8265.646991411073,8265.646991411073,2.4860228200000003e-05
47,17,22622.181553914517,8265.646991411073,8265.646991411073,2.4860228200000003e-05
47,18,22622.181553914517,8265.646991411073,8265.646991411073,2.4860228200000003e-05
47,19,22622.181553914517,8265.646991411073,8265.646991411073,2.4860228200000003e-05
47,20,22622.181553914517,8265.646991411073,8265.646991411073,2.4860228200000003e-05
48,1,4366.506836,22622.181553914517,21709.39781801879,4.0311919299999996e-05
48,2,4366.506836,21709.39781801879,20796.614082123066,4.0311919299999996e-05
48,3,4366.506836,20796.614082123066,19883.83034622734,4.0311919299999996e-05
48,4,4366.506836,19883.83034622734,18971.046610331614,4.0311919299999996e-05
48,5,4366.506836,18971.046610331614,18058.262874435888,4.0311919299999996e-05
48,6,4366.506836,18058.262874435888,17145.479138540162,4.0311919299999996e-05
48,7,4366.506836,17145.479138540162,16232.695402644436,4.0311919299999996e-05
48,8,4366.506836,16232.695402644436,15319.91166674871,4.0311919299999996e-05
48,9,4366.506836,15319.91166674871,14407.127930852985,4.0311919299999996e-05
48,10,4366.506836,14407.127930852985,13494.344194957259,4.0311919299999996e-05
48,11,4366.506836,13494.344194957259,12581.560459061533,4.0311919299999996e-05
48,12,4366.506836,12581.560459061533,11668.776723165807,4.0311919299999996e-05
48,13,4366.506836,11668.776723165807,10755.992987270081,4.0311919299999996e-05
48,14,4366.506836,10755.992987270081,9843.209251374356,4.0311919299999996e-05
48,15,4366.506836,9843.209251374356,8930.42551547863,4.0311919299999996e-05
48,16,4366.506836,8930.42551547863,8017.641779582904,4.0311919299999996e-05
48,17,4366.506836,8017.641779582904,7104.858043687178,4.0311919299999996e-05
48,18,4366.506836,7104.858043687178,6192.074307791452,4.0311919299999996e-05
48,19,4366.506836,6192.074307791452,5279.290571895726,4.0311919299999996e-05
48,20,4366.506836,5279.290571895726,4366.5068360000005,4.0311919299999996e-05
49,1,4307.510473,4366.506836,4363.557017849999,1.9880631e-06
49,2,4307.510473,4363.557017849999,4360.607199699999,1.9880631e-06
49,3,4307.510473,4360.607199699999,4357.657381549999,1.9880631e-06
49,4,4307.510473,4357.657381549999,4354.707563399998,1.9880631e-06
49,5,4307.510473,4354.707563399998,4351.757745249998,1.9880631e-06
49,6,4307.510473,4351.757745249998,4348.807927099998,1.9880631e-06
49,7,4307.510473,4348.807927099998,4345.858108949998,1.9880631e-06
49,8,4307.510473,4345.858108949998,4342.908290799997,1.9880631e-06
49,9,4307.510473,4342.908290799997,4339.958472649997,1.9880631e-06
49,10,4307.510473,4339.958472649997,4337.008654499997,1.9880631e-06
49,11,4307.510473,4337.008654499997,4334.058836349996,1.9880631e-06
49,12,4307.510473,4334.058836349996,4331.109018199996,1.9880631e-06
49,13,4307.510473,4331.109018199996,4328.159200049996,1.9880631e-06
49,14,4307.510473,4328.159200049996,4325.209381899996,1.9880631e-06
49,15,4307.510473,4325.209381899996,4322.259563749995,1.9880631e-06
49,16,4307.510473,4322.259563749995,4319.309745599995,1.9880631e-06
49,17,4307.510473,4319.309745599995,4316.359927449995,1.9880631e-06
49,18,4307.510473,4316.359927449995,4313.4101092999945,1.9880631e-06
49,19,4307.510473,4313.4101092999945,4310.460291149994,1.9880631e-06
49,20,4307.510473,4310.460291149994,4307.510472999994,1.9880631e-06
50,1,4460.292162,4349.527388249,4349.527388249,2.1405718100000005e-05
50,2,4460.292162,4349.527388249,4349.527388249,2.1405718100000005e-05
50,3,4460.292162,4349.527388249,4349.527388249,2.1405718100000005e-05
50,4,4460.292162,4349.527388249,4349.527388249,2.1405718100000005e-05
50,5,4460.292162,4349.527388249,4349.527388249,2.1405718100000005e-05
50,6,4460.292162,4349.527388249,4349.527388249,2.1405718100000005e-05
50,7,4460.292162,4349.527388249,4349.527388249,2.1405718100000005e-05
50,8,4460.292162,4349.527388249,4349.527388249,2.1405718100000005e-05
50,9,4460.292162,4349.527388249,4349.527388249,2.1405718100000005e-05
50,10,4460.292162,4349.527388249,4349.527388249,2.1405718100000005e-05
50,11,4460.292162,4349.527388249,4349.527388249,2.1405718100000005e-05
50,12,4460.292162,4349.527388249,4349.527388249,2.1405718100000005e-05
50,13,4460.292162,4349.527388249,4349.527388249,2.1405718100000005e-05
50,14,4460.292162,4349.527388249,4349.527388249,2.1405718100000005e-05
50,15,4460.292162,4349.527388249,4349.527388249,2.1405718100000005e-05
50,16,4460.292162,4349.527388249,4349.527388249,2.1405718100000005e-05
50,17,4460.292162,4349.527388249,4349.527388249,2.1405718100000005e-05
50,18,4460.292162,4349.527388249,4349.527388249,2.1405718100000005e-05
50,19,4460.292162,4349.527388249,4349.527388249,2.1405718100000005e-05
50,20,4460.292162,4349.527388249,4349.527388249,2.1405718100000005e-05
51,1,4482.008253000001,4460.292162,4460.292162,3.8101252400000002e-06
51,2,4482.008253000001,4460.292162,4460.292162,3.8101252400000002e-06
51,3,4482.008253000001,4460.292162,4460.292162,3.8101252400000002e-06
51,4,4482.008253000001,4460.292162,4460.292162,3.8101252400000002e-06
51,5,4482.008253000001,4460.292162,4460.292162,3.8101252400000002e-06
51,6,4482.008253000001,4460.292162,4460.292162,3.8101252400000002e-06
51,7,4482.008253000001,4460.292162,4460.292162,3.8101252400000002e-06
51,8,4482.008253000001,4460.292162,4460.292162,3.8101252400000002e-06
51,9,4482.008253000001,4460.292162,4460.292162,3.8101252400000002e-06
51,10,4482.008253000001,4460.292162,4460.292162,3.8101252400000002e-06
51,11,4482.008253000001,4460.292162,4460.292162,3.8101252400000002e-06
51,12,4482.008253000001,4460.292162,4460.292162,3.8101252400000002e-06
51,13,4482.008253000001,4460.292162,4460.292162,3.8101252400000002e-06
51,14,4482.008253000001,4460.292162,4460.292162,3.8101252400000002e-06
51,15,4482.008253000001,4460.292162,4460.292162,3.8101252400000002e-06
51,16,4482.008253000001,4460.292162,4460.292162,3.8101252400000002e-06
51,17,4482.008253000001,4460.292162,4460.292162,3.8101252400000002e-06
51,18,4482.008253000001,4460.292162,4460.292162,3.8101252400000002e-06
51,19,4482.008253000001,4460.292162,4460.292162,3.8101252400000002e-06
51,20,4482.008253000001,4460.292162,4460.292162,3.8101252400000002e-06
52,1,4505.3610100000005,4534.397542470001,4532.945715846501,1.7133248799999998e-06
52,2,4505.3610100000005,4532.945715846501,4531.493889223001,1.7133248799999998e-06
52,3,4505.3610100000005,4531.493889223001,4530.042062599501,1.7133248799999998e-06
52,4,4505.3610100000005,4530.042062599501,4528.590235976001,1.7133248799999998e-06
52,5,4505.3610100000005,4528.590235976001,4527.138409352501,1.7133248799999998e-06
52,6,4505.3610100000005,4527.138409352501,4525.686582729001,1.7133248799999998e-06
52,7,4505.3610100000005,4525.686582729001,4524.234756105501,1.7133248799999998e-06
52,8,4505.3610100000005,4524.234756105501,4522.782929482001,1.7133248799999998e-06
52,9,4505.3610100000005,4522.782929482001,4521.331102858501,1.7133248799999998e-06
52,10,4505.3610100000005,4521.331102858501,4519.879276235001,1.7133248799999998e-06
52,11,4505.3610100000005,4519.879276235001,4518.427449611501,1.7133248799999998e-06
52,12,4505.3610100000005,4518.427449611501,4516.975622988001,1.7133248799999998e-06
52,13,4505.3610100000005,4516.975622988001,4515.523796364501,1.7133248799999998e-06
52,14,4505.3610100000005,4515.523796364501,4514.071969741001,1.7133248799999998e-06
52,15,4505.3610100000005,4514.071969741001,4512.620143117501,1.7133248799999998e-06
52,16,4505.3610100000005,4512.620143117501,4511.168316494001,1.7133248799999998e-06
52,17,4505.3610100000005,4511.168316494001,4509.716489870501,1.7133248799999998e-06
52,18,4505.3610100000005,4509.716489870501,4508.264663247001,1.7133248799999998e-06
52,19,4505.3610100000005,4508.264663247001,4506.812836623501,1.7133248799999998e-06
52,20,4505.3610100000005,4506.812836623501,4505.361010000001,1.7133248799999998e-06
53,1,4550.420362,4505.3610100000005,4505.3610100000005,7.356873540000001e-05
53,2,4550.420362,4505.3610100000005,4505.3610100000005,7.356873540000001e-05
53,3,4550.420362,4505.3610100000005,4505.3610100000005,7.356873540000001e-05
53,4,4550.420362,4505.3610100000005,4505.3610100000005,7.356873540000001e-05
53,5,4550.420362,4505.3610100000005,4505.3610100000005,7.356873540000001e-05
53,6,4550.420362,4505.3610100000005,4505.3610100000005,7.356873540000001e-05
53,7,4550.420362,4505.3610100000005,4505.3610100000005,7.356873540000001e-05
53,8,4550.420362,4505.3610100000005,4505.3610100000005,7.356873540000001e-05
53,9,4550.420362,4505.3610100000005,4505.3610100000005,7.356873540000001e-05
53,10,4550.420362,4505.3610100000005,4505.3610100000005,7.356873540000001e-05
53,11,4550.420362,4505.3610100000005,4505.3610100000005,7.356873540000001e-05
53,12,4550.420362,4505.3610100000005,4505.3610100000005,7.356873540000001e-05
53,13,4550.420362,4505.3610100000005,4505.3610100000005,7.356873540000001e-05
53,14,4550.420362,4505.3610100000005,4505.3610100000005,7.356873540000001e-05
53,15,4550.420362,4505.3610100000005,4505.3610100000005,7.356873540000001e-05
53,16,4550.420362,4505.3610100000005,4505.3610100000005,7.356873540000001e-05
53,17,4550.420362,4505.3610100000005,4505.3610100000005,7.356873540000001e-05
53,18,4550.420362,4505.3610100000005,4505.3610100000005,7.356873540000001e-05
53,19,4550.420362,4505.3610100000005,4505.3610100000005,7.356873540000001e-05
53,20,4550.420362,4505.3610100000005,4505.3610100000005,7.356873540000001e-05
54,1,4825.549169,4550.420362,4550.420362,1.8885817800000002e-06
54,2,4825.549169,4550.420362,4550.420362,1.8885817800000002e-06
54,3,4825.549169,4550.420362,4550.420362,1.8885817800000002e-06
54,4,4825.549169,4550.420362,4550.420362,1.8885817800000002e-06
54,5,4825.549169,4550.420362,4550.420362,1.8885817800000002e-06
54,6,4825.549169,4550.420362,4550.420362,1.8885817800000002e-06
54,7,4825.549169,4550.420362,4550.420362,1.8885817800000002e-06
54,8,4825.549169,4550.420362,4550.420362,1.8885817800000002e-06
54,9,4825.549169,4550.420362,4550.420362,1.8885817800000002e-06
54,10,4825.549169,4550.420362,4550.420362,1.8885817800000002e-06
54,11,4825.549169,4550.420362,4550.420362,1.8885817800000002e-06
54,12,4825.549169,4550.420362,4550.420362,1.8885817800000002e-06
54,13,4825.549169,4550.420362,4550.420362,1.8885817800000002e-06
54,14,4825.549169,4550.420362,4550.420362,1.8885817800000002e-06
54,15,4825.549169,4550.420362,4550.420362,1.8885817800000002e-06
54,16,4825.549169,4550.420362,4550.420362,1.8885817800000002e-06
54,17,4825.549169,4550.420362,4550.420362,1.8885817800000002e-06
54,18,4825.549169,4550.420362,4550.420362,1.8885817800000002e-06
54,19,4825.549169,4550.420362,4550.420362,1.8885817800000002e-06
54,20,4825.549169,4550.420362,4550.420362,1.8885817800000002e-06
55,1,4832.520165,4825.549169,4825.549169,8.36210893e-06
55,2,4832.520165,4825.549169,4825.549169,8.36210893e-06
55,3,4832.520165,4825.549169,4825.549169,8.36210893e-06
55,4,4832.520165,4825.549169,4825.549169,8.36210893e-06
55,5,4832.520165,4825.549169,4825.549169,8.36210893e-06
55,6,4832.520165,4825.549169,4825.549169,8.36210893e-06
55,7,4832.520165,4825.549169,4825.549169,8.36210893e-06
55,8,4832.520165,4825.549169,4825.549169,8.36210893e-06
55,9,4832.520165,4825.549169,4825.549169,8.36210893e-06
55,10,4832.520165,4825.549169,4825.549169,8.36210893e-06
55,11,4832.520165,4825.549169,4825.549169,8.36210893e-06
55,12,4832.520165,4825.549169,4825.549169,8.36210893e-06
55,13,4832.520165,4825.549169,4825.549169,8.36210893e-06
55,14,4832.520165,4825.549169,4825.549169,8.36210893e-06
55,15,4832.520165,4825.549169,4825.549169,8.36210893e-06
55,16,4832.520165,4825.549169,4825.549169,8.36210893e-06
55,17,4832.520165,4825.549169,4825.549169,8.36210893e-06
55,18,4832.520165,4825.549169,4825.549169,8.36210893e-06
55,19,4832.520165,4825.549169,4825.549169,8.36210893e-06
55,20,4832.520165,4825.549169,4825.549169,8.36210893e-06
56,1,4699.399022,4832.520165,4825.8641078499995,3.4067409199999997e-06
56,2,4699.399022,4825.8641078499995,4819.208050699999,3.4067409199999997e-06
56,3,4699.399022,4819.208050699999,4812.551993549999,3.4067409199999997e-06
56,4,4699.399022,4812.551993549999,4805.895936399998,3.4067409199999997e-06
56,5,4699.399022,4805.895936399998,4799.239879249998,3.4067409199999997e-06
56,6,4699.399022,4799.239879249998,4792.583822099998,3.4067409199999997e-06
56,7,4699.399022,4792.583822099998,4785.927764949997,3.4067409199999997e-06
56,8,4699.399022,4785.927764949997,4779.271707799997,3.4067409199999997e-06
56,9,4699.399022,4779.271707799997,4772.6156506499965,3.4067409199999997e-06
56,10,4699.399022,4772.6156506499965,4765.959593499996,3.4067409199999997e-06
56,11,4699.399022,4765.959593499996,4759.303536349996,3.4067409199999997e-06
56,12,4699.399022,4759.303536349996,4752.647479199995,3.4067409199999997e-06
56,13,4699.399022,4752.647479199995,4745.991422049995,3.4067409199999997e-06
56,14,4699.399022,4745.991422049995,4739.335364899995,3.4067409199999997e-06
56,15,4699.399022,4739.335364899995,4732.679307749994,3.4067409199999997e-06
56,16,4699.399022,4732.679307749994,4726.023250599994,3.4067409199999997e-06
56,17,4699.399022,4726.023250599994,4719.3671934499935,3.4067409199999997e-06
56,18,4699.399022,4719.3671934499935,4712.711136299993,3.4067409199999997e-06
56,19,4699.399022,4712.711136299993,4706.055079149993,3.4067409199999997e-06
56,20,4699.399022,4706.055079149993,4699.399021999992,3.4067409199999997e-06
57,1,3187.235367196,7008.319150605999,6817.2649614355,2.28058502e-06
57,2,3187.235367196,6817.2649614355,6626.210772265,2.28058502e-06
57,3,3187.235367196,6626.210772265,6435.1565830945,2.28058502e-06
57,4,3187.235367196,6435.1565830945,6244.102393924,2.28058502e-06
57,5,3187.235367196,6244.102393924,6053.048204753501,2.28058502e-06
57,6,3187.235367196,6053.048204753501,5861.994015583001,2.28058502e-06
57,7,3187.235367196,5861.994015583001,5670.939826412501,2.28058502e-06
57,8,3187.235367196,5670.939826412501,5479.885637242001,2.28058502e-06
57,9,3187.235367196,5479.885637242001,5288.831448071502,2.28058502e-06
57,10,3187.235367196,5288.831448071502,5097.777258901002,2.28058502e-06
57,11,3187.235367196,5097.777258901002,4906.723069730502,2.28058502e-06
57,12,3187.235367196,4906.723069730502,4715.668880560002,2.28058502e-06
57,13,3187.235367196,4715.668880560002,4524.614691389503,2.28058502e-06
57,14,3187.235367196,4524.614691389503,4333.560502219003,2.28058502e-06
57,15,3187.235367196,4333.560502219003,4142.506313048503,2.28058502e-06
57,16,3187.235367196,4142.506313048503,3951.4521238780035,2.28058502e-06
57,17,3187.235367196,3951.4521238780035,3760.3979347075037,2.28058502e-06
57,18,3187.235367196,3760.3979347075037,3569.343745537004,2.28058502e-06
57,19,3187.235367196,3569.343745537004,3378.2895563665043,2.28058502e-06
57,20,3187.235367196,3378.2895563665043,3187.2353671960045,2.28058502e-06
58,1,4619.347412,3187.235367196,3187.235367196,1.1295512199999998e-05
58,2,4619.347412,3187.235367196,3187.235367196,1.1295512199999998e-05
58,3,4619.347412,3187.235367196,3187.235367196,1.1295512199999998e-05
58,4,4619.347412,3187.235367196,3187.235367196,1.1295512199999998e-05
58,5,4619.347412,3187.235367196,3187.235367196,1.1295512199999998e-05
58,6,4619.347412,3187.235367196,3187.235367196,1.1295512199999998e-05
58,7,4619.347412,3187.235367196,3187.235367196,1.1295512199999998e-05
58,8,4619.347412,3187.235367196,3187.235367196,1.1295512199999998e-05
58,9,4619.347412,3187.235367196,3187.235367196,1.1295512199999998e-05
58,10,4619.347412,3187.235367196,3187.235367196,1.1295512199999998e-05
58,11,4619.347412,3187.235367196,3187.235367196,1.1295512199999998e-05
58,12,4619.347412,3187.235367196,3187.235367196,1.1295512199999998e-05
58,13,4619.347412,3187.235367196,3187.235367196,1.1295512199999998e-05
58,14,4619.347412,3187.235367196,3187.235367196,1.1295512199999998e-05
58,15,4619.347412,3187.235367196,3187.235367196,1.1295512199999998e-05
58,16,4619.347412,3187.235367196,3187.235367196,1.1295512199999998e-05
58,17,4619.347412,3187.235367196,3187.235367196,1.1295512199999998e-05
58,18,4619.347412,3187.235367196,3187.235367196,1.1295512199999998e-05
58,19,4619.347412,3187.235367196,3187.235367196,1.1295512199999998e-05
58,20,4619.347412,3187.235367196,3187.235367196,1.1295512199999998e-05
