i,k,old_q,old_q_ch_in,old_q_ch_out,qlat_ch_old
1,1,0.00000000,0.00000000,0.00000000,-1.12676583E-02
1,2,0.00000000,0.00000000,0.00000000,-1.12676583E-02
1,3,0.00000000,0.00000000,0.00000000,-1.12676583E-02
1,4,0.00000000,0.00000000,0.00000000,-1.12676583E-02
1,5,0.00000000,0.00000000,0.00000000,-1.12676583E-02
1,6,0.00000000,0.00000000,0.00000000,-1.12676583E-02
1,7,0.00000000,0.00000000,0.00000000,-1.12676583E-02
1,8,0.00000000,0.00000000,0.00000000,-1.12676583E-02
1,9,0.00000000,0.00000000,0.00000000,-1.12676583E-02
1,10,0.00000000,0.00000000,0.00000000,-1.12676583E-02
1,11,0.00000000,0.00000000,0.00000000,-1.12676583E-02
1,12,0.00000000,0.00000000,0.00000000,-1.12676583E-02
1,13,0.00000000,0.00000000,0.00000000,-1.12676583E-02
1,14,0.00000000,0.00000000,0.00000000,-1.12676583E-02
1,15,0.00000000,0.00000000,0.00000000,-1.12676583E-02
1,16,0.00000000,0.00000000,0.00000000,-1.12676583E-02
1,17,0.00000000,0.00000000,0.00000000,-1.12676583E-02
1,18,0.00000000,0.00000000,0.00000000,-1.12676583E-02
1,19,0.00000000,0.00000000,0.00000000,-1.12676583E-02
1,20,0.00000000,0.00000000,0.00000000,-1.12676583E-02
2,1,0.00000000,0.00000000,0.00000000,-2.11370047E-02
2,2,0.00000000,0.00000000,0.00000000,-2.11370047E-02
2,3,0.00000000,0.00000000,0.00000000,-2.11370047E-02
2,4,0.00000000,0.00000000,0.00000000,-2.11370047E-02
2,5,0.00000000,0.00000000,0.00000000,-2.11370047E-02
2,6,0.00000000,0.00000000,0.00000000,-2.11370047E-02
2,7,0.00000000,0.00000000,0.00000000,-2.11370047E-02
2,8,0.00000000,0.00000000,0.00000000,-2.11370047E-02
2,9,0.00000000,0.00000000,0.00000000,-2.11370047E-02
2,10,0.00000000,0.00000000,0.00000000,-2.11370047E-02
2,11,0.00000000,0.00000000,0.00000000,-2.11370047E-02
2,12,0.00000000,0.00000000,0.00000000,-2.11370047E-02
2,13,0.00000000,0.00000000,0.00000000,-2.11370047E-02
2,14,0.00000000,0.00000000,0.00000000,-2.11370047E-02
2,15,0.00000000,0.00000000,0.00000000,-2.11370047E-02
2,16,0.00000000,0.00000000,0.00000000,-2.11370047E-02
2,17,0.00000000,0.00000000,0.00000000,-2.11370047E-02
2,18,0.00000000,0.00000000,0.00000000,-2.11370047E-02
2,19,0.00000000,0.00000000,0.00000000,-2.11370047E-02
2,20,0.00000000,0.00000000,0.00000000,-2.11370047E-02
3,1,0.00000000,0.00000000,0.00000000,-6.53330644E-05
3,2,0.00000000,0.00000000,0.00000000,-6.53330644E-05
3,3,0.00000000,0.00000000,0.00000000,-6.53330644E-05
3,4,0.00000000,0.00000000,0.00000000,-6.53330644E-05
3,5,0.00000000,0.00000000,0.00000000,-6.53330644E-05
3,6,0.00000000,0.00000000,0.00000000,-6.53330644E-05
3,7,0.00000000,0.00000000,0.00000000,-6.53330644E-05
3,8,0.00000000,0.00000000,0.00000000,-6.53330644E-05
3,9,0.00000000,0.00000000,0.00000000,-6.53330644E-05
3,10,0.00000000,0.00000000,0.00000000,-6.53330644E-05
3,11,0.00000000,0.00000000,0.00000000,-6.53330644E-05
3,12,0.00000000,0.00000000,0.00000000,-6.53330644E-05
3,13,0.00000000,0.00000000,0.00000000,-6.53330644E-05
3,14,0.00000000,0.00000000,0.00000000,-6.53330644E-05
3,15,0.00000000,0.00000000,0.00000000,-6.53330644E-05
3,16,0.00000000,0.00000000,0.00000000,-6.53330644E-05
3,17,0.00000000,0.00000000,0.00000000,-6.53330644E-05
3,18,0.00000000,0.00000000,0.00000000,-6.53330644E-05
3,19,0.00000000,0.00000000,0.00000000,-6.53330644E-05
3,20,0.00000000,0.00000000,0.00000000,-6.53330644E-05
4,1,0.00000000,0.00000000,0.00000000,-4.95330460E-05
4,2,0.00000000,0.00000000,0.00000000,-4.95330460E-05
4,3,0.00000000,0.00000000,0.00000000,-4.95330460E-05
4,4,0.00000000,0.00000000,0.00000000,-4.95330460E-05
4,5,0.00000000,0.00000000,0.00000000,-4.95330460E-05
4,6,0.00000000,0.00000000,0.00000000,-4.95330460E-05
4,7,0.00000000,0.00000000,0.00000000,-4.95330460E-05
4,8,0.00000000,0.00000000,0.00000000,-4.95330460E-05
4,9,0.00000000,0.00000000,0.00000000,-4.95330460E-05
4,10,0.00000000,0.00000000,0.00000000,-4.95330460E-05
4,11,0.00000000,0.00000000,0.00000000,-4.95330460E-05
4,12,0.00000000,0.00000000,0.00000000,-4.95330460E-05
4,13,0.00000000,0.00000000,0.00000000,-4.95330460E-05
4,14,0.00000000,0.00000000,0.00000000,-4.95330460E-05
4,15,0.00000000,0.00000000,0.00000000,-4.95330460E-05
4,16,0.00000000,0.00000000,0.00000000,-4.95330460E-05
4,17,0.00000000,0.00000000,0.00000000,-4.95330460E-05
4,18,0.00000000,0.00000000,0.00000000,-4.95330460E-05
4,19,0.00000000,0.00000000,0.00000000,-4.95330460E-05
4,20,0.00000000,0.00000000,0.00000000,-4.95330460E-05
5,1,0.00000000,0.00000000,0.00000000,-4.93319749E-06
5,2,0.00000000,0.00000000,0.00000000,-4.93319749E-06
5,3,0.00000000,0.00000000,0.00000000,-4.93319749E-06
5,4,0.00000000,0.00000000,0.00000000,-4.93319749E-06
5,5,0.00000000,0.00000000,0.00000000,-4.93319749E-06
5,6,0.00000000,0.00000000,0.00000000,-4.93319749E-06
5,7,0.00000000,0.00000000,0.00000000,-4.93319749E-06
5,8,0.00000000,0.00000000,0.00000000,-4.93319749E-06
5,9,0.00000000,0.00000000,0.00000000,-4.93319749E-06
5,10,0.00000000,0.00000000,0.00000000,-4.93319749E-06
5,11,0.00000000,0.00000000,0.00000000,-4.93319749E-06
5,12,0.00000000,0.00000000,0.00000000,-4.93319749E-06
5,13,0.00000000,0.00000000,0.00000000,-4.93319749E-06
5,14,0.00000000,0.00000000,0.00000000,-4.93319749E-06
5,15,0.00000000,0.00000000,0.00000000,-4.93319749E-06
5,16,0.00000000,0.00000000,0.00000000,-4.93319749E-06
5,17,0.00000000,0.00000000,0.00000000,-4.93319749E-06
5,18,0.00000000,0.00000000,0.00000000,-4.93319749E-06
5,19,0.00000000,0.00000000,0.00000000,-4.93319749E-06
5,20,0.00000000,0.00000000,0.00000000,-4.93319749E-06
6,1,0.989493787,0.00000000,5.00463173E-02,3.40062161E-06
6,2,0.989493787,5.00463173E-02,0.110115029,3.40062161E-06
6,3,0.989493787,0.110115029,0.143905118,3.40062161E-06
6,4,0.989493787,0.143905118,0.202532604,3.40062161E-06
6,5,0.989493787,0.202532604,0.266911983,3.40062161E-06
6,6,0.989493787,0.266911983,0.317352235,3.40062161E-06
6,7,0.989493787,0.317352235,0.357302904,3.40062161E-06
6,8,0.989493787,0.357302904,0.399880290,3.40062161E-06
6,9,0.989493787,0.399880290,0.452596068,3.40062161E-06
6,10,0.989493787,0.452596068,0.515936732,3.40062161E-06
6,11,0.989493787,0.515936732,0.568430841,3.40062161E-06
6,12,0.989493787,0.568430841,0.611190557,3.40062161E-06
6,13,0.989493787,0.611190557,0.738968492,3.40062161E-06
6,14,0.989493787,0.738968492,0.730587661,3.40062161E-06
6,15,0.989493787,0.730587661,0.669805884,3.40062161E-06
6,16,0.989493787,0.669805884,0.767957330,3.40062161E-06
6,17,0.989493787,0.767957330,0.923661947,3.40062161E-06
6,18,0.989493787,0.923661947,1.01220453,3.40062161E-06
6,19,0.989493787,1.01220453,1.01636803,3.40062161E-06
6,20,0.989493787,1.01636803,0.989493787,3.40062161E-06
7,1,2.08282945E-04,0.00000000,1.20466912E-05,9.20437337E-10
7,2,2.08282945E-04,1.20466912E-05,2.47668959E-05,9.20437337E-10
7,3,2.08282945E-04,2.47668959E-05,3.46101515E-05,9.20437337E-10
7,4,2.08282945E-04,3.46101515E-05,5.04487434E-05,9.20437337E-10
7,5,2.08282945E-04,5.04487434E-05,6.10880234E-05,9.20437337E-10
7,6,2.08282945E-04,6.10880234E-05,7.05960556E-05,9.20437337E-10
7,7,2.08282945E-04,7.05960556E-05,8.36295076E-05,9.20437337E-10
7,8,2.08282945E-04,8.36295076E-05,9.89274267E-05,9.20437337E-10
7,9,2.08282945E-04,9.89274267E-05,1.05970888E-04,9.20437337E-10
7,10,2.08282945E-04,1.05970888E-04,1.39732088E-04,9.20437337E-10
7,11,2.08282945E-04,1.39732088E-04,1.05028041E-04,9.20437337E-10
7,12,2.08282945E-04,1.05028041E-04,1.48232109E-04,9.20437337E-10
7,13,2.08282945E-04,1.48232109E-04,1.76775196E-04,9.20437337E-10
7,14,2.08282945E-04,1.76775196E-04,1.70392654E-04,9.20437337E-10
7,15,2.08282945E-04,1.70392654E-04,1.65432139E-04,9.20437337E-10
7,16,2.08282945E-04,1.65432139E-04,1.92992666E-04,9.20437337E-10
7,17,2.08282945E-04,1.92992666E-04,1.84936362E-04,9.20437337E-10
7,18,2.08282945E-04,1.84936362E-04,2.69659504E-04,9.20437337E-10
7,19,2.08282945E-04,2.69659504E-04,2.37492524E-04,9.20437337E-10
7,20,2.08282945E-04,2.37492524E-04,2.08282945E-04,9.20437337E-10
8,1,0.00000000,0.00000000,0.00000000,-7.76154120E-05
8,2,0.00000000,0.00000000,0.00000000,-7.76154120E-05
8,3,0.00000000,0.00000000,0.00000000,-7.76154120E-05
8,4,0.00000000,0.00000000,0.00000000,-7.76154120E-05
8,5,0.00000000,0.00000000,0.00000000,-7.76154120E-05
8,6,0.00000000,0.00000000,0.00000000,-7.76154120E-05
8,7,0.00000000,0.00000000,0.00000000,-7.76154120E-05
8,8,0.00000000,0.00000000,0.00000000,-7.76154120E-05
8,9,0.00000000,0.00000000,0.00000000,-7.76154120E-05
8,10,0.00000000,0.00000000,0.00000000,-7.76154120E-05
8,11,0.00000000,0.00000000,0.00000000,-7.76154120E-05
8,12,0.00000000,0.00000000,0.00000000,-7.76154120E-05
8,13,0.00000000,0.00000000,0.00000000,-7.76154120E-05
8,14,0.00000000,0.00000000,0.00000000,-7.76154120E-05
8,15,0.00000000,0.00000000,0.00000000,-7.76154120E-05
8,16,0.00000000,0.00000000,0.00000000,-7.76154120E-05
8,17,0.00000000,0.00000000,0.00000000,-7.76154120E-05
8,18,0.00000000,0.00000000,0.00000000,-7.76154120E-05
8,19,0.00000000,0.00000000,0.00000000,-7.76154120E-05
8,20,0.00000000,0.00000000,0.00000000,-7.76154120E-05
9,1,99.7992401,0.00000000,5.01921558,7.74336397E-04
9,2,99.7992401,5.01921558,9.97581005,7.74336397E-04
9,3,99.7992401,9.97581005,14.8852396,7.74336397E-04
9,4,99.7992401,14.8852396,19.9011955,7.74336397E-04
9,5,99.7992401,19.9011955,25.0057144,7.74336397E-04
9,6,99.7992401,25.0057144,30.0955391,7.74336397E-04
9,7,99.7992401,30.0955391,35.0934181,7.74336397E-04
9,8,99.7992401,35.0934181,39.9919662,7.74336397E-04
9,9,99.7992401,39.9919662,44.8404007,7.74336397E-04
9,10,99.7992401,44.8404007,49.7075615,7.74336397E-04
9,11,99.7992401,49.7075615,54.6477051,7.74336397E-04
9,12,99.7992401,54.6477051,59.6817818,7.74336397E-04
9,13,99.7992401,59.6817818,64.7953720,7.74336397E-04
9,14,99.7992401,64.7953720,69.9489822,7.74336397E-04
9,15,99.7992401,69.9489822,75.0937042,7.74336397E-04
9,16,99.7992401,75.0937042,80.1861115,7.74336397E-04
9,17,99.7992401,80.1861115,85.1993484,7.74336397E-04
9,18,99.7992401,85.1993484,90.1274185,7.74336397E-04
9,19,99.7992401,90.1274185,94.9844131,7.74336397E-04
9,20,99.7992401,94.9844131,99.7992401,7.74336397E-04
10,1,0.00000000,0.00000000,0.00000000,-1.55102796E-04
10,2,0.00000000,0.00000000,0.00000000,-1.55102796E-04
10,3,0.00000000,0.00000000,0.00000000,-1.55102796E-04
10,4,0.00000000,0.00000000,0.00000000,-1.55102796E-04
10,5,0.00000000,0.00000000,0.00000000,-1.55102796E-04
10,6,0.00000000,0.00000000,0.00000000,-1.55102796E-04
10,7,0.00000000,0.00000000,0.00000000,-1.55102796E-04
10,8,0.00000000,0.00000000,0.00000000,-1.55102796E-04
10,9,0.00000000,0.00000000,0.00000000,-1.55102796E-04
10,10,0.00000000,0.00000000,0.00000000,-1.55102796E-04
10,11,0.00000000,0.00000000,0.00000000,-1.55102796E-04
10,12,0.00000000,0.00000000,0.00000000,-1.55102796E-04
10,13,0.00000000,0.00000000,0.00000000,-1.55102796E-04
10,14,0.00000000,0.00000000,0.00000000,-1.55102796E-04
10,15,0.00000000,0.00000000,0.00000000,-1.55102796E-04
10,16,0.00000000,0.00000000,0.00000000,-1.55102796E-04
10,17,0.00000000,0.00000000,0.00000000,-1.55102796E-04
10,18,0.00000000,0.00000000,0.00000000,-1.55102796E-04
10,19,0.00000000,0.00000000,0.00000000,-1.55102796E-04
10,20,0.00000000,0.00000000,0.00000000,-1.55102796E-04
11,1,8.77771282,0.00000000,0.442556649,7.55387919E-06
11,2,8.77771282,0.442556649,0.890559673,7.55387919E-06
11,3,8.77771282,0.890559673,1.32086349,7.55387919E-06
11,4,8.77771282,1.32086349,1.76883507,7.55387919E-06
11,5,8.77771282,1.76883507,2.24398136,7.55387919E-06
11,6,8.77771282,2.24398136,2.65157533,7.55387919E-06
11,7,8.77771282,2.65157533,3.06601810,7.55387919E-06
11,8,8.77771282,3.06601810,3.54682088,7.55387919E-06
11,9,8.77771282,3.54682088,4.00645256,7.55387919E-06
11,10,8.77771282,4.00645256,4.46025038,7.55387919E-06
11,11,8.77771282,4.46025038,4.90327168,7.55387919E-06
11,12,8.77771282,4.90327168,5.29719734,7.55387919E-06
11,13,8.77771282,5.29719734,5.68462086,7.55387919E-06
11,14,8.77771282,5.68462086,6.14702511,7.55387919E-06
11,15,8.77771282,6.14702511,6.68004942,7.55387919E-06
11,16,8.77771282,6.68004942,7.19238091,7.55387919E-06
11,17,8.77771282,7.19238091,7.61622763,7.55387919E-06
11,18,8.77771282,7.61622763,7.97575426,7.55387919E-06
11,19,8.77771282,7.97575426,8.34702206,7.55387919E-06
11,20,8.77771282,8.34702206,8.77771282,7.55387919E-06
12,1,0.00000000,0.00000000,0.00000000,-4.51181342E-10
12,2,0.00000000,0.00000000,0.00000000,-4.51181342E-10
12,3,0.00000000,0.00000000,0.00000000,-4.51181342E-10
12,4,0.00000000,0.00000000,0.00000000,-4.51181342E-10
12,5,0.00000000,0.00000000,0.00000000,-4.51181342E-10
12,6,0.00000000,0.00000000,0.00000000,-4.51181342E-10
12,7,0.00000000,0.00000000,0.00000000,-4.51181342E-10
12,8,0.00000000,0.00000000,0.00000000,-4.51181342E-10
12,9,0.00000000,0.00000000,0.00000000,-4.51181342E-10
12,10,0.00000000,0.00000000,0.00000000,-4.51181342E-10
12,11,0.00000000,0.00000000,0.00000000,-4.51181342E-10
12,12,0.00000000,0.00000000,0.00000000,-4.51181342E-10
12,13,0.00000000,0.00000000,0.00000000,-4.51181342E-10
12,14,0.00000000,0.00000000,0.00000000,-4.51181342E-10
12,15,0.00000000,0.00000000,0.00000000,-4.51181342E-10
12,16,0.00000000,0.00000000,0.00000000,-4.51181342E-10
12,17,0.00000000,0.00000000,0.00000000,-4.51181342E-10
12,18,0.00000000,0.00000000,0.00000000,-4.51181342E-10
12,19,0.00000000,0.00000000,0.00000000,-4.51181342E-10
12,20,0.00000000,0.00000000,0.00000000,-4.51181342E-10
13,1,0.00000000,0.00000000,0.00000000,-6.34477374E-07
13,2,0.00000000,0.00000000,0.00000000,-6.34477374E-07
13,3,0.00000000,0.00000000,0.00000000,-6.34477374E-07
13,4,0.00000000,0.00000000,0.00000000,-6.34477374E-07
13,5,0.00000000,0.00000000,0.00000000,-6.34477374E-07
13,6,0.00000000,0.00000000,0.00000000,-6.34477374E-07
13,7,0.00000000,0.00000000,0.00000000,-6.34477374E-07
13,8,0.00000000,0.00000000,0.00000000,-6.34477374E-07
13,9,0.00000000,0.00000000,0.00000000,-6.34477374E-07
13,10,0.00000000,0.00000000,0.00000000,-6.34477374E-07
13,11,0.00000000,0.00000000,0.00000000,-6.34477374E-07
13,12,0.00000000,0.00000000,0.00000000,-6.34477374E-07
13,13,0.00000000,0.00000000,0.00000000,-6.34477374E-07
13,14,0.00000000,0.00000000,0.00000000,-6.34477374E-07
13,15,0.00000000,0.00000000,0.00000000,-6.34477374E-07
13,16,0.00000000,0.00000000,0.00000000,-6.34477374E-07
13,17,0.00000000,0.00000000,0.00000000,-6.34477374E-07
13,18,0.00000000,0.00000000,0.00000000,-6.34477374E-07
13,19,0.00000000,0.00000000,0.00000000,-6.34477374E-07
13,20,0.00000000,0.00000000,0.00000000,-6.34477374E-07
14,1,17.3072090,0.00000000,2.27633047,1.68133251E-04
14,2,17.3072090,2.27633047,4.51813173,1.68133251E-04
14,3,17.3072090,4.51813173,6.67847395,1.68133251E-04
14,4,17.3072090,6.67847395,8.69797611,1.68133251E-04
14,5,17.3072090,8.69797611,10.5189219,1.68133251E-04
14,6,17.3072090,10.5189219,12.0984516,1.68133251E-04
14,7,17.3072090,12.0984516,13.4160681,1.68133251E-04
14,8,17.3072090,13.4160681,14.4743385,1.68133251E-04
14,9,17.3072090,14.4743385,15.2944307,1.68133251E-04
14,10,17.3072090,15.2944307,15.9092321,1.68133251E-04
14,11,17.3072090,15.9092321,16.3564262,1.68133251E-04
14,12,17.3072090,16.3564262,16.6730537,1.68133251E-04
14,13,17.3072090,16.6730537,16.8920307,1.68133251E-04
14,14,17.3072090,16.8920307,17.0405178,1.68133251E-04
14,15,17.3072090,17.0405178,17.1396561,1.68133251E-04
14,16,17.3072090,17.1396561,17.2051296,1.68133251E-04
14,17,17.3072090,17.2051296,17.2481155,1.68133251E-04
14,18,17.3072090,17.2481155,17.2763100,1.68133251E-04
14,19,17.3072090,17.2763100,17.2948799,1.68133251E-04
14,20,17.3072090,17.2948799,17.3072090,1.68133251E-04
15,1,99.8809891,99.7992401,99.4689178,3.49765651E-06
15,2,99.8809891,99.4689178,99.5501022,3.49765651E-06
15,3,99.8809891,99.5501022,99.8380356,3.49765651E-06
15,4,99.8809891,99.8380356,100.413025,3.49765651E-06
15,5,99.8809891,100.413025,100.929092,3.49765651E-06
15,6,99.8809891,100.929092,100.515640,3.49765651E-06
15,7,99.8809891,100.515640,99.7074127,3.49765651E-06
15,8,99.8809891,99.7074127,99.4173050,3.49765651E-06
15,9,99.8809891,99.4173050,99.7997360,3.49765651E-06
15,10,99.8809891,99.7997360,100.387192,3.49765651E-06
15,11,99.8809891,100.387192,100.754646,3.49765651E-06
15,12,99.8809891,100.754646,100.848595,3.49765651E-06
15,13,99.8809891,100.848595,100.849312,3.49765651E-06
15,14,99.8809891,100.849312,100.891533,3.49765651E-06
15,15,99.8809891,100.891533,100.935898,3.49765651E-06
15,16,99.8809891,100.935898,100.848358,3.49765651E-06
15,17,99.8809891,100.848358,100.556389,3.49765651E-06
15,18,99.8809891,100.556389,100.149017,3.49765651E-06
15,19,99.8809891,100.149017,99.8475494,3.49765651E-06
15,20,99.8809891,99.8475494,99.8809891,3.49765651E-06
16,1,0.00000000,0.00000000,0.00000000,-5.42422466E-04
16,2,0.00000000,0.00000000,0.00000000,-5.42422466E-04
16,3,0.00000000,0.00000000,0.00000000,-5.42422466E-04
16,4,0.00000000,0.00000000,0.00000000,-5.42422466E-04
16,5,0.00000000,0.00000000,0.00000000,-5.42422466E-04
16,6,0.00000000,0.00000000,0.00000000,-5.42422466E-04
16,7,0.00000000,0.00000000,0.00000000,-5.42422466E-04
16,8,0.00000000,0.00000000,0.00000000,-5.42422466E-04
16,9,0.00000000,0.00000000,0.00000000,-5.42422466E-04
16,10,0.00000000,0.00000000,0.00000000,-5.42422466E-04
16,11,0.00000000,0.00000000,0.00000000,-5.42422466E-04
16,12,0.00000000,0.00000000,0.00000000,-5.42422466E-04
16,13,0.00000000,0.00000000,0.00000000,-5.42422466E-04
16,14,0.00000000,0.00000000,0.00000000,-5.42422466E-04
16,15,0.00000000,0.00000000,0.00000000,-5.42422466E-04
16,16,0.00000000,0.00000000,0.00000000,-5.42422466E-04
16,17,0.00000000,0.00000000,0.00000000,-5.42422466E-04
16,18,0.00000000,0.00000000,0.00000000,-5.42422466E-04
16,19,0.00000000,0.00000000,0.00000000,-5.42422466E-04
16,20,0.00000000,0.00000000,0.00000000,-5.42422466E-04
17,1,3387.54419,0.00000000,175.642151,3.01126181E-03
17,2,3387.54419,175.642151,319.238556,3.01126181E-03
17,3,3387.54419,319.238556,548.658813,3.01126181E-03
17,4,3387.54419,548.658813,693.474854,3.01126181E-03
17,5,3387.54419,693.474854,822.984863,3.01126181E-03
17,6,3387.54419,822.984863,1001.05188,3.01126181E-03
17,7,3387.54419,1001.05188,1211.54578,3.01126181E-03
17,8,3387.54419,1211.54578,1409.46021,3.01126181E-03
17,9,3387.54419,1409.46021,1572.36670,3.01126181E-03
17,10,3387.54419,1572.36670,1710.73853,3.01126181E-03
17,11,3387.54419,1710.73853,1850.50024,3.01126181E-03
17,12,3387.54419,1850.50024,2011.96265,3.01126181E-03
17,13,3387.54419,2011.96265,2199.21143,3.01126181E-03
17,14,3387.54419,2199.21143,2401.66895,3.01126181E-03
17,15,3387.54419,2401.66895,2602.61255,3.01126181E-03
17,16,3387.54419,2602.61255,2788.25684,3.01126181E-03
17,17,3387.54419,2788.25684,2953.23120,3.01126181E-03
17,18,3387.54419,2953.23120,3101.27661,3.01126181E-03
17,19,3387.54419,3101.27661,3242.24780,3.01126181E-03
17,20,3387.54419,3242.24780,3387.54419,3.01126181E-03
18,1,10.8982248,8.77771282,8.61848164,1.25778761E-05
18,2,10.8982248,8.61848164,9.35581207,1.25778761E-05
18,3,10.8982248,9.35581207,9.55729103,1.25778761E-05
18,4,10.8982248,9.55729103,9.32480907,1.25778761E-05
18,5,10.8982248,9.32480907,9.06038952,1.25778761E-05
18,6,10.8982248,9.06038952,9.02633381,1.25778761E-05
18,7,10.8982248,9.02633381,9.27367306,1.25778761E-05
18,8,10.8982248,9.27367306,9.70870018,1.25778761E-05
18,9,10.8982248,9.70870018,10.1845922,1.25778761E-05
18,10,10.8982248,10.1845922,10.5713749,1.25778761E-05
18,11,10.8982248,10.5713749,10.7927504,1.25778761E-05
18,12,10.8982248,10.7927504,10.8338804,1.25778761E-05
18,13,10.8982248,10.8338804,10.7303295,1.25778761E-05
18,14,10.8982248,10.7303295,10.5477533,1.25778761E-05
18,15,10.8982248,10.5477533,10.3607931,1.25778761E-05
18,16,10.8982248,10.3607931,10.2354946,1.25778761E-05
18,17,10.8982248,10.2354946,10.2176981,1.25778761E-05
18,18,10.8982248,10.2176981,10.3281851,1.25778761E-05
18,19,10.8982248,10.3281851,10.5630245,1.25778761E-05
18,20,10.8982248,10.5630245,10.8982248,1.25778761E-05
19,1,4.69450206E-02,0.00000000,2.33974401E-03,7.34574002E-08
19,2,4.69450206E-02,2.33974401E-03,4.67948709E-03,7.34574002E-08
19,3,4.69450206E-02,4.67948709E-03,7.01924227E-03,7.34574002E-08
19,4,4.69450206E-02,7.01924227E-03,9.35887173E-03,7.34574002E-08
19,5,4.69450206E-02,9.35887173E-03,1.16994549E-02,7.34574002E-08
19,6,4.69450206E-02,1.16994549E-02,1.40347844E-02,7.34574002E-08
19,7,4.69450206E-02,1.40347844E-02,1.63915064E-02,7.34574002E-08
19,8,4.69450206E-02,1.63915064E-02,1.86836161E-02,7.34574002E-08
19,9,4.69450206E-02,1.86836161E-02,2.11175047E-02,7.34574002E-08
19,10,4.69450206E-02,2.11175047E-02,2.33399812E-02,7.34574002E-08
19,11,4.69450206E-02,2.33399812E-02,2.57330853E-02,7.34574002E-08
19,12,4.69450206E-02,2.57330853E-02,2.81553138E-02,7.34574002E-08
19,13,4.69450206E-02,2.81553138E-02,3.03694606E-02,7.34574002E-08
19,14,4.69450206E-02,3.03694606E-02,3.26805413E-02,7.34574002E-08
19,15,4.69450206E-02,3.26805413E-02,3.51660103E-02,7.34574002E-08
19,16,4.69450206E-02,3.51660103E-02,3.75256240E-02,7.34574002E-08
19,17,4.69450206E-02,3.75256240E-02,3.97110209E-02,7.34574002E-08
19,18,4.69450206E-02,3.97110209E-02,4.19911072E-02,7.34574002E-08
19,19,4.69450206E-02,4.19911072E-02,4.44713309E-02,7.34574002E-08
19,20,4.69450206E-02,4.44713309E-02,4.69450206E-02,7.34574002E-08
20,1,101.937721,99.8809891,99.9293365,-1.11770737E-06
20,2,101.937721,99.9293365,99.9627457,-1.11770737E-06
20,3,101.937721,99.9627457,99.9548111,-1.11770737E-06
20,4,101.937721,99.9548111,100.163956,-1.11770737E-06
20,5,101.937721,100.163956,100.262718,-1.11770737E-06
20,6,101.937721,100.262718,100.327591,-1.11770737E-06
20,7,101.937721,100.327591,100.512169,-1.11770737E-06
20,8,101.937721,100.512169,100.379341,-1.11770737E-06
20,9,101.937721,100.379341,100.468140,-1.11770737E-06
20,10,101.937721,100.468140,100.719887,-1.11770737E-06
20,11,101.937721,100.719887,100.985390,-1.11770737E-06
20,12,101.937721,100.985390,101.205475,-1.11770737E-06
20,13,101.937721,101.205475,101.218376,-1.11770737E-06
20,14,101.937721,101.218376,101.591728,-1.11770737E-06
20,15,101.937721,101.591728,101.806374,-1.11770737E-06
20,16,101.937721,101.806374,101.793541,-1.11770737E-06
20,17,101.937721,101.793541,101.696152,-1.11770737E-06
20,18,101.937721,101.696152,101.671768,-1.11770737E-06
20,19,101.937721,101.671768,101.758896,-1.11770737E-06
20,20,101.937721,101.758896,101.937721,-1.11770737E-06
21,1,3357.00073,3387.54419,3372.97339,-7.13087429E-05
21,2,3357.00073,3372.97339,3367.69800,-7.13087429E-05
21,3,3357.00073,3367.69800,3367.92529,-7.13087429E-05
21,4,3357.00073,3367.92529,3371.48657,-7.13087429E-05
21,5,3357.00073,3371.48657,3376.59326,-7.13087429E-05
21,6,3357.00073,3376.59326,3381.97339,-7.13087429E-05
21,7,3357.00073,3381.97339,3386.76831,-7.13087429E-05
21,8,3357.00073,3386.76831,3390.44189,-7.13087429E-05
21,9,3357.00073,3390.44189,3392.71265,-7.13087429E-05
21,10,3357.00073,3392.71265,3393.48804,-7.13087429E-05
21,11,3357.00073,3393.48804,3392.81592,-7.13087429E-05
21,12,3357.00073,3392.81592,3390.84082,-7.13087429E-05
21,13,3357.00073,3390.84082,3387.77344,-7.13087429E-05
21,14,3357.00073,3387.77344,3383.86597,-7.13087429E-05
21,15,3357.00073,3383.86597,3379.37524,-7.13087429E-05
21,16,3357.00073,3379.37524,3374.55396,-7.13087429E-05
21,17,3357.00073,3374.55396,3369.67798,-7.13087429E-05
21,18,3357.00073,3369.67798,3364.99536,-7.13087429E-05
21,19,3357.00073,3364.99536,3360.71216,-7.13087429E-05
21,20,3357.00073,3360.71216,3357.00073,-7.13087429E-05
22,1,247.822968,10.8982248,21.7262001,4.91591927E-04
22,2,247.822968,21.7262001,35.5582428,4.91591927E-04
22,3,247.822968,35.5582428,51.9044418,4.91591927E-04
22,4,247.822968,51.9044418,62.9392471,4.91591927E-04
22,5,247.822968,62.9392471,61.3995132,4.91591927E-04
22,6,247.822968,61.3995132,69.8744965,4.91591927E-04
22,7,247.822968,69.8744965,87.4903946,4.91591927E-04
22,8,247.822968,87.4903946,107.659615,4.91591927E-04
22,9,247.822968,107.659615,125.164925,4.91591927E-04
22,10,247.822968,125.164925,137.909470,4.91591927E-04
22,11,247.822968,137.909470,146.382309,4.91591927E-04
22,12,247.822968,146.382309,152.459335,4.91591927E-04
22,13,247.822968,152.459335,158.302811,4.91591927E-04
22,14,247.822968,158.302811,165.633652,4.91591927E-04
22,15,247.822968,165.633652,175.399857,4.91591927E-04
22,16,247.822968,175.399857,187.753357,4.91591927E-04
22,17,247.822968,187.753357,202.860229,4.91591927E-04
22,18,247.822968,202.860229,217.985626,4.91591927E-04
22,19,247.822968,217.985626,232.489426,4.91591927E-04
22,20,247.822968,232.489426,247.822968,4.91591927E-04
23,1,8.73873997,4.69450206E-02,0.488121837,7.29856547E-05
23,2,8.73873997,0.488121837,0.911395073,7.29856547E-05
23,3,8.73873997,0.911395073,1.34829223,7.29856547E-05
23,4,8.73873997,1.34829223,1.79696369,7.29856547E-05
23,5,8.73873997,1.79696369,2.24324799,7.29856547E-05
23,6,8.73873997,2.24324799,2.67835140,7.29856547E-05
23,7,8.73873997,2.67835140,3.10341549,7.29856547E-05
23,8,8.73873997,3.10341549,3.52580595,7.29856547E-05
23,9,8.73873997,3.52580595,3.95338821,7.29856547E-05
23,10,8.73873997,3.95338821,4.39050961,7.29856547E-05
23,11,8.73873997,4.39050961,4.83678389,7.29856547E-05
23,12,8.73873997,4.83678389,5.28814507,7.29856547E-05
23,13,8.73873997,5.28814507,5.73897934,7.29856547E-05
23,14,8.73873997,5.73897934,6.18431854,7.29856547E-05
23,15,8.73873997,6.18431854,6.62130547,7.29856547E-05
23,16,8.73873997,6.62130547,7.04976988,7.29856547E-05
23,17,8.73873997,7.04976988,7.47190952,7.29856547E-05
23,18,8.73873997,7.47190952,7.89144659,7.29856547E-05
23,19,8.73873997,7.89144659,8.31253624,7.29856547E-05
23,20,8.73873997,8.31253624,8.73873997,7.29856547E-05
24,1,3441.90405,3357.00073,3351.72046,-6.16011619E-07
24,2,3441.90405,3351.72046,3359.33643,-6.16011619E-07
24,3,3441.90405,3359.33643,3380.67920,-6.16011619E-07
24,4,3441.90405,3380.67920,3408.24927,-6.16011619E-07
24,5,3441.90405,3408.24927,3435.89893,-6.16011619E-07
24,6,3441.90405,3435.89893,3459.34204,-6.16011619E-07
24,7,3441.90405,3459.34204,3475.80444,-6.16011619E-07
24,8,3441.90405,3475.80444,3483.44238,-6.16011619E-07
24,9,3441.90405,3483.44238,3482.32129,-6.16011619E-07
24,10,3441.90405,3482.32129,3476.23804,-6.16011619E-07
24,11,3441.90405,3476.23804,3467.07617,-6.16011619E-07
24,12,3441.90405,3467.07617,3450.56396,-6.16011619E-07
24,13,3441.90405,3450.56396,3437.63647,-6.16011619E-07
24,14,3441.90405,3437.63647,3431.76245,-6.16011619E-07
24,15,3441.90405,3431.76245,3431.00928,-6.16011619E-07
24,16,3441.90405,3431.00928,3432.60181,-6.16011619E-07
24,17,3441.90405,3432.60181,3434.92163,-6.16011619E-07
24,18,3441.90405,3434.92163,3437.44067,-6.16011619E-07
24,19,3441.90405,3437.44067,3439.93628,-6.16011619E-07
24,20,3441.90405,3439.93628,3441.90405,-6.16011619E-07
25,1,227.374710,247.822968,211.954590,4.42821010E-06
25,2,227.374710,211.954590,272.774963,4.42821010E-06
25,3,227.374710,272.774963,306.706543,4.42821010E-06
25,4,227.374710,306.706543,294.874268,4.42821010E-06
25,5,227.374710,294.874268,256.584595,4.42821010E-06
25,6,227.374710,256.584595,216.645386,4.42821010E-06
25,7,227.374710,216.645386,192.051422,4.42821010E-06
25,8,227.374710,192.051422,189.695862,4.42821010E-06
25,9,227.374710,189.695862,207.177551,4.42821010E-06
25,10,227.374710,207.177551,237.291992,4.42821010E-06
25,11,227.374710,237.291992,271.065002,4.42821010E-06
25,12,227.374710,271.065002,300.324951,4.42821010E-06
25,13,227.374710,300.324951,319.237488,4.42821010E-06
25,14,227.374710,319.237488,324.868683,4.42821010E-06
25,15,227.374710,324.868683,295.219727,4.42821010E-06
25,16,227.374710,295.219727,273.419617,4.42821010E-06
25,17,227.374710,273.419617,257.560272,4.42821010E-06
25,18,227.374710,257.560272,245.401291,4.42821010E-06
25,19,227.374710,245.401291,235.588348,4.42821010E-06
25,20,227.374710,235.588348,227.374710,4.42821010E-06
26,1,93.8037415,8.73873997,12.9504471,6.54205724E-05
26,2,93.8037415,12.9504471,17.1389561,6.54205724E-05
26,3,93.8037415,17.1389561,21.2214565,6.54205724E-05
26,4,93.8037415,21.2214565,25.4422226,6.54205724E-05
26,5,93.8037415,25.4422226,29.6606712,6.54205724E-05
26,6,93.8037415,29.6606712,33.7154541,6.54205724E-05
26,7,93.8037415,33.7154541,37.8874283,6.54205724E-05
26,8,93.8037415,37.8874283,42.1898956,6.54205724E-05
26,9,93.8037415,42.1898956,46.2755547,6.54205724E-05
26,10,93.8037415,46.2755547,50.3352127,6.54205724E-05
26,11,93.8037415,50.3352127,54.5745163,6.54205724E-05
26,12,93.8037415,54.5745163,58.8056488,6.54205724E-05
26,13,93.8037415,58.8056488,63.2240524,6.54205724E-05
26,14,93.8037415,63.2240524,66.6040878,6.54205724E-05
26,15,93.8037415,66.6040878,71.1820145,6.54205724E-05
26,16,93.8037415,71.1820145,76.3988190,6.54205724E-05
26,17,93.8037415,76.3988190,77.7445374,6.54205724E-05
26,18,93.8037415,77.7445374,86.3495331,6.54205724E-05
26,19,93.8037415,86.3495331,85.5457001,6.54205724E-05
26,20,93.8037415,85.5457001,93.8037415,6.54205724E-05
27,1,3380.77734,3441.90405,3436.23267,-3.09652474E-04
27,2,3380.77734,3436.23267,3426.53125,-3.09652474E-04
27,3,3380.77734,3426.53125,3413.28491,-3.09652474E-04
27,4,3380.77734,3413.28491,3394.67358,-3.09652474E-04
27,5,3380.77734,3394.67358,3369.63965,-3.09652474E-04
27,6,3380.77734,3369.63965,3342.22656,-3.09652474E-04
27,7,3380.77734,3342.22656,3316.45605,-3.09652474E-04
27,8,3380.77734,3316.45605,3294.92505,-3.09652474E-04
27,9,3380.77734,3294.92505,3278.88037,-3.09652474E-04
27,10,3380.77734,3278.88037,3268.69995,-3.09652474E-04
27,11,3380.77734,3268.69995,3264.30298,-3.09652474E-04
27,12,3380.77734,3264.30298,3265.39917,-3.09652474E-04
27,13,3380.77734,3265.39917,3271.57251,-3.09652474E-04
27,14,3380.77734,3271.57251,3282.25439,-3.09652474E-04
27,15,3380.77734,3282.25439,3296.68628,-3.09652474E-04
27,16,3380.77734,3296.68628,3313.86963,-3.09652474E-04
27,17,3380.77734,3313.86963,3332.59521,-3.09652474E-04
27,18,3380.77734,3332.59521,3352.64087,-3.09652474E-04
27,19,3380.77734,3352.64087,3368.46436,-3.09652474E-04
27,20,3380.77734,3368.46436,3380.77734,-3.09652474E-04
28,1,10.7761860,227.374710,195.712265,-1.11372654E-04
28,2,10.7761860,195.712265,229.724411,-1.11372654E-04
28,3,10.7761860,229.724411,257.157928,-1.11372654E-04
28,4,10.7761860,257.157928,213.806107,-1.11372654E-04
28,5,10.7761860,213.806107,201.313370,-1.11372654E-04
28,6,10.7761860,201.313370,142.361649,-1.11372654E-04
28,7,10.7761860,142.361649,230.530304,-1.11372654E-04
28,8,10.7761860,230.530304,164.848450,-1.11372654E-04
28,9,10.7761860,164.848450,223.241119,-1.11372654E-04
28,10,10.7761860,223.241119,164.215363,-1.11372654E-04
28,11,10.7761860,164.215363,120.591698,-1.11372654E-04
28,12,10.7761860,120.591698,65.7292252,-1.11372654E-04
28,13,10.7761860,65.7292252,120.258247,-1.11372654E-04
28,14,10.7761860,120.258247,220.406265,-1.11372654E-04
28,15,10.7761860,220.406265,175.625885,-1.11372654E-04
28,16,10.7761860,175.625885,97.6452484,-1.11372654E-04
28,17,10.7761860,97.6452484,111.678841,-1.11372654E-04
28,18,10.7761860,111.678841,124.606804,-1.11372654E-04
28,19,10.7761860,124.606804,60.9127960,-1.11372654E-04
28,20,10.7761860,60.9127960,10.7761860,-1.11372654E-04
29,1,69.5033417,93.8039474,91.6580963,3.42569183E-05
29,2,69.5033417,91.6580963,100.535507,3.42569183E-05
29,3,69.5033417,100.535507,64.3297195,3.42569183E-05
29,4,69.5033417,64.3297195,122.988922,3.42569183E-05
29,5,69.5033417,122.988922,98.0283051,3.42569183E-05
29,6,69.5033417,98.0283051,60.3787193,3.42569183E-05
29,7,69.5033417,60.3787193,79.5326309,3.42569183E-05
29,8,69.5033417,79.5326309,121.385620,3.42569183E-05
29,9,69.5033417,121.385620,131.144730,3.42569183E-05
29,10,69.5033417,131.144730,101.163132,3.42569183E-05
29,11,69.5033417,101.163132,69.5598373,3.42569183E-05
29,12,69.5033417,69.5598373,70.0066833,3.42569183E-05
29,13,69.5033417,70.0066833,94.0482101,3.42569183E-05
29,14,69.5033417,94.0482101,127.460915,3.42569183E-05
29,15,69.5033417,127.460915,135.998535,3.42569183E-05
29,16,69.5033417,135.998535,121.108650,3.42569183E-05
29,17,69.5033417,121.108650,93.5074921,3.42569183E-05
29,18,69.5033417,93.5074921,68.2679825,3.42569183E-05
29,19,69.5033417,68.2679825,58.7823677,3.42569183E-05
29,20,69.5033417,58.7823677,69.5033417,3.42569183E-05
30,1,3282.58105,3380.77734,3417.83862,3.24038956E-06
30,2,3282.58105,3417.83862,3415.94580,3.24038956E-06
30,3,3282.58105,3415.94580,3364.16309,3.24038956E-06
30,4,3282.58105,3364.16309,3305.69385,3.24038956E-06
30,5,3282.58105,3305.69385,3251.70068,3.24038956E-06
30,6,3282.58105,3251.70068,3208.76782,3.24038956E-06
30,7,3282.58105,3208.76782,3188.21191,3.24038956E-06
30,8,3282.58105,3188.21191,3197.82202,3.24038956E-06
30,9,3282.58105,3197.82202,3234.54907,3.24038956E-06
30,10,3282.58105,3234.54907,3285.41650,3.24038956E-06
30,11,3282.58105,3285.41650,3334.00146,3.24038956E-06
30,12,3282.58105,3334.00146,3367.33740,3.24038956E-06
30,13,3282.58105,3367.33740,3379.75000,3.24038956E-06
30,14,3282.58105,3379.75000,3372.94312,3.24038956E-06
30,15,3282.58105,3372.94312,3353.49414,3.24038956E-06
30,16,3282.58105,3353.49414,3329.51099,3.24038956E-06
30,17,3282.58105,3329.51099,3307.84009,3.24038956E-06
30,18,3282.58105,3307.84009,3292.52319,3.24038956E-06
30,19,3282.58105,3292.52319,3284.55737,3.24038956E-06
30,20,3282.58105,3284.55737,3282.58105,3.24038956E-06
31,1,179.991547,69.5033417,85.3539886,6.65315310E-05
31,2,179.991547,85.3539886,126.667603,6.65315310E-05
31,3,179.991547,126.667603,101.740074,6.65315310E-05
31,4,179.991547,101.740074,144.204941,6.65315310E-05
31,5,179.991547,144.204941,173.238022,6.65315310E-05
31,6,179.991547,173.238022,141.494431,6.65315310E-05
31,7,179.991547,141.494431,86.5278931,6.65315310E-05
31,8,179.991547,86.5278931,79.6386414,6.65315310E-05
31,9,179.991547,79.6386414,77.6295242,6.65315310E-05
31,10,179.991547,77.6295242,94.1395340,6.65315310E-05
31,11,179.991547,94.1395340,116.721771,6.65315310E-05
31,12,179.991547,116.721771,102.150307,6.65315310E-05
31,13,179.991547,102.150307,91.3800888,6.65315310E-05
31,14,179.991547,91.3800888,102.492332,6.65315310E-05
31,15,179.991547,102.492332,119.109528,6.65315310E-05
31,16,179.991547,119.109528,140.532715,6.65315310E-05
31,17,179.991547,140.532715,164.433289,6.65315310E-05
31,18,179.991547,164.433289,183.810898,6.65315310E-05
31,19,179.991547,183.810898,190.553314,6.65315310E-05
31,20,179.991547,190.553314,179.991547,6.65315310E-05
32,1,3127.01733,3299.88818,3178.07178,-2.29580746E-06
32,2,3127.01733,3178.07178,2660.35205,-2.29580746E-06
32,3,3127.01733,2660.35205,1831.00916,-2.29580746E-06
32,4,3127.01733,1831.00916,1125.76965,-2.29580746E-06
32,5,3127.01733,1125.76965,927.212830,-2.29580746E-06
32,6,3127.01733,927.212830,1261.92139,-2.29580746E-06
32,7,3127.01733,1261.92139,1905.87671,-2.29580746E-06
32,8,3127.01733,1905.87671,2602.41260,-2.29580746E-06
32,9,3127.01733,2602.41260,3174.14502,-2.29580746E-06
32,10,3127.01733,3174.14502,3545.91235,-2.29580746E-06
32,11,3127.01733,3545.91235,3726.68042,-2.29580746E-06
32,12,3127.01733,3726.68042,3770.10498,-2.29580746E-06
32,13,3127.01733,3770.10498,3734.96045,-2.29580746E-06
32,14,3127.01733,3734.96045,3663.40869,-2.29580746E-06
32,15,3127.01733,3663.40869,3578.17041,-2.29580746E-06
32,16,3127.01733,3578.17041,3488.81006,-2.29580746E-06
32,17,3127.01733,3488.81006,3398.48828,-2.29580746E-06
32,18,3127.01733,3398.48828,3308.00684,-2.29580746E-06
32,19,3127.01733,3308.00684,3217.51172,-2.29580746E-06
32,20,3127.01733,3217.51172,3127.01733,-2.29580746E-06
33,1,293.944702,179.991547,137.762299,2.40620269E-04
33,2,293.944702,137.762299,203.759460,2.40620269E-04
33,3,293.944702,203.759460,104.033234,2.40620269E-04
33,4,293.944702,104.033234,37.4701843,2.40620269E-04
33,5,293.944702,37.4701843,14.5012836,2.40620269E-04
33,6,293.944702,14.5012836,100.033432,2.40620269E-04
33,7,293.944702,100.033432,140.694107,2.40620269E-04
33,8,293.944702,140.694107,160.961945,2.40620269E-04
33,9,293.944702,160.961945,129.544479,2.40620269E-04
33,10,293.944702,129.544479,101.601303,2.40620269E-04
33,11,293.944702,101.601303,58.6391449,2.40620269E-04
33,12,293.944702,58.6391449,28.5811176,2.40620269E-04
33,13,293.944702,28.5811176,45.6146851,2.40620269E-04
33,14,293.944702,45.6146851,92.2277679,2.40620269E-04
33,15,293.944702,92.2277679,164.569733,2.40620269E-04
33,16,293.944702,164.569733,257.368408,2.40620269E-04
33,17,293.944702,257.368408,275.261902,2.40620269E-04
33,18,293.944702,275.261902,291.169556,2.40620269E-04
33,19,293.944702,291.169556,307.665100,2.40620269E-04
33,20,293.944702,307.665100,293.944702,2.40620269E-04
34,1,2760.14673,3127.01733,3108.49951,5.94214089E-06
34,2,2760.14673,3108.49951,3089.98145,5.94214089E-06
34,3,2760.14673,3089.98145,3071.46362,5.94214089E-06
34,4,2760.14673,3071.46362,3052.94580,5.94214089E-06
34,5,2760.14673,3052.94580,3034.42773,5.94214089E-06
34,6,2760.14673,3034.42773,3015.90991,5.94214089E-06
34,7,2760.14673,3015.90991,2997.39355,5.94214089E-06
34,8,2760.14673,2997.39355,2978.87964,5.94214089E-06
34,9,2760.14673,2978.87964,2960.37012,5.94214089E-06
34,10,2760.14673,2960.37012,2941.86865,5.94214089E-06
34,11,2760.14673,2941.86865,2923.38110,5.94214089E-06
34,12,2760.14673,2923.38110,2904.91553,5.94214089E-06
34,13,2760.14673,2904.91553,2886.48291,5.94214089E-06
34,14,2760.14673,2886.48291,2868.09814,5.94214089E-06
34,15,2760.14673,2868.09814,2849.77954,5.94214089E-06
34,16,2760.14673,2849.77954,2831.55029,5.94214089E-06
34,17,2760.14673,2831.55029,2813.43799,5.94214089E-06
34,18,2760.14673,2813.43799,2795.47485,5.94214089E-06
34,19,2760.14673,2795.47485,2777.69751,5.94214089E-06
34,20,2760.14673,2777.69751,2760.14673,5.94214089E-06
35,1,2562.01562,2760.14673,2746.39746,-4.03483491E-03
35,2,2562.01562,2746.39746,2737.74438,-4.03483491E-03
35,3,2562.01562,2737.74438,2730.51050,-4.03483491E-03
35,4,2562.01562,2730.51050,2722.80054,-4.03483491E-03
35,5,2562.01562,2722.80054,2713.85205,-4.03483491E-03
35,6,2562.01562,2713.85205,2703.57373,-4.03483491E-03
35,7,2562.01562,2703.57373,2692.23730,-4.03483491E-03
35,8,2562.01562,2692.23730,2680.26001,-4.03483491E-03
35,9,2562.01562,2680.26001,2668.07056,-4.03483491E-03
35,10,2562.01562,2668.07056,2656.04297,-4.03483491E-03
35,11,2562.01562,2656.04297,2644.44995,-4.03483491E-03
35,12,2562.01562,2644.44995,2633.45972,-4.03483491E-03
35,13,2562.01562,2633.45972,2623.13257,-4.03483491E-03
35,14,2562.01562,2623.13257,2613.45190,-4.03483491E-03
35,15,2562.01562,2613.45190,2604.33105,-4.03483491E-03
35,16,2562.01562,2604.33105,2595.63794,-4.03483491E-03
35,17,2562.01562,2595.63794,2587.21704,-4.03483491E-03
35,18,2562.01562,2587.21704,2578.90723,-4.03483491E-03
35,19,2562.01562,2578.90723,2570.55127,-4.03483491E-03
35,20,2562.01562,2570.55127,2562.01562,-4.03483491E-03
36,1,3201.19214,2572.79175,2659.53735,-1.24542539E-05
36,2,3201.19214,2659.53735,2840.64087,-1.24542539E-05
36,3,3201.19214,2840.64087,3122.77271,-1.24542539E-05
36,4,3201.19214,3122.77271,3484.30200,-1.24542539E-05
36,5,3201.19214,3484.30200,3888.18652,-1.24542539E-05
36,6,3201.19214,3888.18652,4293.02344,-1.24542539E-05
36,7,3201.19214,4293.02344,4661.04199,-1.24542539E-05
36,8,3201.19214,4661.04199,4962.85205,-1.24542539E-05
36,9,3201.19214,4962.85205,5179.39502,-1.24542539E-05
36,10,3201.19214,5179.39502,5301.84277,-1.24542539E-05
36,11,3201.19214,5301.84277,5330.19727,-1.24542539E-05
36,12,3201.19214,5330.19727,5271.24121,-1.24542539E-05
36,13,3201.19214,5271.24121,5136.32520,-1.24542539E-05
36,14,3201.19214,5136.32520,4939.32129,-1.24542539E-05
36,15,3201.19214,4939.32129,4694.90576,-1.24542539E-05
36,16,3201.19214,4694.90576,4417.26660,-1.24542539E-05
36,17,3201.19214,4417.26660,4119.21484,-1.24542539E-05
36,18,3201.19214,4119.21484,3811.66772,-1.24542539E-05
36,19,3201.19214,3811.66772,3503.42896,-1.24542539E-05
36,20,3201.19214,3503.42896,3201.19214,-1.24542539E-05
37,1,0.00000000,3201.19214,2664.90552,-3.38427280E-03
37,2,0.00000000,2664.90552,2163.75537,-3.38427280E-03
37,3,0.00000000,2163.75537,1708.42517,-3.38427280E-03
37,4,0.00000000,1708.42517,1304.31152,-3.38427280E-03
37,5,0.00000000,1304.31152,952.395996,-3.38427280E-03
37,6,0.00000000,952.395996,650.594482,-3.38427280E-03
37,7,0.00000000,650.594482,395.125671,-3.38427280E-03
37,8,0.00000000,395.125671,181.538879,-3.38427280E-03
37,9,0.00000000,181.538879,26.9619446,-3.38427280E-03
37,10,0.00000000,26.9619446,0.00000000,-3.38427280E-03
37,11,0.00000000,0.00000000,0.00000000,-3.38427280E-03
37,12,0.00000000,0.00000000,0.00000000,-3.38427280E-03
37,13,0.00000000,0.00000000,0.00000000,-3.38427280E-03
37,14,0.00000000,0.00000000,0.00000000,-3.38427280E-03
37,15,0.00000000,0.00000000,0.00000000,-3.38427280E-03
37,16,0.00000000,0.00000000,0.00000000,-3.38427280E-03
37,17,0.00000000,0.00000000,0.00000000,-3.38427280E-03
37,18,0.00000000,0.00000000,0.00000000,-3.38427280E-03
37,19,0.00000000,0.00000000,0.00000000,-3.38427280E-03
37,20,0.00000000,0.00000000,0.00000000,-3.38427280E-03
38,1,1101.18774,0.00000000,3.97878027,-9.16611225E-06
38,2,1101.18774,3.97878027,26.4603443,-9.16611225E-06
38,3,1101.18774,26.4603443,87.6541672,-9.16611225E-06
38,4,1101.18774,87.6541672,201.682480,-9.16611225E-06
38,5,1101.18774,201.682480,366.436310,-9.16611225E-06
38,6,1101.18774,366.436310,560.507751,-9.16611225E-06
38,7,1101.18774,560.507751,749.841797,-9.16611225E-06
38,8,1101.18774,749.841797,903.140503,-9.16611225E-06
38,9,1101.18774,903.140503,1005.93323,-9.16611225E-06
38,10,1101.18774,1005.93323,1062.77344,-9.16611225E-06
38,11,1101.18774,1062.77344,1088.49133,-9.16611225E-06
38,12,1101.18774,1088.49133,1097.87219,-9.16611225E-06
38,13,1101.18774,1097.87219,1100.55237,-9.16611225E-06
38,14,1101.18774,1100.55237,1101.11584,-9.16611225E-06
38,15,1101.18774,1101.11584,1101.18884,-9.16611225E-06
38,16,1101.18774,1101.18884,1101.18958,-9.16611225E-06
38,17,1101.18774,1101.18958,1101.18774,-9.16611225E-06
38,18,1101.18774,1101.18774,1101.18774,-9.16611225E-06
38,19,1101.18774,1101.18774,1101.18774,-9.16611225E-06
38,20,1101.18774,1101.18774,1101.18774,-9.16611225E-06
39,1,2068.26294,1101.18774,1100.72131,-3.18472537E-08
39,2,2068.26294,1100.72131,1099.67175,-3.18472537E-08
39,3,2068.26294,1099.67175,1104.60669,-3.18472537E-08
39,4,2068.26294,1104.60669,1132.28406,-3.18472537E-08
39,5,2068.26294,1132.28406,1204.35681,-3.18472537E-08
39,6,2068.26294,1204.35681,1334.68042,-3.18472537E-08
39,7,2068.26294,1334.68042,1518.83142,-3.18472537E-08
39,8,2068.26294,1518.83142,1733.75037,-3.18472537E-08
39,9,2068.26294,1733.75037,1947.13245,-3.18472537E-08
39,10,2068.26294,1947.13245,2129.77417,-3.18472537E-08
39,11,2068.26294,2129.77417,2263.97095,-3.18472537E-08
39,12,2068.26294,2263.97095,2345.30664,-3.18472537E-08
39,13,2068.26294,2345.30664,2379.39233,-3.18472537E-08
39,14,2068.26294,2379.39233,2376.78931,-3.18472537E-08
39,15,2068.26294,2376.78931,2348.69897,-3.18472537E-08
39,16,2068.26294,2348.69897,2304.48267,-3.18472537E-08
39,17,2068.26294,2304.48267,2250.86133,-3.18472537E-08
39,18,2068.26294,2250.86133,2192.13745,-3.18472537E-08
39,19,2068.26294,2192.13745,2130.82056,-3.18472537E-08
39,20,2068.26294,2130.82056,2068.26294,-3.18472537E-08
40,1,4912.04199,2068.26294,2278.19116,3.01836152E-02
40,2,4912.04199,2278.19116,2487.31348,3.01836152E-02
40,3,4912.04199,2487.31348,2694.79980,3.01836152E-02
40,4,4912.04199,2694.79980,2899.52979,3.01836152E-02
40,5,4912.04199,2899.52979,3100.15649,3.01836152E-02
40,6,4912.04199,3100.15649,3295.19971,3.01836152E-02
40,7,4912.04199,3295.19971,3483.14819,3.01836152E-02
40,8,4912.04199,3483.14819,3662.55908,3.01836152E-02
40,9,4912.04199,3662.55908,3832.13940,3.01836152E-02
40,10,4912.04199,3832.13940,3990.81226,3.01836152E-02
40,11,4912.04199,3990.81226,4137.75098,3.01836152E-02
40,12,4912.04199,4137.75098,4272.39404,3.01836152E-02
40,13,4912.04199,4272.39404,4394.44092,3.01836152E-02
40,14,4912.04199,4394.44092,4503.82959,3.01836152E-02
40,15,4912.04199,4503.82959,4600.70312,3.01836152E-02
40,16,4912.04199,4600.70312,4685.37500,3.01836152E-02
40,17,4912.04199,4685.37500,4758.28613,3.01836152E-02
40,18,4912.04199,4758.28613,4819.96973,3.01836152E-02
40,19,4912.04199,4819.96973,4871.01562,3.01836152E-02
40,20,4912.04199,4871.01562,4912.04199,3.01836152E-02
41,1,1378.38660,4912.04199,4727.80029,-8.75374212E-07
41,2,1378.38660,4727.80029,4536.50977,-8.75374212E-07
41,3,1378.38660,4536.50977,4339.37891,-8.75374212E-07
41,4,1378.38660,4339.37891,4137.81787,-8.75374212E-07
41,5,1378.38660,4137.81787,3933.38501,-8.75374212E-07
41,6,1378.38660,3933.38501,3727.71851,-8.75374212E-07
41,7,1378.38660,3727.71851,3522.46509,-8.75374212E-07
41,8,1378.38660,3522.46509,3319.20630,-8.75374212E-07
41,9,1378.38660,3319.20630,3119.40332,-8.75374212E-07
41,10,1378.38660,3119.40332,2924.34644,-8.75374212E-07
41,11,1378.38660,2924.34644,2735.12915,-8.75374212E-07
41,12,1378.38660,2735.12915,2552.63306,-8.75374212E-07
41,13,1378.38660,2552.63306,2377.52710,-8.75374212E-07
41,14,1378.38660,2377.52710,2210.28003,-8.75374212E-07
41,15,1378.38660,2210.28003,2051.17798,-8.75374212E-07
41,16,1378.38660,2051.17798,1900.35071,-8.75374212E-07
41,17,1378.38660,1900.35071,1757.79822,-8.75374212E-07
41,18,1378.38660,1757.79822,1623.41687,-8.75374212E-07
41,19,1378.38660,1623.41687,1497.02527,-8.75374212E-07
41,20,1378.38660,1497.02527,1378.38660,-8.75374212E-07
42,1,677.929443,1378.38660,1325.45300,2.07257154E-03
42,2,677.929443,1325.45300,1274.71021,2.07257154E-03
42,3,677.929443,1274.71021,1226.10095,2.07257154E-03
42,4,677.929443,1226.10095,1179.56714,2.07257154E-03
42,5,677.929443,1179.56714,1135.04968,2.07257154E-03
42,6,677.929443,1135.04968,1092.48975,2.07257154E-03
42,7,677.929443,1092.48975,1051.83032,2.07257154E-03
42,8,677.929443,1051.83032,1013.01611,2.07257154E-03
42,9,677.929443,1013.01611,975.995422,2.07257154E-03
42,10,677.929443,975.995422,940.720764,2.07257154E-03
42,11,677.929443,940.720764,907.149902,2.07257154E-03
42,12,677.929443,907.149902,875.246216,2.07257154E-03
42,13,677.929443,875.246216,844.979736,2.07257154E-03
42,14,677.929443,844.979736,816.327454,2.07257154E-03
42,15,677.929443,816.327454,789.273560,2.07257154E-03
42,16,677.929443,789.273560,763.809570,2.07257154E-03
42,17,677.929443,763.809570,739.934326,2.07257154E-03
42,18,677.929443,739.934326,717.653442,2.07257154E-03
42,19,677.929443,717.653442,696.979126,2.07257154E-03
42,20,677.929443,696.979126,677.929443,2.07257154E-03
43,1,1541.41101,677.929443,563.573975,3.65721530E-06
43,2,1541.41101,563.573975,518.301086,3.65721530E-06
43,3,1541.41101,518.301086,539.379456,3.65721530E-06
43,4,1541.41101,539.379456,615.677795,3.65721530E-06
43,5,1541.41101,615.677795,730.102051,3.65721530E-06
43,6,1541.41101,730.102051,863.763977,3.65721530E-06
43,7,1541.41101,863.763977,999.809753,3.65721530E-06
43,8,1541.41101,999.809753,1125.75928,3.65721530E-06
43,9,1541.41101,1125.75928,1234.18542,3.65721530E-06
43,10,1541.41101,1234.18542,1322.15308,3.65721530E-06
43,11,1541.41101,1322.15308,1390.02454,3.65721530E-06
43,12,1541.41101,1390.02454,1440.15173,3.65721530E-06
43,13,1541.41101,1440.15173,1475.76685,3.65721530E-06
43,14,1541.41101,1475.76685,1500.20471,3.65721530E-06
43,15,1541.41101,1500.20471,1516.45032,3.65721530E-06
43,16,1541.41101,1516.45032,1526.94043,3.65721530E-06
43,17,1541.41101,1526.94043,1533.53394,3.65721530E-06
43,18,1541.41101,1533.53394,1537.57556,3.65721530E-06
43,19,1541.41101,1537.57556,1539.99500,3.65721530E-06
43,20,1541.41101,1539.99500,1541.41101,3.65721530E-06
44,1,1103.77136,1541.41101,1515.51147,-4.09073802E-03
44,2,1103.77136,1515.51147,1489.65735,-4.09073802E-03
44,3,1103.77136,1489.65735,1463.89832,-4.09073802E-03
44,4,1103.77136,1463.89832,1438.29297,-4.09073802E-03
44,5,1103.77136,1438.29297,1412.90710,-4.09073802E-03
44,6,1103.77136,1412.90710,1387.81213,-4.09073802E-03
44,7,1103.77136,1387.81213,1363.08215,-4.09073802E-03
44,8,1103.77136,1363.08215,1338.79285,-4.09073802E-03
44,9,1103.77136,1338.79285,1315.01917,-4.09073802E-03
44,10,1103.77136,1315.01917,1291.83350,-4.09073802E-03
44,11,1103.77136,1291.83350,1269.30347,-4.09073802E-03
44,12,1103.77136,1269.30347,1247.49109,-4.09073802E-03
44,13,1103.77136,1247.49109,1226.45166,-4.09073802E-03
44,14,1103.77136,1226.45166,1206.23279,-4.09073802E-03
44,15,1103.77136,1206.23279,1186.87390,-4.09073802E-03
44,16,1103.77136,1186.87390,1168.40588,-4.09073802E-03
44,17,1103.77136,1168.40588,1150.85132,-4.09073802E-03
44,18,1103.77136,1150.85132,1134.22449,-4.09073802E-03
44,19,1103.77136,1134.22449,1118.53162,-4.09073802E-03
44,20,1103.77136,1118.53162,1103.77136,-4.09073802E-03
45,1,2552.63501,1103.77136,1136.23303,1.32663472E-05
45,2,2552.63501,1136.23303,1173.06714,1.32663472E-05
45,3,2552.63501,1173.06714,1213.22327,1.32663472E-05
45,4,2552.63501,1213.22327,1255.80566,1.32663472E-05
45,5,2552.63501,1255.80566,1300.34436,1.32663472E-05
45,6,2552.63501,1300.34436,1346.94397,1.32663472E-05
45,7,2552.63501,1346.94397,1396.28589,1.32663472E-05
45,8,2552.63501,1396.28589,1449.49646,1.32663472E-05
45,9,2552.63501,1449.49646,1507.92285,1.32663472E-05
45,10,2552.63501,1507.92285,1572.87183,1.32663472E-05
45,11,2552.63501,1572.87183,1645.36389,1.32663472E-05
45,12,2552.63501,1645.36389,1725.94446,1.32663472E-05
45,13,2552.63501,1725.94446,1814.57336,1.32663472E-05
45,14,2552.63501,1814.57336,1910.60242,1.32663472E-05
45,15,2552.63501,1910.60242,2012.83008,1.32663472E-05
45,16,2552.63501,2012.83008,2119.61401,1.32663472E-05
45,17,2552.63501,2119.61401,2229.02173,1.32663472E-05
45,18,2552.63501,2229.02173,2338.99219,1.32663472E-05
45,19,2552.63501,2338.99219,2447.48975,1.32663472E-05
45,20,2552.63501,2447.48975,2552.63501,1.32663472E-05
46,1,2978.61401,2552.63501,2583.35547,4.49836676E-07
46,2,2978.61401,2583.35547,2613.46338,4.49836676E-07
46,3,2978.61401,2613.46338,2642.88477,4.49836676E-07
46,4,2978.61401,2642.88477,2671.54517,4.49836676E-07
46,5,2978.61401,2671.54517,2699.37085,4.49836676E-07
46,6,2978.61401,2699.37085,2726.29053,4.49836676E-07
46,7,2978.61401,2726.29053,2752.23462,4.49836676E-07
46,8,2978.61401,2752.23462,2777.13696,4.49836676E-07
46,9,2978.61401,2777.13696,2800.93701,4.49836676E-07
46,10,2978.61401,2800.93701,2823.57837,4.49836676E-07
46,11,2978.61401,2823.57837,2845.01147,4.49836676E-07
46,12,2978.61401,2845.01147,2865.19141,4.49836676E-07
46,13,2978.61401,2865.19141,2884.08228,4.49836676E-07
46,14,2978.61401,2884.08228,2901.65356,4.49836676E-07
46,15,2978.61401,2901.65356,2917.88354,4.49836676E-07
46,16,2978.61401,2917.88354,2932.75610,4.49836676E-07
46,17,2978.61401,2932.75610,2946.26343,4.49836676E-07
46,18,2978.61401,2946.26343,2958.40405,4.49836676E-07
46,19,2978.61401,2958.40405,2969.18384,4.49836676E-07
46,20,2978.61401,2969.18384,2978.61401,4.49836676E-07
47,1,2953.04199,3081.54126,3057.40942,-1.46494313E-05
47,2,2953.04199,3057.40942,3172.65967,-1.46494313E-05
47,3,2953.04199,3172.65967,3033.39697,-1.46494313E-05
47,4,2953.04199,3033.39697,2989.31177,-1.46494313E-05
47,5,2953.04199,2989.31177,3079.89868,-1.46494313E-05
47,6,2953.04199,3079.89868,3176.04663,-1.46494313E-05
47,7,2953.04199,3176.04663,3186.26685,-1.46494313E-05
47,8,2953.04199,3186.26685,3114.45581,-1.46494313E-05
47,9,2953.04199,3114.45581,3021.32153,-1.46494313E-05
47,10,2953.04199,3021.32153,2967.44360,-1.46494313E-05
47,11,2953.04199,2967.44360,2979.22144,-1.46494313E-05
47,12,2953.04199,2979.22144,3044.81323,-1.46494313E-05
47,13,2953.04199,3044.81323,3129.32690,-1.46494313E-05
47,14,2953.04199,3129.32690,3195.20898,-1.46494313E-05
47,15,2953.04199,3195.20898,3217.82935,-1.46494313E-05
47,16,2953.04199,3217.82935,3191.99097,-1.46494313E-05
47,17,2953.04199,3191.99097,3129.99487,-1.46494313E-05
47,18,2953.04199,3129.99487,3054.41089,-1.46494313E-05
47,19,2953.04199,3054.41089,2989.33130,-1.46494313E-05
47,20,2953.04199,2989.33130,2953.04199,-1.46494313E-05
48,1,3452.37524,2953.04199,2978.31006,4.28682833E-04
48,2,3452.37524,2978.31006,2956.89478,4.28682833E-04
48,3,3452.37524,2956.89478,3153.22241,4.28682833E-04
48,4,3452.37524,3153.22241,3226.98022,4.28682833E-04
48,5,3452.37524,3226.98022,3200.48853,4.28682833E-04
48,6,3452.37524,3200.48853,3192.39551,4.28682833E-04
48,7,3452.37524,3192.39551,3233.75757,4.28682833E-04
48,8,3452.37524,3233.75757,3276.54663,4.28682833E-04
48,9,3452.37524,3276.54663,3266.44946,4.28682833E-04
48,10,3452.37524,3266.44946,3190.63037,4.28682833E-04
48,11,3452.37524,3190.63037,3080.64282,4.28682833E-04
48,12,3452.37524,3080.64282,2987.66870,4.28682833E-04
48,13,3452.37524,2987.66870,2953.83667,4.28682833E-04
48,14,3452.37524,2953.83667,2994.85352,4.28682833E-04
48,15,3452.37524,2994.85352,3097.82617,4.28682833E-04
48,16,3452.37524,3097.82617,3230.53223,4.28682833E-04
48,17,3452.37524,3230.53223,3355.34155,4.28682833E-04
48,18,3452.37524,3355.34155,3441.76685,4.28682833E-04
48,19,3452.37524,3441.76685,3473.96948,4.28682833E-04
48,20,3452.37524,3473.96948,3452.37524,4.28682833E-04
49,1,3239.54590,3452.37524,3435.90381,5.53849816E-07
49,2,3239.54590,3435.90381,3376.10840,5.53849816E-07
49,3,3239.54590,3376.10840,3329.07910,5.53849816E-07
49,4,3239.54590,3329.07910,3298.28369,5.53849816E-07
49,5,3239.54590,3298.28369,3273.06396,5.53849816E-07
49,6,3239.54590,3273.06396,3244.45483,5.53849816E-07
49,7,3239.54590,3244.45483,3209.50000,5.53849816E-07
49,8,3239.54590,3209.50000,3170.42261,5.53849816E-07
49,9,3239.54590,3170.42261,3132.20337,5.53849816E-07
49,10,3239.54590,3132.20337,3100.21826,5.53849816E-07
49,11,3239.54590,3100.21826,3078.62451,5.53849816E-07
49,12,3239.54590,3078.62451,3069.57178,5.53849816E-07
49,13,3239.54590,3069.57178,3073.11792,5.53849816E-07
49,14,3239.54590,3073.11792,3087.59497,5.53849816E-07
49,15,3239.54590,3087.59497,3110.20581,5.53849816E-07
49,16,3239.54590,3110.20581,3137.65088,5.53849816E-07
49,17,3239.54590,3137.65088,3166.69604,5.53849816E-07
49,18,3239.54590,3166.69604,3194.58228,5.53849816E-07
49,19,3239.54590,3194.58228,3219.27393,5.53849816E-07
49,20,3239.54590,3219.27393,3239.54590,5.53849816E-07
50,1,14217.3916,3533.49072,4034.31299,3.37496623E-02
50,2,14217.3916,4034.31299,4599.63184,3.37496623E-02
50,3,14217.3916,4599.63184,5057.07812,3.37496623E-02
50,4,14217.3916,5057.07812,5489.21680,3.37496623E-02
50,5,14217.3916,5489.21680,5971.89551,3.37496623E-02
50,6,14217.3916,5971.89551,6522.82031,3.37496623E-02
50,7,14217.3916,6522.82031,7120.05371,3.37496623E-02
50,8,14217.3916,7120.05371,7730.57422,3.37496623E-02
50,9,14217.3916,7730.57422,8328.93359,3.37496623E-02
50,10,14217.3916,8328.93359,8903.72070,3.37496623E-02
50,11,14217.3916,8903.72070,9455.77930,3.37496623E-02
50,12,14217.3916,9455.77930,9992.83301,3.37496623E-02
50,13,14217.3916,9992.83301,10523.9746,3.37496623E-02
50,14,14217.3916,10523.9746,11055.8496,3.37496623E-02
50,15,14217.3916,11055.8496,11590.9854,3.37496623E-02
50,16,14217.3916,11590.9854,12128.0518,3.37496623E-02
50,17,14217.3916,12128.0518,12663.1807,3.37496623E-02
50,18,14217.3916,12663.1807,13191.8252,3.37496623E-02
50,19,14217.3916,13191.8252,13710.4043,3.37496623E-02
50,20,14217.3916,13710.4043,14217.3916,3.37496623E-02
51,1,13978.3164,14217.3916,14197.8984,-2.01061179E-04
51,2,13978.3164,14197.8984,14018.0811,-2.01061179E-04
51,3,13978.3164,14018.0811,14031.3145,-2.01061179E-04
51,4,13978.3164,14031.3145,14073.3281,-2.01061179E-04
51,5,13978.3164,14073.3281,14040.8213,-2.01061179E-04
51,6,13978.3164,14040.8213,13951.1416,-2.01061179E-04
51,7,13978.3164,13951.1416,13868.8242,-2.01061179E-04
51,8,13978.3164,13868.8242,13857.2031,-2.01061179E-04
51,9,13978.3164,13857.2031,14002.6904,-2.01061179E-04
51,10,13978.3164,14002.6904,14024.3086,-2.01061179E-04
51,11,13978.3164,14024.3086,14014.0889,-2.01061179E-04
51,12,13978.3164,14014.0889,14071.8496,-2.01061179E-04
51,13,13978.3164,14071.8496,14184.7070,-2.01061179E-04
51,14,13978.3164,14184.7070,14305.0244,-2.01061179E-04
51,15,13978.3164,14305.0244,14388.7754,-2.01061179E-04
51,16,13978.3164,14388.7754,14410.4189,-2.01061179E-04
51,17,13978.3164,14410.4189,14364.8750,-2.01061179E-04
51,18,13978.3164,14364.8750,14263.2012,-2.01061179E-04
51,19,13978.3164,14263.2012,14126.2305,-2.01061179E-04
51,20,13978.3164,14126.2305,13978.3164,-2.01061179E-04
52,1,9458.02832,13978.3164,13405.8359,-5.93579933E-03
52,2,9458.02832,13405.8359,13726.7070,-5.93579933E-03
52,3,9458.02832,13726.7070,13207.8506,-5.93579933E-03
52,4,9458.02832,13207.8506,12787.8262,-5.93579933E-03
52,5,9458.02832,12787.8262,12682.3848,-5.93579933E-03
52,6,9458.02832,12682.3848,12694.3916,-5.93579933E-03
52,7,9458.02832,12694.3916,13081.2773,-5.93579933E-03
52,8,9458.02832,13081.2773,12859.2842,-5.93579933E-03
52,9,9458.02832,12859.2842,12204.8125,-5.93579933E-03
52,10,9458.02832,12204.8125,11727.8447,-5.93579933E-03
52,11,9458.02832,11727.8447,11995.8770,-5.93579933E-03
52,12,9458.02832,11995.8770,12330.0283,-5.93579933E-03
52,13,9458.02832,12330.0283,12460.8125,-5.93579933E-03
52,14,9458.02832,12460.8125,12297.5986,-5.93579933E-03
52,15,9458.02832,12297.5986,12003.3848,-5.93579933E-03
52,16,9458.02832,12003.3848,11594.2461,-5.93579933E-03
52,17,9458.02832,11594.2461,11080.3428,-5.93579933E-03
52,18,9458.02832,11080.3428,10513.0195,-5.93579933E-03
52,19,9458.02832,10513.0195,9969.32422,-5.93579933E-03
52,20,9458.02832,9969.32422,9458.02832,-5.93579933E-03
53,1,3656.74609,9458.02832,9217.14746,-8.14656913E-02
53,2,3656.74609,9217.14746,8841.72949,-8.14656913E-02
53,3,3656.74609,8841.72949,8385.18164,-8.14656913E-02
53,4,3656.74609,8385.18164,8025.36133,-8.14656913E-02
53,5,3656.74609,8025.36133,8094.07520,-8.14656913E-02
53,6,3656.74609,8094.07520,8100.94141,-8.14656913E-02
53,7,3656.74609,8100.94141,8052.69043,-8.14656913E-02
53,8,3656.74609,8052.69043,7955.57520,-8.14656913E-02
53,9,3656.74609,7955.57520,7815.35938,-8.14656913E-02
53,10,3656.74609,7815.35938,7637.37256,-8.14656913E-02
53,11,3656.74609,7637.37256,7426.52002,-8.14656913E-02
53,12,3656.74609,7426.52002,7187.31934,-8.14656913E-02
53,13,3656.74609,7187.31934,6923.90869,-8.14656913E-02
53,14,3656.74609,6923.90869,6640.08350,-8.14656913E-02
53,15,3656.74609,6640.08350,6339.30908,-8.14656913E-02
53,16,3656.74609,6339.30908,6024.74219,-8.14656913E-02
53,17,3656.74609,6024.74219,5475.85498,-8.14656913E-02
53,18,3656.74609,5475.85498,4800.13281,-8.14656913E-02
53,19,3656.74609,4800.13281,4195.87012,-8.14656913E-02
53,20,3656.74609,4195.87012,3656.74609,-8.14656913E-02
54,1,5221.94629,3656.74609,3462.01416,-1.71196670E-03
54,2,5221.94629,3462.01416,3502.16846,-1.71196670E-03
54,3,5221.94629,3502.16846,3694.57959,-1.71196670E-03
54,4,5221.94629,3694.57959,3975.46289,-1.71196670E-03
54,5,5221.94629,3975.46289,4296.64355,-1.71196670E-03
54,6,5221.94629,4296.64355,4622.76221,-1.71196670E-03
54,7,5221.94629,4622.76221,4928.89697,-1.71196670E-03
54,8,5221.94629,4928.89697,5198.50049,-1.71196670E-03
54,9,5221.94629,5198.50049,5421.66260,-1.71196670E-03
54,10,5221.94629,5421.66260,5593.65234,-1.71196670E-03
54,11,5221.94629,5593.65234,5713.67236,-1.71196670E-03
54,12,5221.94629,5713.67236,5783.84766,-1.71196670E-03
54,13,5221.94629,5783.84766,5808.36279,-1.71196670E-03
54,14,5221.94629,5808.36279,5792.78027,-1.71196670E-03
54,15,5221.94629,5792.78027,5743.46387,-1.71196670E-03
54,16,5221.94629,5743.46387,5667.14941,-1.71196670E-03
54,17,5221.94629,5667.14941,5570.58008,-1.71196670E-03
54,18,5221.94629,5570.58008,5460.25977,-1.71196670E-03
54,19,5221.94629,5460.25977,5342.22559,-1.71196670E-03
54,20,5221.94629,5342.22559,5221.94629,-1.71196670E-03
55,1,4317.35107,5221.94629,5115.21045,-5.03758341E-03
55,2,4317.35107,5115.21045,4998.50049,-5.03758341E-03
55,3,4317.35107,4998.50049,4878.55615,-5.03758341E-03
55,4,4317.35107,4878.55615,4760.71533,-5.03758341E-03
55,5,4317.35107,4760.71533,4649.08350,-5.03758341E-03
55,6,4317.35107,4649.08350,4546.71631,-5.03758341E-03
55,7,4317.35107,4546.71631,4455.75488,-5.03758341E-03
55,8,4317.35107,4455.75488,4377.57324,-5.03758341E-03
55,9,4317.35107,4377.57324,4312.89209,-5.03758341E-03
55,10,4317.35107,4312.89209,4261.88672,-5.03758341E-03
55,11,4317.35107,4261.88672,4224.28857,-5.03758341E-03
55,12,4317.35107,4224.28857,4199.46729,-5.03758341E-03
55,13,4317.35107,4199.46729,4186.49805,-5.03758341E-03
55,14,4317.35107,4186.49805,4184.24756,-5.03758341E-03
55,15,4317.35107,4184.24756,4191.40771,-5.03758341E-03
55,16,4317.35107,4191.40771,4206.57031,-5.03758341E-03
55,17,4317.35107,4206.57031,4228.25000,-5.03758341E-03
55,18,4317.35107,4228.25000,4254.94141,-5.03758341E-03
55,19,4317.35107,4254.94141,4285.13379,-5.03758341E-03
55,20,4317.35107,4285.13379,4317.35107,-5.03758341E-03
56,1,4290.14209,4317.35107,4415.26270,1.75171517E-05
56,2,4290.14209,4415.26270,4525.35938,1.75171517E-05
56,3,4290.14209,4525.35938,4618.91797,1.75171517E-05
56,4,4290.14209,4618.91797,4699.24902,1.75171517E-05
56,5,4290.14209,4699.24902,4768.19043,1.75171517E-05
56,6,4290.14209,4768.19043,4826.53320,1.75171517E-05
56,7,4290.14209,4826.53320,4875.92236,1.75171517E-05
56,8,4290.14209,4875.92236,4920.77148,1.75171517E-05
56,9,4290.14209,4920.77148,4955.04492,1.75171517E-05
56,10,4290.14209,4955.04492,4974.84766,1.75171517E-05
56,11,4290.14209,4974.84766,4977.95264,1.75171517E-05
56,12,4290.14209,4977.95264,4963.42773,1.75171517E-05
56,13,4290.14209,4963.42773,4931.31934,1.75171517E-05
56,14,4290.14209,4931.31934,4882.39551,1.75171517E-05
56,15,4290.14209,4882.39551,4851.92090,1.75171517E-05
56,16,4290.14209,4851.92090,4756.30371,1.75171517E-05
56,17,4290.14209,4756.30371,4636.73926,1.75171517E-05
56,18,4290.14209,4636.73926,4514.47949,1.75171517E-05
56,19,4290.14209,4514.47949,4398.37402,1.75171517E-05
56,20,4290.14209,4398.37402,4290.14209,1.75171517E-05
57,1,2936.49463,4290.14209,4185.41602,-4.03297554E-06
57,2,2936.49463,4185.41602,4152.11230,-4.03297554E-06
57,3,2936.49463,4152.11230,3997.93970,-4.03297554E-06
57,4,2936.49463,3997.93970,3812.93018,-4.03297554E-06
57,5,2936.49463,3812.93018,3677.60205,-4.03297554E-06
57,6,2936.49463,3677.60205,3586.91943,-4.03297554E-06
57,7,2936.49463,3586.91943,3511.13330,-4.03297554E-06
57,8,2936.49463,3511.13330,3371.29248,-4.03297554E-06
57,9,2936.49463,3371.29248,3310.24658,-4.03297554E-06
57,10,2936.49463,3310.24658,3271.69629,-4.03297554E-06
57,11,2936.49463,3271.69629,3227.65186,-4.03297554E-06
57,12,2936.49463,3227.65186,3109.01562,-4.03297554E-06
57,13,2936.49463,3109.01562,3017.81494,-4.03297554E-06
57,14,2936.49463,3017.81494,2953.29834,-4.03297554E-06
57,15,2936.49463,2953.29834,2911.10352,-4.03297554E-06
57,16,2936.49463,2911.10352,2887.76562,-4.03297554E-06
57,17,2936.49463,2887.76562,2880.55908,-4.03297554E-06
57,18,2936.49463,2880.55908,2887.34375,-4.03297554E-06
57,19,2936.49463,2887.34375,2906.43457,-4.03297554E-06
57,20,2936.49463,2906.43457,2936.49463,-4.03297554E-06
58,1,2729.03687,2936.49463,3145.59497,1.39940734E-04
58,2,2729.03687,3145.59497,3439.59351,1.39940734E-04
58,3,2729.03687,3439.59351,3871.77466,1.39940734E-04
58,4,2729.03687,3871.77466,4531.35986,1.39940734E-04
58,5,2729.03687,4531.35986,4625.42676,1.39940734E-04
58,6,2729.03687,4625.42676,4904.63379,1.39940734E-04
58,7,2729.03687,4904.63379,5486.34473,1.39940734E-04
58,8,2729.03687,5486.34473,5447.63428,1.39940734E-04
58,9,2729.03687,5447.63428,5520.42480,1.39940734E-04
58,10,2729.03687,5520.42480,5468.81445,1.39940734E-04
58,11,2729.03687,5468.81445,5277.86035,1.39940734E-04
58,12,2729.03687,5277.86035,5086.91699,1.39940734E-04
58,13,2729.03687,5086.91699,4847.75879,1.39940734E-04
58,14,2729.03687,4847.75879,4293.44580,1.39940734E-04
58,15,2729.03687,4293.44580,3586.29712,1.39940734E-04
58,16,2729.03687,3586.29712,2839.79175,1.39940734E-04
58,17,2729.03687,2839.79175,2276.52710,1.39940734E-04
58,18,2729.03687,2276.52710,2172.28735,1.39940734E-04
58,19,2729.03687,2172.28735,2292.91284,1.39940734E-04
58,20,2729.03687,2292.91284,2729.03687,1.39940734E-04
