i,k,old_q,old_q_ch_in,old_q_ch_out,qlat_ch_old
1,1,0.00000000,0.00000000,0.00000000,-2.64417892E-03
1,2,0.00000000,0.00000000,0.00000000,-2.64417892E-03
1,3,0.00000000,0.00000000,0.00000000,-2.64417892E-03
1,4,0.00000000,0.00000000,0.00000000,-2.64417892E-03
1,5,0.00000000,0.00000000,0.00000000,-2.64417892E-03
1,6,0.00000000,0.00000000,0.00000000,-2.64417892E-03
1,7,0.00000000,0.00000000,0.00000000,-2.64417892E-03
1,8,0.00000000,0.00000000,0.00000000,-2.64417892E-03
1,9,0.00000000,0.00000000,0.00000000,-2.64417892E-03
1,10,0.00000000,0.00000000,0.00000000,-2.64417892E-03
1,11,0.00000000,0.00000000,0.00000000,-2.64417892E-03
1,12,0.00000000,0.00000000,0.00000000,-2.64417892E-03
1,13,0.00000000,0.00000000,0.00000000,-2.64417892E-03
1,14,0.00000000,0.00000000,0.00000000,-2.64417892E-03
1,15,0.00000000,0.00000000,0.00000000,-2.64417892E-03
1,16,0.00000000,0.00000000,0.00000000,-2.64417892E-03
1,17,0.00000000,0.00000000,0.00000000,-2.64417892E-03
1,18,0.00000000,0.00000000,0.00000000,-2.64417892E-03
1,19,0.00000000,0.00000000,0.00000000,-2.64417892E-03
1,20,0.00000000,0.00000000,0.00000000,-2.64417892E-03
2,1,0.00000000,0.00000000,0.00000000,-4.55311220E-03
2,2,0.00000000,0.00000000,0.00000000,-4.55311220E-03
2,3,0.00000000,0.00000000,0.00000000,-4.55311220E-03
2,4,0.00000000,0.00000000,0.00000000,-4.55311220E-03
2,5,0.00000000,0.00000000,0.00000000,-4.55311220E-03
2,6,0.00000000,0.00000000,0.00000000,-4.55311220E-03
2,7,0.00000000,0.00000000,0.00000000,-4.55311220E-03
2,8,0.00000000,0.00000000,0.00000000,-4.55311220E-03
2,9,0.00000000,0.00000000,0.00000000,-4.55311220E-03
2,10,0.00000000,0.00000000,0.00000000,-4.55311220E-03
2,11,0.00000000,0.00000000,0.00000000,-4.55311220E-03
2,12,0.00000000,0.00000000,0.00000000,-4.55311220E-03
2,13,0.00000000,0.00000000,0.00000000,-4.55311220E-03
2,14,0.00000000,0.00000000,0.00000000,-4.55311220E-03
2,15,0.00000000,0.00000000,0.00000000,-4.55311220E-03
2,16,0.00000000,0.00000000,0.00000000,-4.55311220E-03
2,17,0.00000000,0.00000000,0.00000000,-4.55311220E-03
2,18,0.00000000,0.00000000,0.00000000,-4.55311220E-03
2,19,0.00000000,0.00000000,0.00000000,-4.55311220E-03
2,20,0.00000000,0.00000000,0.00000000,-4.55311220E-03
3,1,14.2548790,0.00000000,0.729174078,1.09006269E-05
3,2,14.2548790,0.729174078,1.45834827,1.09006269E-05
3,3,14.2548790,1.45834827,2.18752241,1.09006269E-05
3,4,14.2548790,2.18752241,2.91669655,1.09006269E-05
3,5,14.2548790,2.91669655,3.64587021,1.09006269E-05
3,6,14.2548790,3.64587021,4.37504911,1.09006269E-05
3,7,14.2548790,4.37504911,5.10417891,1.09006269E-05
3,8,14.2548790,5.10417891,5.83366823,1.09006269E-05
3,9,14.2548790,5.83366823,6.56106043,1.09006269E-05
3,10,14.2548790,6.56106043,7.29823828,1.09006269E-05
3,11,14.2548790,7.29823828,7.99911165,1.09006269E-05
3,12,14.2548790,7.99911165,8.80520725,1.09006269E-05
3,13,14.2548790,8.80520725,9.38178730,1.09006269E-05
3,14,14.2548790,9.38178730,10.3043318,1.09006269E-05
3,15,14.2548790,10.3043318,10.9533043,1.09006269E-05
3,16,14.2548790,10.9533043,11.5128431,1.09006269E-05
3,17,14.2548790,11.5128431,12.3999434,1.09006269E-05
3,18,14.2548790,12.3999434,13.6228476,1.09006269E-05
3,19,14.2548790,13.6228476,13.2876301,1.09006269E-05
3,20,14.2548790,13.2876301,14.2548790,1.09006269E-05
4,1,0.00000000,0.00000000,0.00000000,-2.66870557E-05
4,2,0.00000000,0.00000000,0.00000000,-2.66870557E-05
4,3,0.00000000,0.00000000,0.00000000,-2.66870557E-05
4,4,0.00000000,0.00000000,0.00000000,-2.66870557E-05
4,5,0.00000000,0.00000000,0.00000000,-2.66870557E-05
4,6,0.00000000,0.00000000,0.00000000,-2.66870557E-05
4,7,0.00000000,0.00000000,0.00000000,-2.66870557E-05
4,8,0.00000000,0.00000000,0.00000000,-2.66870557E-05
4,9,0.00000000,0.00000000,0.00000000,-2.66870557E-05
4,10,0.00000000,0.00000000,0.00000000,-2.66870557E-05
4,11,0.00000000,0.00000000,0.00000000,-2.66870557E-05
4,12,0.00000000,0.00000000,0.00000000,-2.66870557E-05
4,13,0.00000000,0.00000000,0.00000000,-2.66870557E-05
4,14,0.00000000,0.00000000,0.00000000,-2.66870557E-05
4,15,0.00000000,0.00000000,0.00000000,-2.66870557E-05
4,16,0.00000000,0.00000000,0.00000000,-2.66870557E-05
4,17,0.00000000,0.00000000,0.00000000,-2.66870557E-05
4,18,0.00000000,0.00000000,0.00000000,-2.66870557E-05
4,19,0.00000000,0.00000000,0.00000000,-2.66870557E-05
4,20,0.00000000,0.00000000,0.00000000,-2.66870557E-05
5,1,0.00000000,0.00000000,0.00000000,-1.61029539E-06
5,2,0.00000000,0.00000000,0.00000000,-1.61029539E-06
5,3,0.00000000,0.00000000,0.00000000,-1.61029539E-06
5,4,0.00000000,0.00000000,0.00000000,-1.61029539E-06
5,5,0.00000000,0.00000000,0.00000000,-1.61029539E-06
5,6,0.00000000,0.00000000,0.00000000,-1.61029539E-06
5,7,0.00000000,0.00000000,0.00000000,-1.61029539E-06
5,8,0.00000000,0.00000000,0.00000000,-1.61029539E-06
5,9,0.00000000,0.00000000,0.00000000,-1.61029539E-06
5,10,0.00000000,0.00000000,0.00000000,-1.61029539E-06
5,11,0.00000000,0.00000000,0.00000000,-1.61029539E-06
5,12,0.00000000,0.00000000,0.00000000,-1.61029539E-06
5,13,0.00000000,0.00000000,0.00000000,-1.61029539E-06
5,14,0.00000000,0.00000000,0.00000000,-1.61029539E-06
5,15,0.00000000,0.00000000,0.00000000,-1.61029539E-06
5,16,0.00000000,0.00000000,0.00000000,-1.61029539E-06
5,17,0.00000000,0.00000000,0.00000000,-1.61029539E-06
5,18,0.00000000,0.00000000,0.00000000,-1.61029539E-06
5,19,0.00000000,0.00000000,0.00000000,-1.61029539E-06
5,20,0.00000000,0.00000000,0.00000000,-1.61029539E-06
6,1,0.00000000,0.00000000,0.00000000,-3.41247096E-06
6,2,0.00000000,0.00000000,0.00000000,-3.41247096E-06
6,3,0.00000000,0.00000000,0.00000000,-3.41247096E-06
6,4,0.00000000,0.00000000,0.00000000,-3.41247096E-06
6,5,0.00000000,0.00000000,0.00000000,-3.41247096E-06
6,6,0.00000000,0.00000000,0.00000000,-3.41247096E-06
6,7,0.00000000,0.00000000,0.00000000,-3.41247096E-06
6,8,0.00000000,0.00000000,0.00000000,-3.41247096E-06
6,9,0.00000000,0.00000000,0.00000000,-3.41247096E-06
6,10,0.00000000,0.00000000,0.00000000,-3.41247096E-06
6,11,0.00000000,0.00000000,0.00000000,-3.41247096E-06
6,12,0.00000000,0.00000000,0.00000000,-3.41247096E-06
6,13,0.00000000,0.00000000,0.00000000,-3.41247096E-06
6,14,0.00000000,0.00000000,0.00000000,-3.41247096E-06
6,15,0.00000000,0.00000000,0.00000000,-3.41247096E-06
6,16,0.00000000,0.00000000,0.00000000,-3.41247096E-06
6,17,0.00000000,0.00000000,0.00000000,-3.41247096E-06
6,18,0.00000000,0.00000000,0.00000000,-3.41247096E-06
6,19,0.00000000,0.00000000,0.00000000,-3.41247096E-06
6,20,0.00000000,0.00000000,0.00000000,-3.41247096E-06
7,1,1.39511074E-04,0.00000000,8.06905427E-06,6.16522722E-10
7,2,1.39511074E-04,8.06905427E-06,1.65892397E-05,6.16522722E-10
7,3,1.39511074E-04,1.65892397E-05,2.31824015E-05,6.16522722E-10
7,4,1.39511074E-04,2.31824015E-05,3.37913261E-05,6.16522722E-10
7,5,1.39511074E-04,3.37913261E-05,4.09176682E-05,6.16522722E-10
7,6,1.39511074E-04,4.09176682E-05,4.72862812E-05,6.16522722E-10
7,7,1.39511074E-04,4.72862812E-05,5.60162916E-05,6.16522722E-10
7,8,1.39511074E-04,5.60162916E-05,6.62630482E-05,6.16522722E-10
7,9,1.39511074E-04,6.62630482E-05,7.09808955E-05,6.16522722E-10
7,10,1.39511074E-04,7.09808955E-05,9.35946300E-05,6.16522722E-10
7,11,1.39511074E-04,9.35946300E-05,7.03493715E-05,6.16522722E-10
7,12,1.39511074E-04,7.03493715E-05,9.92881105E-05,6.16522722E-10
7,13,1.39511074E-04,9.92881105E-05,1.18406751E-04,6.16522722E-10
7,14,1.39511074E-04,1.18406751E-04,1.14131632E-04,6.16522722E-10
7,15,1.39511074E-04,1.14131632E-04,1.10808964E-04,6.16522722E-10
7,16,1.39511074E-04,1.10808964E-04,1.29269407E-04,6.16522722E-10
7,17,1.39511074E-04,1.29269407E-04,1.23873106E-04,6.16522722E-10
7,18,1.39511074E-04,1.23873106E-04,1.80621937E-04,6.16522722E-10
7,19,1.39511074E-04,1.80621937E-04,1.59076037E-04,6.16522722E-10
7,20,1.39511074E-04,1.59076037E-04,1.39511074E-04,6.16522722E-10
8,1,0.00000000,0.00000000,0.00000000,-4.01926845E-05
8,2,0.00000000,0.00000000,0.00000000,-4.01926845E-05
8,3,0.00000000,0.00000000,0.00000000,-4.01926845E-05
8,4,0.00000000,0.00000000,0.00000000,-4.01926845E-05
8,5,0.00000000,0.00000000,0.00000000,-4.01926845E-05
8,6,0.00000000,0.00000000,0.00000000,-4.01926845E-05
8,7,0.00000000,0.00000000,0.00000000,-4.01926845E-05
8,8,0.00000000,0.00000000,0.00000000,-4.01926845E-05
8,9,0.00000000,0.00000000,0.00000000,-4.01926845E-05
8,10,0.00000000,0.00000000,0.00000000,-4.01926845E-05
8,11,0.00000000,0.00000000,0.00000000,-4.01926845E-05
8,12,0.00000000,0.00000000,0.00000000,-4.01926845E-05
8,13,0.00000000,0.00000000,0.00000000,-4.01926845E-05
8,14,0.00000000,0.00000000,0.00000000,-4.01926845E-05
8,15,0.00000000,0.00000000,0.00000000,-4.01926845E-05
8,16,0.00000000,0.00000000,0.00000000,-4.01926845E-05
8,17,0.00000000,0.00000000,0.00000000,-4.01926845E-05
8,18,0.00000000,0.00000000,0.00000000,-4.01926845E-05
8,19,0.00000000,0.00000000,0.00000000,-4.01926845E-05
8,20,0.00000000,0.00000000,0.00000000,-4.01926845E-05
9,1,0.00000000,0.00000000,0.00000000,-3.57603676E-05
9,2,0.00000000,0.00000000,0.00000000,-3.57603676E-05
9,3,0.00000000,0.00000000,0.00000000,-3.57603676E-05
9,4,0.00000000,0.00000000,0.00000000,-3.57603676E-05
9,5,0.00000000,0.00000000,0.00000000,-3.57603676E-05
9,6,0.00000000,0.00000000,0.00000000,-3.57603676E-05
9,7,0.00000000,0.00000000,0.00000000,-3.57603676E-05
9,8,0.00000000,0.00000000,0.00000000,-3.57603676E-05
9,9,0.00000000,0.00000000,0.00000000,-3.57603676E-05
9,10,0.00000000,0.00000000,0.00000000,-3.57603676E-05
9,11,0.00000000,0.00000000,0.00000000,-3.57603676E-05
9,12,0.00000000,0.00000000,0.00000000,-3.57603676E-05
9,13,0.00000000,0.00000000,0.00000000,-3.57603676E-05
9,14,0.00000000,0.00000000,0.00000000,-3.57603676E-05
9,15,0.00000000,0.00000000,0.00000000,-3.57603676E-05
9,16,0.00000000,0.00000000,0.00000000,-3.57603676E-05
9,17,0.00000000,0.00000000,0.00000000,-3.57603676E-05
9,18,0.00000000,0.00000000,0.00000000,-3.57603676E-05
9,19,0.00000000,0.00000000,0.00000000,-3.57603676E-05
9,20,0.00000000,0.00000000,0.00000000,-3.57603676E-05
10,1,0.00000000,0.00000000,0.00000000,-3.40445404E-04
10,2,0.00000000,0.00000000,0.00000000,-3.40445404E-04
10,3,0.00000000,0.00000000,0.00000000,-3.40445404E-04
10,4,0.00000000,0.00000000,0.00000000,-3.40445404E-04
10,5,0.00000000,0.00000000,0.00000000,-3.40445404E-04
10,6,0.00000000,0.00000000,0.00000000,-3.40445404E-04
10,7,0.00000000,0.00000000,0.00000000,-3.40445404E-04
10,8,0.00000000,0.00000000,0.00000000,-3.40445404E-04
10,9,0.00000000,0.00000000,0.00000000,-3.40445404E-04
10,10,0.00000000,0.00000000,0.00000000,-3.40445404E-04
10,11,0.00000000,0.00000000,0.00000000,-3.40445404E-04
10,12,0.00000000,0.00000000,0.00000000,-3.40445404E-04
10,13,0.00000000,0.00000000,0.00000000,-3.40445404E-04
10,14,0.00000000,0.00000000,0.00000000,-3.40445404E-04
10,15,0.00000000,0.00000000,0.00000000,-3.40445404E-04
10,16,0.00000000,0.00000000,0.00000000,-3.40445404E-04
10,17,0.00000000,0.00000000,0.00000000,-3.40445404E-04
10,18,0.00000000,0.00000000,0.00000000,-3.40445404E-04
10,19,0.00000000,0.00000000,0.00000000,-3.40445404E-04
10,20,0.00000000,0.00000000,0.00000000,-3.40445404E-04
11,1,20.3098583,0.00000000,1.01769137,1.73532935E-05
11,2,20.3098583,1.01769137,2.03863382,1.73532935E-05
11,3,20.3098583,2.03863382,3.04920244,1.73532935E-05
11,4,20.3098583,3.04920244,4.06883430,1.73532935E-05
11,5,20.3098583,4.06883430,5.11027145,1.73532935E-05
11,6,20.3098583,5.11027145,6.09928799,1.73532935E-05
11,7,20.3098583,6.09928799,7.10625219,1.73532935E-05
11,8,20.3098583,7.10625219,8.15139198,1.73532935E-05
11,9,20.3098583,8.15139198,9.16606426,1.73532935E-05
11,10,20.3098583,9.16606426,10.1931019,1.73532935E-05
11,11,20.3098583,10.1931019,11.2256069,1.73532935E-05
11,12,20.3098583,11.2256069,12.2102203,1.73532935E-05
11,13,20.3098583,12.2102203,13.1784954,1.73532935E-05
11,14,20.3098583,13.1784954,14.2076054,1.73532935E-05
11,15,20.3098583,14.2076054,15.2966328,1.73532935E-05
11,16,20.3098583,15.2966328,16.3657799,1.73532935E-05
11,17,20.3098583,16.3657799,17.3606358,1.73532935E-05
11,18,20.3098583,17.3606358,18.3103523,1.73532935E-05
11,19,20.3098583,18.3103523,19.2828445,1.73532935E-05
11,20,20.3098583,19.2828445,20.3098583,1.73532935E-05
12,1,0.00000000,0.00000000,0.00000000,-8.50157611E-10
12,2,0.00000000,0.00000000,0.00000000,-8.50157611E-10
12,3,0.00000000,0.00000000,0.00000000,-8.50157611E-10
12,4,0.00000000,0.00000000,0.00000000,-8.50157611E-10
12,5,0.00000000,0.00000000,0.00000000,-8.50157611E-10
12,6,0.00000000,0.00000000,0.00000000,-8.50157611E-10
12,7,0.00000000,0.00000000,0.00000000,-8.50157611E-10
12,8,0.00000000,0.00000000,0.00000000,-8.50157611E-10
12,9,0.00000000,0.00000000,0.00000000,-8.50157611E-10
12,10,0.00000000,0.00000000,0.00000000,-8.50157611E-10
12,11,0.00000000,0.00000000,0.00000000,-8.50157611E-10
12,12,0.00000000,0.00000000,0.00000000,-8.50157611E-10
12,13,0.00000000,0.00000000,0.00000000,-8.50157611E-10
12,14,0.00000000,0.00000000,0.00000000,-8.50157611E-10
12,15,0.00000000,0.00000000,0.00000000,-8.50157611E-10
12,16,0.00000000,0.00000000,0.00000000,-8.50157611E-10
12,17,0.00000000,0.00000000,0.00000000,-8.50157611E-10
12,18,0.00000000,0.00000000,0.00000000,-8.50157611E-10
12,19,0.00000000,0.00000000,0.00000000,-8.50157611E-10
12,20,0.00000000,0.00000000,0.00000000,-8.50157611E-10
13,1,0.00000000,0.00000000,0.00000000,-8.47678336E-07
13,2,0.00000000,0.00000000,0.00000000,-8.47678336E-07
13,3,0.00000000,0.00000000,0.00000000,-8.47678336E-07
13,4,0.00000000,0.00000000,0.00000000,-8.47678336E-07
13,5,0.00000000,0.00000000,0.00000000,-8.47678336E-07
13,6,0.00000000,0.00000000,0.00000000,-8.47678336E-07
13,7,0.00000000,0.00000000,0.00000000,-8.47678336E-07
13,8,0.00000000,0.00000000,0.00000000,-8.47678336E-07
13,9,0.00000000,0.00000000,0.00000000,-8.47678336E-07
13,10,0.00000000,0.00000000,0.00000000,-8.47678336E-07
13,11,0.00000000,0.00000000,0.00000000,-8.47678336E-07
13,12,0.00000000,0.00000000,0.00000000,-8.47678336E-07
13,13,0.00000000,0.00000000,0.00000000,-8.47678336E-07
13,14,0.00000000,0.00000000,0.00000000,-8.47678336E-07
13,15,0.00000000,0.00000000,0.00000000,-8.47678336E-07
13,16,0.00000000,0.00000000,0.00000000,-8.47678336E-07
13,17,0.00000000,0.00000000,0.00000000,-8.47678336E-07
13,18,0.00000000,0.00000000,0.00000000,-8.47678336E-07
13,19,0.00000000,0.00000000,0.00000000,-8.47678336E-07
13,20,0.00000000,0.00000000,0.00000000,-8.47678336E-07
14,1,40.5615044,0.00000000,5.34760046,3.94983625E-04
14,2,40.5615044,5.34760046,10.6139832,3.94983625E-04
14,3,40.5615044,10.6139832,15.6887646,3.94983625E-04
14,4,40.5615044,15.6887646,20.4322510,3.94983625E-04
14,5,40.5615044,20.4322510,24.7086411,3.94983625E-04
14,6,40.5615044,24.7086411,28.4170532,3.94983625E-04
14,7,40.5615044,28.4170532,31.5091839,3.94983625E-04
14,8,40.5615044,31.5091839,33.9909782,3.94983625E-04
14,9,40.5615044,33.9909782,35.9121513,3.94983625E-04
14,10,40.5615044,35.9121513,37.3500252,3.94983625E-04
14,11,40.5615044,37.3500252,38.3932800,3.94983625E-04
14,12,40.5615044,38.3932800,39.1291389,3.94983625E-04
14,13,40.5615044,39.1291389,39.6351967,3.94983625E-04
14,14,40.5615044,39.6351967,39.9755516,3.94983625E-04
14,15,40.5615044,39.9755516,40.2001419,3.94983625E-04
14,16,40.5615044,40.2001419,40.3460617,3.94983625E-04
14,17,40.5615044,40.3460617,40.4397621,3.94983625E-04
14,18,40.5615044,40.4397621,40.4994659,3.94983625E-04
14,19,40.5615044,40.4994659,40.5373878,3.94983625E-04
14,20,40.5615044,40.5373878,40.5615044,3.94983625E-04
15,1,15.0495377,14.2548790,15.0424385,3.17646459E-06
15,2,15.0495377,15.0424385,12.9729328,3.17646459E-06
15,3,15.0495377,12.9729328,15.4535341,3.17646459E-06
15,4,15.0495377,15.4535341,20.0785370,3.17646459E-06
15,5,15.0495377,20.0785370,7.58252525,3.17646459E-06
15,6,15.0495377,7.58252525,27.3664780,3.17646459E-06
15,7,15.0495377,27.3664780,3.07509422,3.17646459E-06
15,8,15.0495377,3.07509422,26.3874569,3.17646459E-06
15,9,15.0495377,26.3874569,10.2671804,3.17646459E-06
15,10,15.0495377,10.2671804,7.67533684,3.17646459E-06
15,11,15.0495377,7.67533684,16.0164165,3.17646459E-06
15,12,15.0495377,16.0164165,28.4737072,3.17646459E-06
15,13,15.0495377,28.4737072,22.5424137,3.17646459E-06
15,14,15.0495377,22.5424137,1.58765996,3.17646459E-06
15,15,15.0495377,1.58765996,0.00000000,3.17646459E-06
15,16,15.0495377,0.00000000,22.3021545,3.17646459E-06
15,17,15.0495377,22.3021545,29.6848106,3.17646459E-06
15,18,15.0495377,29.6848106,9.07103443,3.17646459E-06
15,19,15.0495377,9.07103443,0.00000000,3.17646459E-06
15,20,15.0495377,0.00000000,15.0495377,3.17646459E-06
16,1,0.00000000,0.00000000,0.00000000,-5.78113308E-04
16,2,0.00000000,0.00000000,0.00000000,-5.78113308E-04
16,3,0.00000000,0.00000000,0.00000000,-5.78113308E-04
16,4,0.00000000,0.00000000,0.00000000,-5.78113308E-04
16,5,0.00000000,0.00000000,0.00000000,-5.78113308E-04
16,6,0.00000000,0.00000000,0.00000000,-5.78113308E-04
16,7,0.00000000,0.00000000,0.00000000,-5.78113308E-04
16,8,0.00000000,0.00000000,0.00000000,-5.78113308E-04
16,9,0.00000000,0.00000000,0.00000000,-5.78113308E-04
16,10,0.00000000,0.00000000,0.00000000,-5.78113308E-04
16,11,0.00000000,0.00000000,0.00000000,-5.78113308E-04
16,12,0.00000000,0.00000000,0.00000000,-5.78113308E-04
16,13,0.00000000,0.00000000,0.00000000,-5.78113308E-04
16,14,0.00000000,0.00000000,0.00000000,-5.78113308E-04
16,15,0.00000000,0.00000000,0.00000000,-5.78113308E-04
16,16,0.00000000,0.00000000,0.00000000,-5.78113308E-04
16,17,0.00000000,0.00000000,0.00000000,-5.78113308E-04
16,18,0.00000000,0.00000000,0.00000000,-5.78113308E-04
16,19,0.00000000,0.00000000,0.00000000,-5.78113308E-04
16,20,0.00000000,0.00000000,0.00000000,-5.78113308E-04
17,1,0.00000000,0.00000000,0.00000000,-1.64402285E-04
17,2,0.00000000,0.00000000,0.00000000,-1.64402285E-04
17,3,0.00000000,0.00000000,0.00000000,-1.64402285E-04
17,4,0.00000000,0.00000000,0.00000000,-1.64402285E-04
17,5,0.00000000,0.00000000,0.00000000,-1.64402285E-04
17,6,0.00000000,0.00000000,0.00000000,-1.64402285E-04
17,7,0.00000000,0.00000000,0.00000000,-1.64402285E-04
17,8,0.00000000,0.00000000,0.00000000,-1.64402285E-04
17,9,0.00000000,0.00000000,0.00000000,-1.64402285E-04
17,10,0.00000000,0.00000000,0.00000000,-1.64402285E-04
17,11,0.00000000,0.00000000,0.00000000,-1.64402285E-04
17,12,0.00000000,0.00000000,0.00000000,-1.64402285E-04
17,13,0.00000000,0.00000000,0.00000000,-1.64402285E-04
17,14,0.00000000,0.00000000,0.00000000,-1.64402285E-04
17,15,0.00000000,0.00000000,0.00000000,-1.64402285E-04
17,16,0.00000000,0.00000000,0.00000000,-1.64402285E-04
17,17,0.00000000,0.00000000,0.00000000,-1.64402285E-04
17,18,0.00000000,0.00000000,0.00000000,-1.64402285E-04
17,19,0.00000000,0.00000000,0.00000000,-1.64402285E-04
17,20,0.00000000,0.00000000,0.00000000,-1.64402285E-04
18,1,23.9887199,20.3098583,20.4398632,1.92085517E-05
18,2,23.9887199,20.4398632,20.7602577,1.92085517E-05
18,3,23.9887199,20.7602577,20.9667053,1.92085517E-05
18,4,23.9887199,20.9667053,21.0825081,1.92085517E-05
18,5,23.9887199,21.0825081,21.1934299,1.92085517E-05
18,6,23.9887199,21.1934299,21.3540974,1.92085517E-05
18,7,23.9887199,21.3540974,21.5737438,1.92085517E-05
18,8,23.9887199,21.5737438,21.8311119,1.92085517E-05
18,9,23.9887199,21.8311119,22.0943413,1.92085517E-05
18,10,23.9887199,22.0943413,22.3358459,1.92085517E-05
18,11,23.9887199,22.3358459,22.5400085,1.92085517E-05
18,12,23.9887199,22.5400085,22.7045841,1.92085517E-05
18,13,23.9887199,22.7045841,22.8380814,1.92085517E-05
18,14,23.9887199,22.8380814,22.9553413,1.92085517E-05
18,15,23.9887199,22.9553413,23.0727444,1.92085517E-05
18,16,23.9887199,23.0727444,23.2045345,1.92085517E-05
18,17,23.9887199,23.2045345,23.3604393,1.92085517E-05
18,18,23.9887199,23.3604393,23.5446529,1.92085517E-05
18,19,23.9887199,23.5446529,23.7559166,1.92085517E-05
18,20,23.9887199,23.7559166,23.9887199,1.92085517E-05
19,1,0.109553598,0.00000000,5.46147116E-03,1.71465544E-07
19,2,0.109553598,5.46147116E-03,1.09229414E-02,1.71465544E-07
19,3,0.109553598,1.09229414E-02,1.63844340E-02,1.71465544E-07
19,4,0.109553598,1.63844340E-02,2.18456760E-02,1.71465544E-07
19,5,0.109553598,2.18456760E-02,2.73088068E-02,1.71465544E-07
19,6,0.109553598,2.73088068E-02,3.27616706E-02,1.71465544E-07
19,7,0.109553598,3.27616706E-02,3.82557139E-02,1.71465544E-07
19,8,0.109553598,3.82557139E-02,4.36279215E-02,1.71465544E-07
19,9,0.109553598,4.36279215E-02,4.92589362E-02,1.71465544E-07
19,10,0.109553598,4.92589362E-02,5.45273125E-02,1.71465544E-07
19,11,0.109553598,5.45273125E-02,6.00351095E-02,1.71465544E-07
19,12,0.109553598,6.00351095E-02,6.57058954E-02,1.71465544E-07
19,13,0.109553598,6.57058954E-02,7.09318668E-02,1.71465544E-07
19,14,0.109553598,7.09318668E-02,7.62781277E-02,1.71465544E-07
19,15,0.109553598,7.62781277E-02,8.20426419E-02,1.71465544E-07
19,16,0.109553598,8.20426419E-02,8.76008645E-02,1.71465544E-07
19,17,0.109553598,8.76008645E-02,9.27384272E-02,1.71465544E-07
19,18,0.109553598,9.27384272E-02,9.80199799E-02,1.71465544E-07
19,19,0.109553598,9.80199799E-02,0.103761919,1.71465544E-07
19,20,0.109553598,0.103761919,0.109553598,1.71465544E-07
20,1,107.859680,15.0495377,17.7599525,5.18899981E-07
20,2,107.859680,17.7599525,60.6354332,5.18899981E-07
20,3,107.859680,60.6354332,12.5932426,5.18899981E-07
20,4,107.859680,12.5932426,5.35754728,5.18899981E-07
20,5,107.859680,5.35754728,18.4098129,5.18899981E-07
20,6,107.859680,18.4098129,38.5216751,5.18899981E-07
20,7,107.859680,38.5216751,62.0491600,5.18899981E-07
20,8,107.859680,62.0491600,59.7677231,5.18899981E-07
20,9,107.859680,59.7677231,57.5702286,5.18899981E-07
20,10,107.859680,57.5702286,48.1725273,5.18899981E-07
20,11,107.859680,48.1725273,29.9923992,5.18899981E-07
20,12,107.859680,29.9923992,23.5673904,5.18899981E-07
20,13,107.859680,23.5673904,0.00000000,5.18899981E-07
20,14,107.859680,0.00000000,0.00000000,5.18899981E-07
20,15,107.859680,0.00000000,0.00000000,5.18899981E-07
20,16,107.859680,0.00000000,14.2283974,5.18899981E-07
20,17,107.859680,14.2283974,46.7036781,5.18899981E-07
20,18,107.859680,46.7036781,68.2097168,5.18899981E-07
20,19,107.859680,68.2097168,94.5761032,5.18899981E-07
20,20,107.859680,94.5761032,107.859680,5.18899981E-07
21,1,7.77847576,0.00000000,9.57443118E-02,6.63511528E-05
21,2,7.77847576,9.57443118E-02,0.351523042,6.63511528E-05
21,3,7.77847576,0.351523042,1.09310222,6.63511528E-05
21,4,7.77847576,1.09310222,1.83633900,6.63511528E-05
21,5,7.77847576,1.83633900,2.36348248,6.63511528E-05
21,6,7.77847576,2.36348248,2.62903500,6.63511528E-05
21,7,7.77847576,2.62903500,2.68015885,6.63511528E-05
21,8,7.77847576,2.68015885,2.60394907,6.63511528E-05
21,9,7.77847576,2.60394907,2.49422884,6.63511528E-05
21,10,7.77847576,2.49422884,2.43240452,6.63511528E-05
21,11,7.77847576,2.43240452,2.47809720,6.63511528E-05
21,12,7.77847576,2.47809720,2.66633248,6.63511528E-05
21,13,7.77847576,2.66633248,3.00879264,6.63511528E-05
21,14,7.77847576,3.00879264,3.49751544,6.63511528E-05
21,15,7.77847576,3.49751544,4.10963821,6.63511528E-05
21,16,7.77847576,4.10963821,4.81245232,6.63511528E-05
21,17,7.77847576,4.81245232,5.56812477,6.63511528E-05
21,18,7.77847576,5.56812477,6.33786201,6.63511528E-05
21,19,7.77847576,6.33786201,7.08519936,6.63511528E-05
21,20,7.77847576,7.08519936,7.77847576,6.63511528E-05
22,1,619.347412,23.9887199,53.1587677,1.27263146E-03
22,2,619.347412,53.1587677,85.0791473,1.27263146E-03
22,3,619.347412,85.0791473,114.725418,1.27263146E-03
22,4,619.347412,114.725418,148.789124,1.27263146E-03
22,5,619.347412,148.789124,176.092255,1.27263146E-03
22,6,619.347412,176.092255,198.586563,1.27263146E-03
22,7,619.347412,198.586563,225.054977,1.27263146E-03
22,8,619.347412,225.054977,259.113373,1.27263146E-03
22,9,619.347412,259.113373,297.270447,1.27263146E-03
22,10,619.347412,297.270447,333.750366,1.27263146E-03
22,11,619.347412,333.750366,365.162933,1.27263146E-03
22,12,619.347412,365.162933,391.856506,1.27263146E-03
22,13,619.347412,391.856506,416.484497,1.27263146E-03
22,14,619.347412,416.484497,441.801697,1.27263146E-03
22,15,619.347412,441.801697,469.212036,1.27263146E-03
22,16,619.347412,469.212036,498.569305,1.27263146E-03
22,17,619.347412,498.569305,528.868469,1.27263146E-03
22,18,619.347412,528.868469,559.166687,1.27263146E-03
22,19,619.347412,559.166687,589.173706,1.27263146E-03
22,20,619.347412,589.173706,619.347412,1.27263146E-03
23,1,0.00000000,0.109553598,0.00000000,-6.22960870E-05
23,2,0.00000000,0.00000000,0.00000000,-6.22960870E-05
23,3,0.00000000,0.00000000,0.00000000,-6.22960870E-05
23,4,0.00000000,0.00000000,0.00000000,-6.22960870E-05
23,5,0.00000000,0.00000000,0.00000000,-6.22960870E-05
23,6,0.00000000,0.00000000,0.00000000,-6.22960870E-05
23,7,0.00000000,0.00000000,0.00000000,-6.22960870E-05
23,8,0.00000000,0.00000000,0.00000000,-6.22960870E-05
23,9,0.00000000,0.00000000,0.00000000,-6.22960870E-05
23,10,0.00000000,0.00000000,0.00000000,-6.22960870E-05
23,11,0.00000000,0.00000000,0.00000000,-6.22960870E-05
23,12,0.00000000,0.00000000,0.00000000,-6.22960870E-05
23,13,0.00000000,0.00000000,0.00000000,-6.22960870E-05
23,14,0.00000000,0.00000000,0.00000000,-6.22960870E-05
23,15,0.00000000,0.00000000,0.00000000,-6.22960870E-05
23,16,0.00000000,0.00000000,0.00000000,-6.22960870E-05
23,17,0.00000000,0.00000000,0.00000000,-6.22960870E-05
23,18,0.00000000,0.00000000,0.00000000,-6.22960870E-05
23,19,0.00000000,0.00000000,0.00000000,-6.22960870E-05
23,20,0.00000000,0.00000000,0.00000000,-6.22960870E-05
24,1,10.1821423,7.77847576,8.78125191,-2.15202306E-07
24,2,10.1821423,8.78125191,6.46412468,-2.15202306E-07
24,3,10.1821423,6.46412468,5.76566029,-2.15202306E-07
24,4,10.1821423,5.76566029,5.49234438,-2.15202306E-07
24,5,10.1821423,5.49234438,4.37424850,-2.15202306E-07
24,6,10.1821423,4.37424850,3.35591817,-2.15202306E-07
24,7,10.1821423,3.35591817,5.63648129,-2.15202306E-07
24,8,10.1821423,5.63648129,9.11760521,-2.15202306E-07
24,9,10.1821423,9.11760521,11.5760498,-2.15202306E-07
24,10,10.1821423,11.5760498,11.8027344,-2.15202306E-07
24,11,10.1821423,11.8027344,5.13730335,-2.15202306E-07
24,12,10.1821423,5.13730335,2.25487351,-2.15202306E-07
24,13,10.1821423,2.25487351,4.68398476,-2.15202306E-07
24,14,10.1821423,4.68398476,6.63210440,-2.15202306E-07
24,15,10.1821423,6.63210440,5.50553989,-2.15202306E-07
24,16,10.1821423,5.50553989,5.24046087,-2.15202306E-07
24,17,10.1821423,5.24046087,4.29804802,-2.15202306E-07
24,18,10.1821423,4.29804802,3.26691747,-2.15202306E-07
24,19,10.1821423,3.26691747,7.01674366,-2.15202306E-07
24,20,10.1821423,7.01674366,10.1821423,-2.15202306E-07
25,1,617.763123,619.347412,598.862854,4.03414333E-06
25,2,617.763123,598.862854,632.021606,4.03414333E-06
25,3,617.763123,632.021606,650.958801,4.03414333E-06
25,4,617.763123,650.958801,644.933960,4.03414333E-06
25,5,617.763123,644.933960,624.306396,4.03414333E-06
25,6,617.763123,624.306396,602.687256,4.03414333E-06
25,7,617.763123,602.687256,589.632019,4.03414333E-06
25,8,617.763123,589.632019,588.966064,4.03414333E-06
25,9,617.763123,588.966064,599.742737,4.03414333E-06
25,10,617.763123,599.742737,618.107422,4.03414333E-06
25,11,617.763123,618.107422,639.131226,4.03414333E-06
25,12,617.763123,639.131226,658.227234,4.03414333E-06
25,13,617.763123,658.227234,672.008789,4.03414333E-06
25,14,617.763123,672.008789,678.650085,4.03414333E-06
25,15,617.763123,678.650085,677.868835,4.03414333E-06
25,16,617.763123,677.868835,670.635132,4.03414333E-06
25,17,617.763123,670.635132,658.776184,4.03414333E-06
25,18,617.763123,658.776184,644.541138,4.03414333E-06
25,19,617.763123,644.541138,630.208618,4.03414333E-06
25,20,617.763123,630.208618,617.763123,4.03414333E-06
26,1,139.228180,0.00000000,6.83518314,1.07350679E-04
26,2,139.228180,6.83518314,13.6703663,1.07350679E-04
26,3,139.228180,13.6703663,20.5055599,1.07350679E-04
26,4,139.228180,20.5055599,27.3406410,1.07350679E-04
26,5,139.228180,27.3406410,34.1765976,1.07350679E-04
26,6,139.228180,34.1765976,41.0075989,1.07350679E-04
26,7,139.228180,41.0075989,47.8592224,1.07350679E-04
26,8,139.228180,47.8592224,54.6478729,1.07350679E-04
26,9,139.228180,54.6478729,61.5733032,1.07350679E-04
26,10,139.228180,61.5733032,68.3054276,1.07350679E-04
26,11,139.228180,68.3054276,75.1720200,1.07350679E-04
26,12,139.228180,75.1720200,82.0296173,1.07350679E-04
26,13,139.228180,82.0296173,89.1469955,1.07350679E-04
26,14,139.228180,89.1469955,94.9670029,1.07350679E-04
26,15,139.228180,94.9670029,102.986244,1.07350679E-04
26,16,139.228180,102.986244,110.421234,1.07350679E-04
26,17,139.228180,110.421234,113.460976,1.07350679E-04
26,18,139.228180,113.460976,126.061859,1.07350679E-04
26,19,139.228180,126.061859,127.453331,1.07350679E-04
26,20,139.228180,127.453331,139.228180,1.07350679E-04
27,1,0.00000000,10.1821423,0.00000000,-3.76048847E-04
27,2,0.00000000,0.00000000,0.00000000,-3.76048847E-04
27,3,0.00000000,0.00000000,0.00000000,-3.76048847E-04
27,4,0.00000000,0.00000000,0.00000000,-3.76048847E-04
27,5,0.00000000,0.00000000,0.00000000,-3.76048847E-04
27,6,0.00000000,0.00000000,0.00000000,-3.76048847E-04
27,7,0.00000000,0.00000000,0.00000000,-3.76048847E-04
27,8,0.00000000,0.00000000,0.00000000,-3.76048847E-04
27,9,0.00000000,0.00000000,0.00000000,-3.76048847E-04
27,10,0.00000000,0.00000000,0.00000000,-3.76048847E-04
27,11,0.00000000,0.00000000,0.00000000,-3.76048847E-04
27,12,0.00000000,0.00000000,0.00000000,-3.76048847E-04
27,13,0.00000000,0.00000000,0.00000000,-3.76048847E-04
27,14,0.00000000,0.00000000,0.00000000,-3.76048847E-04
27,15,0.00000000,0.00000000,0.00000000,-3.76048847E-04
27,16,0.00000000,0.00000000,0.00000000,-3.76048847E-04
27,17,0.00000000,0.00000000,0.00000000,-3.76048847E-04
27,18,0.00000000,0.00000000,0.00000000,-3.76048847E-04
27,19,0.00000000,0.00000000,0.00000000,-3.76048847E-04
27,20,0.00000000,0.00000000,0.00000000,-3.76048847E-04
28,1,370.469330,617.763123,607.809143,-1.36923685E-04
28,2,370.469330,607.809143,633.179871,-1.36923685E-04
28,3,370.469330,633.179871,539.531372,-1.36923685E-04
28,4,370.469330,539.531372,547.352966,-1.36923685E-04
28,5,370.469330,547.352966,631.601746,-1.36923685E-04
28,6,370.469330,631.601746,661.859070,-1.36923685E-04
28,7,370.469330,661.859070,457.678131,-1.36923685E-04
28,8,370.469330,457.678131,533.476929,-1.36923685E-04
28,9,370.469330,533.476929,589.928101,-1.36923685E-04
28,10,370.469330,589.928101,517.267761,-1.36923685E-04
28,11,370.469330,517.267761,483.670685,-1.36923685E-04
28,12,370.469330,483.670685,481.278381,-1.36923685E-04
28,13,370.469330,481.278381,475.648956,-1.36923685E-04
28,14,370.469330,475.648956,491.122772,-1.36923685E-04
28,15,370.469330,491.122772,518.404846,-1.36923685E-04
28,16,370.469330,518.404846,524.020935,-1.36923685E-04
28,17,370.469330,524.020935,489.437958,-1.36923685E-04
28,18,370.469330,489.437958,446.206726,-1.36923685E-04
28,19,370.469330,446.206726,405.065552,-1.36923685E-04
28,20,370.469330,405.065552,370.469330,-1.36923685E-04
29,1,101.132507,139.228317,136.779282,3.02587273E-06
29,2,101.132507,136.779282,144.752686,3.02587273E-06
29,3,101.132507,144.752686,107.408325,3.02587273E-06
29,4,101.132507,107.408325,165.089264,3.02587273E-06
29,5,101.132507,165.089264,140.204651,3.02587273E-06
29,6,101.132507,140.204651,101.659714,3.02587273E-06
29,7,101.132507,101.659714,120.730820,3.02587273E-06
29,8,101.132507,120.730820,162.964218,3.02587273E-06
29,9,101.132507,162.964218,172.559723,3.02587273E-06
29,10,101.132507,172.559723,143.910934,3.02587273E-06
29,11,101.132507,143.910934,112.043518,3.02587273E-06
29,12,101.132507,112.043518,108.108810,3.02587273E-06
29,13,101.132507,108.108810,133.256393,3.02587273E-06
29,14,101.132507,133.256393,164.691376,3.02587273E-06
29,15,101.132507,164.691376,177.821869,3.02587273E-06
29,16,101.132507,177.821869,163.733063,3.02587273E-06
29,17,101.132507,163.733063,132.122925,3.02587273E-06
29,18,101.132507,132.122925,102.211075,3.02587273E-06
29,19,101.132507,102.211075,90.2191315,3.02587273E-06
29,20,101.132507,90.2191315,101.132507,3.02587273E-06
30,1,3.43279076,0.00000000,0.172611356,5.26502754E-06
30,2,3.43279076,0.172611356,0.340219289,5.26502754E-06
30,3,3.43279076,0.340219289,0.524254858,5.26502754E-06
30,4,3.43279076,0.524254858,0.685477257,5.26502754E-06
30,5,3.43279076,0.685477257,0.851711631,5.26502754E-06
30,6,3.43279076,0.851711631,1.03225398,5.26502754E-06
30,7,3.43279076,1.03225398,1.21325397,5.26502754E-06
30,8,3.43279076,1.21325397,1.38363373,5.26502754E-06
30,9,3.43279076,1.38363373,1.54595208,5.26502754E-06
30,10,3.43279076,1.54595208,1.70996583,5.26502754E-06
30,11,3.43279076,1.70996583,1.88244820,5.26502754E-06
30,12,3.43279076,1.88244820,2.06267357,5.26502754E-06
30,13,3.43279076,2.06267357,2.24453402,5.26502754E-06
30,14,3.43279076,2.24453402,2.42155933,5.26502754E-06
30,15,3.43279076,2.42155933,2.59087420,5.26502754E-06
30,16,3.43279076,2.59087420,2.75420761,5.26502754E-06
30,17,3.43279076,2.75420761,2.91626263,5.26502754E-06
30,18,3.43279076,2.91626263,3.08198023,5.26502754E-06
30,19,3.43279076,3.08198023,3.25422192,5.26502754E-06
30,20,3.43279076,3.25422192,3.43279076,5.26502754E-06
31,1,217.976089,101.132507,117.604568,4.06900981E-05
31,2,217.976089,117.604568,167.901382,4.06900981E-05
31,3,217.976089,167.901382,125.166672,4.06900981E-05
31,4,217.976089,125.166672,179.093277,4.06900981E-05
31,5,217.976089,179.093277,219.105194,4.06900981E-05
31,6,217.976089,219.105194,185.517120,4.06900981E-05
31,7,217.976089,185.517120,118.841217,4.06900981E-05
31,8,217.976089,118.841217,111.510269,4.06900981E-05
31,9,217.976089,111.510269,107.419434,4.06900981E-05
31,10,217.976089,107.419434,124.575394,4.06900981E-05
31,11,217.976089,124.575394,148.180191,4.06900981E-05
31,12,217.976089,148.180191,132.331665,4.06900981E-05
31,13,217.976089,132.331665,117.105820,4.06900981E-05
31,14,217.976089,117.105820,127.036926,4.06900981E-05
31,15,217.976089,127.036926,144.613251,4.06900981E-05
31,16,217.976089,144.613251,169.055771,4.06900981E-05
31,17,217.976089,169.055771,197.242142,4.06900981E-05
31,18,217.976089,197.242142,220.600449,4.06900981E-05
31,19,217.976089,220.600449,229.384872,4.06900981E-05
31,20,217.976089,229.384872,217.976089,4.06900981E-05
32,1,3127.05078,43.9942932,34.2019920,-2.03170612E-06
32,2,3127.05078,34.2019920,37.3903351,-2.03170612E-06
32,3,3127.05078,37.3903351,90.3817596,-2.03170612E-06
32,4,3127.05078,90.3817596,261.376434,-2.03170612E-06
32,5,3127.05078,261.376434,621.993347,-2.03170612E-06
32,6,3127.05078,621.993347,1190.90234,-2.03170612E-06
32,7,3127.05078,1190.90234,1896.62769,-2.03170612E-06
32,8,3127.05078,1896.62769,2601.68701,-2.03170612E-06
32,9,3127.05078,2601.68701,3173.57715,-2.03170612E-06
32,10,3127.05078,3173.57715,3545.45459,-2.03170612E-06
32,11,3127.05078,3545.45459,3726.45361,-2.03170612E-06
32,12,3127.05078,3726.45361,3770.02734,-2.03170612E-06
32,13,3127.05078,3770.02734,3734.95386,-2.03170612E-06
32,14,3127.05078,3734.95386,3663.42993,-2.03170612E-06
32,15,3127.05078,3663.42993,3578.19971,-2.03170612E-06
32,16,3127.05078,3578.19971,3488.84180,-2.03170612E-06
32,17,3127.05078,3488.84180,3398.52100,-2.03170612E-06
32,18,3127.05078,3398.52100,3308.03979,-2.03170612E-06
32,19,3127.05078,3308.03979,3217.54468,-2.03170612E-06
32,20,3127.05078,3217.54468,3127.05078,-2.03170612E-06
33,1,260.403900,217.976089,161.355621,-4.64972254E-05
33,2,260.403900,161.355621,247.883881,-4.64972254E-05
33,3,260.403900,247.883881,113.015518,-4.64972254E-05
33,4,260.403900,113.015518,47.6042900,-4.64972254E-05
33,5,260.403900,47.6042900,107.646744,-4.64972254E-05
33,6,260.403900,107.646744,134.274246,-4.64972254E-05
33,7,260.403900,134.274246,134.829178,-4.64972254E-05
33,8,260.403900,134.829178,104.106705,-4.64972254E-05
33,9,260.403900,104.106705,66.4899292,-4.64972254E-05
33,10,260.403900,66.4899292,41.9459801,-4.64972254E-05
33,11,260.403900,41.9459801,41.9391289,-4.64972254E-05
33,12,260.403900,41.9391289,39.8743858,-4.64972254E-05
33,13,260.403900,39.8743858,67.4885101,-4.64972254E-05
33,14,260.403900,67.4885101,112.686691,-4.64972254E-05
33,15,260.403900,112.686691,184.252686,-4.64972254E-05
33,16,260.403900,184.252686,217.896271,-4.64972254E-05
33,17,260.403900,217.896271,239.868958,-4.64972254E-05
33,18,260.403900,239.868958,268.246033,-4.64972254E-05
33,19,260.403900,268.246033,275.752197,-4.64972254E-05
33,20,260.403900,275.752197,260.403900,-4.64972254E-05
34,1,2759.31543,3127.05078,3108.48560,-5.17669605E-06
34,2,2759.31543,3108.48560,3089.92041,-5.17669605E-06
34,3,2759.31543,3089.92041,3071.35522,-5.17669605E-06
34,4,2759.31543,3071.35522,3052.79004,-5.17669605E-06
34,5,2759.31543,3052.79004,3034.22559,-5.17669605E-06
34,6,2759.31543,3034.22559,3015.66113,-5.17669605E-06
34,7,2759.31543,3015.66113,2997.09814,-5.17669605E-06
34,8,2759.31543,2997.09814,2978.53760,-5.17669605E-06
34,9,2759.31543,2978.53760,2959.98267,-5.17669605E-06
34,10,2759.31543,2959.98267,2941.43628,-5.17669605E-06
34,11,2759.31543,2941.43628,2922.90430,-5.17669605E-06
34,12,2759.31543,2922.90430,2904.39551,-5.17669605E-06
34,13,2759.31543,2904.39551,2885.92041,-5.17669605E-06
34,14,2759.31543,2885.92041,2867.49414,-5.17669605E-06
34,15,2759.31543,2867.49414,2849.13477,-5.17669605E-06
34,16,2759.31543,2849.13477,2830.86572,-5.17669605E-06
34,17,2759.31543,2830.86572,2812.71509,-5.17669605E-06
34,18,2759.31543,2812.71509,2794.71460,-5.17669605E-06
34,19,2759.31543,2794.71460,2776.90137,-5.17669605E-06
34,20,2759.31543,2776.90137,2759.31543,-5.17669605E-06
35,1,2538.74951,2759.31543,2744.36621,-4.48940787E-03
35,2,2538.74951,2744.36621,2734.59741,-4.48940787E-03
35,3,2538.74951,2734.59741,2726.27368,-4.48940787E-03
35,4,2538.74951,2726.27368,2717.46631,-4.48940787E-03
35,5,2538.74951,2717.46631,2707.40308,-4.48940787E-03
35,6,2538.74951,2707.40308,2695.99585,-4.48940787E-03
35,7,2538.74951,2695.99585,2683.51416,-4.48940787E-03
35,8,2538.74951,2683.51416,2670.38525,-4.48940787E-03
35,9,2538.74951,2670.38525,2657.04907,-4.48940787E-03
35,10,2538.74951,2657.04907,2643.87573,-4.48940787E-03
35,11,2538.74951,2643.87573,2631.14575,-4.48940787E-03
35,12,2538.74951,2631.14575,2619.02710,-4.48940787E-03
35,13,2538.74951,2619.02710,2607.58179,-4.48940787E-03
35,14,2538.74951,2607.58179,2596.79272,-4.48940787E-03
35,15,2538.74951,2596.79272,2586.57104,-4.48940787E-03
35,16,2538.74951,2586.57104,2576.78125,-4.48940787E-03
35,17,2538.74951,2576.78125,2567.26660,-4.48940787E-03
35,18,2538.74951,2567.26660,2557.85669,-4.48940787E-03
35,19,2538.74951,2557.85669,2548.39722,-4.48940787E-03
35,20,2538.74951,2548.39722,2538.74951,-4.48940787E-03
36,1,4368.75439,2909.21875,2954.21045,-1.00952784E-05
36,2,4368.75439,2954.21045,3060.92114,-1.00952784E-05
36,3,4368.75439,3060.92114,3237.36621,-1.00952784E-05
36,4,4368.75439,3237.36621,3472.44824,-1.00952784E-05
36,5,4368.75439,3472.44824,3744.23877,-1.00952784E-05
36,6,4368.75439,3744.23877,4027.16113,-1.00952784E-05
36,7,4368.75439,4027.16113,4297.24902,-1.00952784E-05
36,8,4368.75439,4297.24902,4535.33936,-1.00952784E-05
36,9,4368.75439,4535.33936,4728.46191,-1.00952784E-05
36,10,4368.75439,4728.46191,4869.90234,-1.00952784E-05
36,11,4368.75439,4869.90234,4958.42480,-1.00952784E-05
36,12,4368.75439,4958.42480,4997.05713,-1.00952784E-05
36,13,4368.75439,4997.05713,4991.76562,-1.00952784E-05
36,14,4368.75439,4991.76562,4950.20703,-1.00952784E-05
36,15,4368.75439,4950.20703,4880.68750,-1.00952784E-05
36,16,4368.75439,4880.68750,4791.36328,-1.00952784E-05
36,17,4368.75439,4791.36328,4689.68799,-1.00952784E-05
36,18,4368.75439,4689.68799,4582.07715,-1.00952784E-05
36,19,4368.75439,4582.07715,4473.75879,-1.00952784E-05
36,20,4368.75439,4473.75879,4368.75439,-1.00952784E-05
37,1,2109.28223,4368.75439,4204.73584,-6.31431001E-04
37,2,2109.28223,4204.73584,4058.88086,-6.31431001E-04
37,3,2109.28223,4058.88086,3935.47998,-6.31431001E-04
37,4,2109.28223,3935.47998,3835.41748,-6.31431001E-04
37,5,2109.28223,3835.41748,3756.65674,-6.31431001E-04
37,6,2109.28223,3756.65674,3694.81445,-6.31431001E-04
37,7,2109.28223,3694.81445,3643.87012,-6.31431001E-04
37,8,2109.28223,3643.87012,3596.98853,-6.31431001E-04
37,9,2109.28223,3596.98853,3547.38574,-6.31431001E-04
37,10,2109.28223,3547.38574,3489.10474,-6.31431001E-04
37,11,2109.28223,3489.10474,3417.57812,-6.31431001E-04
37,12,2109.28223,3417.57812,3329.90674,-6.31431001E-04
37,13,2109.28223,3329.90674,3224.85791,-6.31431001E-04
37,14,2109.28223,3224.85791,3102.63574,-6.31431001E-04
37,15,2109.28223,3102.63574,2964.51978,-6.31431001E-04
37,16,2109.28223,2964.51978,2812.46533,-6.31431001E-04
37,17,2109.28223,2812.46533,2648.73462,-6.31431001E-04
37,18,2109.28223,2648.73462,2475.60840,-6.31431001E-04
37,19,2109.28223,2475.60840,2295.18701,-6.31431001E-04
37,20,2109.28223,2295.18701,2109.28223,-6.31431001E-04
38,1,903.807434,2109.28223,1817.89453,-2.69337015E-05
38,2,903.807434,1817.89453,1545.56885,-2.69337015E-05
38,3,903.807434,1545.56885,1322.91260,-2.69337015E-05
38,4,903.807434,1322.91260,1163.70715,-2.69337015E-05
38,5,903.807434,1163.70715,1059.58179,-2.69337015E-05
38,6,903.807434,1059.58179,993.328979,-2.69337015E-05
38,7,903.807434,993.328979,951.562317,-2.69337015E-05
38,8,903.807434,951.562317,926.588867,-2.69337015E-05
38,9,903.807434,926.588867,913.236877,-2.69337015E-05
38,10,903.807434,913.236877,907.110229,-2.69337015E-05
38,11,903.807434,907.110229,904.759277,-2.69337015E-05
38,12,903.807434,904.759277,904.023193,-2.69337015E-05
38,13,903.807434,904.023193,903.842285,-2.69337015E-05
38,14,903.807434,903.842285,903.810120,-2.69337015E-05
38,15,903.807434,903.810120,903.807068,-2.69337015E-05
38,16,903.807434,903.807068,903.807312,-2.69337015E-05
38,17,903.807434,903.807312,903.807495,-2.69337015E-05
38,18,903.807434,903.807495,903.807434,-2.69337015E-05
38,19,903.807434,903.807434,903.807495,-2.69337015E-05
38,20,903.807434,903.807495,903.807434,-2.69337015E-05
39,1,865.250244,903.807434,900.752441,-3.66400386E-08
39,2,865.250244,900.752441,884.192932,-3.66400386E-08
39,3,865.250244,884.192932,845.268188,-3.66400386E-08
39,4,865.250244,845.268188,786.081177,-3.66400386E-08
39,5,865.250244,786.081177,721.626343,-3.66400386E-08
39,6,865.250244,721.626343,671.534912,-3.66400386E-08
39,7,865.250244,671.534912,649.341797,-3.66400386E-08
39,8,865.250244,649.341797,657.100220,-3.66400386E-08
39,9,865.250244,657.100220,687.128479,-3.66400386E-08
39,10,865.250244,687.128479,727.647949,-3.66400386E-08
39,11,865.250244,727.647949,768.129333,-3.66400386E-08
39,12,865.250244,768.129333,802.057373,-3.66400386E-08
39,13,865.250244,802.057373,827.087097,-3.66400386E-08
39,14,865.250244,827.087097,843.753662,-3.66400386E-08
39,15,865.250244,843.753662,853.927063,-3.66400386E-08
39,16,865.250244,853.927063,859.680908,-3.66400386E-08
39,17,865.250244,859.680908,862.719971,-3.66400386E-08
39,18,865.250244,862.719971,864.228455,-3.66400386E-08
39,19,865.250244,864.228455,864.935791,-3.66400386E-08
39,20,865.250244,864.935791,865.250244,-3.66400386E-08
40,1,6681.89941,865.250244,1275.07153,5.44976182E-02
40,2,6681.89941,1275.07153,1683.35022,5.44976182E-02
40,3,6681.89941,1683.35022,2088.44482,5.44976182E-02
40,4,6681.89941,2088.44482,2488.16162,5.44976182E-02
40,5,6681.89941,2488.16162,2879.89795,5.44976182E-02
40,6,6681.89941,2879.89795,3260.84375,5.44976182E-02
40,7,6681.89941,3260.84375,3628.20190,5.44976182E-02
40,8,6681.89941,3628.20190,3979.40259,5.44976182E-02
40,9,6681.89941,3979.40259,4312.27930,5.44976182E-02
40,10,6681.89941,4312.27930,4625.19824,5.44976182E-02
40,11,6681.89941,4625.19824,4917.12695,5.44976182E-02
40,12,6681.89941,4917.12695,5187.65137,5.44976182E-02
40,13,6681.89941,5187.65137,5436.93945,5.44976182E-02
40,14,6681.89941,5436.93945,5665.66797,5.44976182E-02
40,15,6681.89941,5665.66797,5874.92822,5.44976182E-02
40,16,6681.89941,5874.92822,6066.10596,5.44976182E-02
40,17,6681.89941,6066.10596,6240.77100,5.44976182E-02
40,18,6681.89941,6240.77100,6400.56445,5.44976182E-02
40,19,6681.89941,6400.56445,6547.10254,5.44976182E-02
40,20,6681.89941,6547.10254,6681.89941,5.44976182E-02
41,1,2326.86914,6681.89941,6412.83936,-9.57128009E-07
41,2,2326.86914,6412.83936,6137.04785,-9.57128009E-07
41,3,2326.86914,6137.04785,5856.71289,-9.57128009E-07
41,4,2326.86914,5856.71289,5574.29004,-9.57128009E-07
41,5,2326.86914,5574.29004,5292.41211,-9.57128009E-07
41,6,2326.86914,5292.41211,5013.76660,-9.57128009E-07
41,7,2326.86914,5013.76660,4740.96533,-9.57128009E-07
41,8,2326.86914,4740.96533,4476.42334,-9.57128009E-07
41,9,2326.86914,4476.42334,4222.25537,-9.57128009E-07
41,10,2326.86914,4222.25537,3980.20093,-9.57128009E-07
41,11,2326.86914,3980.20093,3751.57935,-9.57128009E-07
41,12,2326.86914,3751.57935,3537.27832,-9.57128009E-07
41,13,2326.86914,3537.27832,3337.76392,-9.57128009E-07
41,14,2326.86914,3337.76392,3153.11548,-9.57128009E-07
41,15,2326.86914,3153.11548,2983.07520,-9.57128009E-07
41,16,2326.86914,2983.07520,2827.10620,-9.57128009E-07
41,17,2326.86914,2827.10620,2684.45459,-9.57128009E-07
41,18,2326.86914,2684.45459,2554.21094,-9.57128009E-07
41,19,2326.86914,2554.21094,2435.36743,-9.57128009E-07
41,20,2326.86914,2435.36743,2326.86914,-9.57128009E-07
42,1,1348.14453,2326.86914,2259.91333,-2.70953681E-03
42,2,1348.14453,2259.91333,2195.57739,-2.70953681E-03
42,3,1348.14453,2195.57739,2133.70337,-2.70953681E-03
42,4,1348.14453,2133.70337,2074.14185,-2.70953681E-03
42,5,1348.14453,2074.14185,2016.75281,-2.70953681E-03
42,6,1348.14453,2016.75281,1961.40442,-2.70953681E-03
42,7,1348.14453,1961.40442,1907.97510,-2.70953681E-03
42,8,1348.14453,1907.97510,1856.35254,-2.70953681E-03
42,9,1348.14453,1856.35254,1806.43335,-2.70953681E-03
42,10,1348.14453,1806.43335,1758.12378,-2.70953681E-03
42,11,1348.14453,1758.12378,1711.33765,-2.70953681E-03
42,12,1348.14453,1711.33765,1665.99756,-2.70953681E-03
42,13,1348.14453,1665.99756,1622.03271,-2.70953681E-03
42,14,1348.14453,1622.03271,1579.37964,-2.70953681E-03
42,15,1348.14453,1579.37964,1537.98047,-2.70953681E-03
42,16,1348.14453,1537.98047,1497.78369,-2.70953681E-03
42,17,1348.14453,1497.78369,1458.74219,-2.70953681E-03
42,18,1348.14453,1458.74219,1420.81372,-2.70953681E-03
42,19,1348.14453,1420.81372,1383.95947,-2.70953681E-03
42,20,1348.14453,1383.95947,1348.14453,-2.70953681E-03
43,1,1882.94897,1348.14453,1228.55090,7.10705035E-06
43,2,1882.94897,1228.55090,1138.24854,7.10705035E-06
43,3,1882.94897,1138.24854,1077.41113,7.10705035E-06
43,4,1882.94897,1077.41113,1049.90283,7.10705035E-06
43,5,1882.94897,1049.90283,1060.19067,7.10705035E-06
43,6,1882.94897,1060.19067,1109.78296,7.10705035E-06
43,7,1882.94897,1109.78296,1195.05762,7.10705035E-06
43,8,1882.94897,1195.05762,1307.26550,7.10705035E-06
43,9,1882.94897,1307.26550,1434.31897,7.10705035E-06
43,10,1882.94897,1434.31897,1563.34973,7.10705035E-06
43,11,1882.94897,1563.34973,1683.03796,7.10705035E-06
43,12,1882.94897,1683.03796,1785.10425,7.10705035E-06
43,13,1882.94897,1785.10425,1864.81494,7.10705035E-06
43,14,1882.94897,1864.81494,1920.69287,7.10705035E-06
43,15,1882.94897,1920.69287,1953.75757,7.10705035E-06
43,16,1882.94897,1953.75757,1966.61682,7.10705035E-06
43,17,1882.94897,1966.61682,1962.63599,7.10705035E-06
43,18,1882.94897,1962.63599,1945.30627,7.10705035E-06
43,19,1882.94897,1945.30627,1917.83765,7.10705035E-06
43,20,1882.94897,1917.83765,1882.94897,7.10705035E-06
44,1,817.965759,1882.94897,1822.57080,-8.24499317E-03
44,2,817.965759,1822.57080,1762.10754,-8.24499317E-03
44,3,817.965759,1762.10754,1701.67285,-8.24499317E-03
44,4,817.965759,1701.67285,1641.39868,-8.24499317E-03
44,5,817.965759,1641.39868,1581.43127,-8.24499317E-03
44,6,817.965759,1581.43127,1521.92773,-8.24499317E-03
44,7,817.965759,1521.92773,1463.05090,-8.24499317E-03
44,8,817.965759,1463.05090,1404.96558,-8.24499317E-03
44,9,817.965759,1404.96558,1347.83447,-8.24499317E-03
44,10,817.965759,1347.83447,1291.81470,-8.24499317E-03
44,11,817.965759,1291.81470,1237.05334,-8.24499317E-03
44,12,817.965759,1237.05334,1183.68604,-8.24499317E-03
44,13,817.965759,1183.68604,1131.83362,-8.24499317E-03
44,14,817.965759,1131.83362,1081.60107,-8.24499317E-03
44,15,817.965759,1081.60107,1033.07690,-8.24499317E-03
44,16,817.965759,1033.07690,986.331787,-8.24499317E-03
44,17,817.965759,986.331787,941.419434,-8.24499317E-03
44,18,817.965759,941.419434,898.376404,-8.24499317E-03
44,19,817.965759,898.376404,857.223267,-8.24499317E-03
44,20,817.965759,857.223267,817.965759,-8.24499317E-03
45,1,1789.61633,817.965759,859.335083,-4.14421493E-06
45,2,1789.61633,859.335083,909.487122,-4.14421493E-06
45,3,1789.61633,909.487122,965.823914,-4.14421493E-06
45,4,1789.61633,965.823914,1025.54443,-4.14421493E-06
45,5,1789.61633,1025.54443,1086.09229,-4.14421493E-06
45,6,1789.61633,1086.09229,1145.47290,-4.14421493E-06
45,7,1789.61633,1145.47290,1202.40454,-4.14421493E-06
45,8,1789.61633,1202.40454,1256.31494,-4.14421493E-06
45,9,1789.61633,1256.31494,1307.22412,-4.14421493E-06
45,10,1789.61633,1307.22412,1355.56079,-4.14421493E-06
45,11,1789.61633,1355.56079,1401.96582,-4.14421493E-06
45,12,1789.61633,1401.96582,1447.11133,-4.14421493E-06
45,13,1789.61633,1447.11133,1491.56470,-4.14421493E-06
45,14,1789.61633,1491.56470,1535.70337,-4.14421493E-06
45,15,1789.61633,1535.70337,1579.67969,-4.14421493E-06
45,16,1789.61633,1579.67969,1623.42712,-4.14421493E-06
45,17,1789.61633,1623.42712,1666.69836,-4.14421493E-06
45,18,1789.61633,1666.69836,1709.11829,-4.14421493E-06
45,19,1789.61633,1709.11829,1750.24280,-4.14421493E-06
45,20,1789.61633,1750.24280,1789.61633,-4.14421493E-06
46,1,1863.82202,1789.61633,1800.97644,-2.84900921E-07
46,2,1863.82202,1800.97644,1811.94482,-2.84900921E-07
46,3,1863.82202,1811.94482,1822.44287,-2.84900921E-07
46,4,1863.82202,1822.44287,1832.38696,-2.84900921E-07
46,5,1863.82202,1832.38696,1841.69226,-2.84900921E-07
46,6,1863.82202,1841.69226,1850.27380,-2.84900921E-07
46,7,1863.82202,1850.27380,1858.04907,-2.84900921E-07
46,8,1863.82202,1858.04907,1864.93982,-2.84900921E-07
46,9,1863.82202,1864.93982,1870.87549,-2.84900921E-07
46,10,1863.82202,1870.87549,1875.79321,-2.84900921E-07
46,11,1863.82202,1875.79321,1879.64075,-2.84900921E-07
46,12,1863.82202,1879.64075,1882.37720,-2.84900921E-07
46,13,1863.82202,1882.37720,1883.97461,-2.84900921E-07
46,14,1863.82202,1883.97461,1884.41833,-2.84900921E-07
46,15,1863.82202,1884.41833,1883.70776,-2.84900921E-07
46,16,1863.82202,1883.70776,1881.85693,-2.84900921E-07
46,17,1863.82202,1881.85693,1878.89392,-2.84900921E-07
46,18,1863.82202,1878.89392,1874.86121,-2.84900921E-07
46,19,1863.82202,1874.86121,1869.81433,-2.84900921E-07
46,20,1863.82202,1869.81433,1863.82202,-2.84900921E-07
47,1,1672.26697,1971.68164,1953.42529,-2.03758955E-05
47,2,1672.26697,1953.42529,2105.27832,-2.03758955E-05
47,3,1672.26697,2105.27832,1859.96448,-2.03758955E-05
47,4,1672.26697,1859.96448,1733.02832,-2.03758955E-05
47,5,1672.26697,1733.02832,1808.12268,-2.03758955E-05
47,6,1672.26697,1808.12268,1922.31226,-2.03758955E-05
47,7,1672.26697,1922.31226,1951.80786,-2.03758955E-05
47,8,1672.26697,1951.80786,1894.69202,-2.03758955E-05
47,9,1672.26697,1894.69202,1821.46167,-2.03758955E-05
47,10,1672.26697,1821.46167,1800.60999,-2.03758955E-05
47,11,1672.26697,1800.60999,1855.68079,-2.03758955E-05
47,12,1672.26697,1855.68079,1962.45300,-2.03758955E-05
47,13,1672.26697,1962.45300,2071.11133,-2.03758955E-05
47,14,1672.26697,2071.11133,2133.95312,-2.03758955E-05
47,15,1672.26697,2133.95312,2125.14917,-2.03758955E-05
47,16,1672.26697,2125.14917,2047.41699,-2.03758955E-05
47,17,1672.26697,2047.41699,1926.99805,-2.03758955E-05
47,18,1672.26697,1926.99805,1801.88245,-2.03758955E-05
47,19,1672.26697,1801.88245,1708.66248,-2.03758955E-05
47,20,1672.26697,1708.66248,1672.26697,-2.03758955E-05
48,1,2378.25562,1672.26697,1742.58313,4.92472493E-04
48,2,2378.25562,1742.58313,1720.43164,4.92472493E-04
48,3,2378.25562,1720.43164,2079.28931,4.92472493E-04
48,4,2378.25562,2079.28931,2207.64966,4.92472493E-04
48,5,2378.25562,2207.64966,2148.43237,4.92472493E-04
48,6,2378.25562,2148.43237,2118.06909,4.92472493E-04
48,7,2378.25562,2118.06909,2174.50366,4.92472493E-04
48,8,2378.25562,2174.50366,2232.25732,4.92472493E-04
48,9,2378.25562,2232.25732,2193.53833,4.92472493E-04
48,10,2378.25562,2193.53833,2034.75110,4.92472493E-04
48,11,2378.25562,2034.75110,1812.26575,4.92472493E-04
48,12,2378.25562,1812.26575,1618.33887,4.92472493E-04
48,13,2378.25562,1618.33887,1529.80566,4.92472493E-04
48,14,2378.25562,1529.80566,1576.77637,4.92472493E-04
48,15,2378.25562,1576.77637,1738.48828,4.92472493E-04
48,16,2378.25562,1738.48828,1959.56055,4.92472493E-04
48,17,2378.25562,1959.56055,2174.56030,4.92472493E-04
48,18,2378.25562,2174.56030,2330.10547,4.92472493E-04
48,19,2378.25562,2330.10547,2398.05249,4.92472493E-04
48,20,2378.25562,2398.05249,2378.25562,4.92472493E-04
49,1,2093.70581,2378.25562,2337.11426,5.00508179E-07
49,2,2093.70581,2337.11426,2293.16870,5.00508179E-07
49,3,2093.70581,2293.16870,2238.28931,5.00508179E-07
49,4,2093.70581,2238.28931,2176.25586,5.00508179E-07
49,5,2093.70581,2176.25586,2113.59131,5.00508179E-07
49,6,2093.70581,2113.59131,2055.82764,5.00508179E-07
49,7,2093.70581,2055.82764,2006.48132,5.00508179E-07
49,8,2093.70581,2006.48132,1967.22827,5.00508179E-07
49,9,2093.70581,1967.22827,1938.45801,5.00508179E-07
49,10,2093.70581,1938.45801,1919.82300,5.00508179E-07
49,11,2093.70581,1919.82300,1910.62231,5.00508179E-07
49,12,2093.70581,1910.62231,1910.04028,5.00508179E-07
49,13,2093.70581,1910.04028,1917.19775,5.00508179E-07
49,14,2093.70581,1917.19775,1931.17456,5.00508179E-07
49,15,2093.70581,1931.17456,1950.96436,5.00508179E-07
49,16,2093.70581,1950.96436,1975.43921,5.00508179E-07
49,17,2093.70581,1975.43921,2003.34766,5.00508179E-07
49,18,2093.70581,2003.34766,2033.32251,5.00508179E-07
49,19,2093.70581,2033.32251,2063.92163,5.00508179E-07
49,20,2093.70581,2063.92163,2093.70581,5.00508179E-07
50,1,11696.4512,2354.10962,2794.20508,2.94569843E-02
50,2,11696.4512,2794.20508,3373.72607,2.94569843E-02
50,3,11696.4512,3373.72607,3781.13770,2.94569843E-02
50,4,11696.4512,3781.13770,4124.54932,2.94569843E-02
50,5,11696.4512,4124.54932,4515.85303,2.94569843E-02
50,6,11696.4512,4515.85303,4984.81299,2.94569843E-02
50,7,11696.4512,4984.81299,5503.84668,2.94569843E-02
50,8,11696.4512,5503.84668,6029.77979,2.94569843E-02
50,9,11696.4512,6029.77979,6531.26758,2.94569843E-02
50,10,11696.4512,6531.26758,6997.91260,2.94569843E-02
50,11,11696.4512,6997.91260,7437.06787,2.94569843E-02
50,12,11696.4512,7437.06787,7865.26660,2.94569843E-02
50,13,11696.4512,7865.26660,8299.64844,2.94569843E-02
50,14,11696.4512,8299.64844,8752.03711,2.94569843E-02
50,15,11696.4512,8752.03711,9226.44922,2.94569843E-02
50,16,11696.4512,9226.44922,9719.54590,2.94569843E-02
50,17,11696.4512,9719.54590,10222.9160,2.94569843E-02
50,18,11696.4512,10222.9160,10726.1367,2.94569843E-02
50,19,11696.4512,10726.1367,11219.5742,2.94569843E-02
50,20,11696.4512,11219.5742,11696.4512,2.94569843E-02
51,1,11172.5742,11696.4512,11722.8096,-2.00451323E-04
51,2,11172.5742,11722.8096,11508.0479,-2.00451323E-04
51,3,11172.5742,11508.0479,11554.4551,-2.00451323E-04
51,4,11172.5742,11554.4551,11631.0020,-2.00451323E-04
51,5,11172.5742,11631.0020,11587.2949,-2.00451323E-04
51,6,11172.5742,11587.2949,11443.8652,-2.00451323E-04
51,7,11172.5742,11443.8652,11294.7471,-2.00451323E-04
51,8,11172.5742,11294.7471,11218.1045,-2.00451323E-04
51,9,11172.5742,11218.1045,11239.3096,-2.00451323E-04
51,10,11172.5742,11239.3096,11335.5869,-2.00451323E-04
51,11,11172.5742,11335.5869,11459.4795,-2.00451323E-04
51,12,11172.5742,11459.4795,11563.4131,-2.00451323E-04
51,13,11172.5742,11563.4131,11615.9463,-2.00451323E-04
51,14,11172.5742,11615.9463,11607.6729,-2.00451323E-04
51,15,11172.5742,11607.6729,11508.0322,-2.00451323E-04
51,16,11172.5742,11508.0322,11523.1328,-2.00451323E-04
51,17,11172.5742,11523.1328,11436.2656,-2.00451323E-04
51,18,11172.5742,11436.2656,11280.5908,-2.00451323E-04
51,19,11172.5742,11280.5908,11173.4121,-2.00451323E-04
51,20,11172.5742,11173.4121,11172.5742,-2.00451323E-04
52,1,6774.74365,11172.5742,10992.0596,-6.86114468E-03
52,2,6774.74365,10992.0596,11313.8242,-6.86114468E-03
52,3,6774.74365,11313.8242,10858.4336,-6.86114468E-03
52,4,6774.74365,10858.4336,10498.8389,-6.86114468E-03
52,5,6774.74365,10498.8389,10471.0625,-6.86114468E-03
52,6,6774.74365,10471.0625,10514.1387,-6.86114468E-03
52,7,6774.74365,10514.1387,10365.3506,-6.86114468E-03
52,8,6774.74365,10365.3506,9976.21777,-6.86114468E-03
52,9,6774.74365,9976.21777,9476.38965,-6.86114468E-03
52,10,6774.74365,9476.38965,9044.22363,-6.86114468E-03
52,11,6774.74365,9044.22363,8798.60156,-6.86114468E-03
52,12,6774.74365,8798.60156,8755.00000,-6.86114468E-03
52,13,6774.74365,8755.00000,8839.73633,-6.86114468E-03
52,14,6774.74365,8839.73633,8935.59277,-6.86114468E-03
52,15,6774.74365,8935.59277,8966.21289,-6.86114468E-03
52,16,6774.74365,8966.21289,8678.01465,-6.86114468E-03
52,17,6774.74365,8678.01465,8367.47266,-6.86114468E-03
52,18,6774.74365,8367.47266,7986.78955,-6.86114468E-03
52,19,6774.74365,7986.78955,7450.47070,-6.86114468E-03
52,20,6774.74365,7450.47070,6774.74365,-6.86114468E-03
53,1,7335.90820,6774.74365,6816.99463,1.88741926E-02
53,2,7335.90820,6816.99463,6846.73047,1.88741926E-02
53,3,7335.90820,6846.73047,6867.46631,1.88741926E-02
53,4,7335.90820,6867.46631,6882.13184,1.88741926E-02
53,5,7335.90820,6882.13184,6893.16846,1.88741926E-02
53,6,7335.90820,6893.16846,6902.57617,1.88741926E-02
53,7,7335.90820,6902.57617,6911.99219,1.88741926E-02
53,8,7335.90820,6911.99219,6922.70020,1.88741926E-02
53,9,7335.90820,6922.70020,6935.70996,1.88741926E-02
53,10,7335.90820,6935.70996,6951.79102,1.88741926E-02
53,11,7335.90820,6951.79102,6971.49707,1.88741926E-02
53,12,7335.90820,6971.49707,6995.20801,1.88741926E-02
53,13,7335.90820,6995.20801,7023.15723,1.88741926E-02
53,14,7335.90820,7023.15723,7055.44727,1.88741926E-02
53,15,7335.90820,7055.44727,7092.09180,1.88741926E-02
53,16,7335.90820,7092.09180,7133.00781,1.88741926E-02
53,17,7335.90820,7133.00781,7178.05176,1.88741926E-02
53,18,7335.90820,7178.05176,7227.04395,1.88741926E-02
53,19,7335.90820,7227.04395,7279.74609,1.88741926E-02
53,20,7335.90820,7279.74609,7335.90820,1.88741926E-02
54,1,7764.18896,7335.90820,7314.50781,-4.35915589E-03
54,2,7764.18896,7314.50781,7311.98926,-4.35915589E-03
54,3,7764.18896,7311.98926,7325.68457,-4.35915589E-03
54,4,7764.18896,7325.68457,7350.62988,-4.35915589E-03
54,5,7764.18896,7350.62988,7381.92090,-4.35915589E-03
54,6,7764.18896,7381.92090,7415.77734,-4.35915589E-03
54,7,7764.18896,7415.77734,7449.83105,-4.35915589E-03
54,8,7764.18896,7449.83105,7482.96191,-4.35915589E-03
54,9,7764.18896,7482.96191,7514.96045,-4.35915589E-03
54,10,7764.18896,7514.96045,7546.12549,-4.35915589E-03
54,11,7764.18896,7546.12549,7576.87988,-4.35915589E-03
54,12,7764.18896,7576.87988,7607.51465,-4.35915589E-03
54,13,7764.18896,7607.51465,7637.99463,-4.35915589E-03
54,14,7764.18896,7637.99463,7667.86670,-4.35915589E-03
54,15,7764.18896,7667.86670,7696.23535,-4.35915589E-03
54,16,7764.18896,7696.23535,7721.84180,-4.35915589E-03
54,17,7764.18896,7721.84180,7743.13281,-4.35915589E-03
54,18,7764.18896,7743.13281,7758.42383,-4.35915589E-03
54,19,7764.18896,7758.42383,7765.97803,-4.35915589E-03
54,20,7764.18896,7765.97803,7764.18896,-4.35915589E-03
55,1,6498.17188,7764.18896,7600.44678,-4.22234368E-03
55,2,6498.17188,7600.44678,7649.59326,-4.22234368E-03
55,3,6498.17188,7649.59326,7751.77295,-4.22234368E-03
55,4,6498.17188,7751.77295,7824.00830,-4.22234368E-03
55,5,6498.17188,7824.00830,7832.51855,-4.22234368E-03
55,6,6498.17188,7832.51855,7773.07227,-4.22234368E-03
55,7,6498.17188,7773.07227,7657.35986,-4.22234368E-03
55,8,6498.17188,7657.35986,7503.91895,-4.22234368E-03
55,9,6498.17188,7503.91895,7326.49268,-4.22234368E-03
55,10,6498.17188,7326.49268,7060.57617,-4.22234368E-03
55,11,6498.17188,7060.57617,6917.72266,-4.22234368E-03
55,12,6498.17188,6917.72266,6845.89893,-4.22234368E-03
55,13,6498.17188,6845.89893,6809.80469,-4.22234368E-03
55,14,6498.17188,6809.80469,6786.57910,-4.22234368E-03
55,15,6498.17188,6786.57910,6762.43994,-4.22234368E-03
55,16,6498.17188,6762.43994,6730.07471,-4.22234368E-03
55,17,6498.17188,6730.07471,6686.61865,-4.22234368E-03
55,18,6498.17188,6686.61865,6632.11328,-4.22234368E-03
55,19,6498.17188,6632.11328,6568.37891,-4.22234368E-03
55,20,6498.17188,6568.37891,6498.17188,-4.22234368E-03
56,1,7093.42139,6498.17188,6448.32910,2.85289134E-05
56,2,7093.42139,6448.32910,6401.85645,2.85289134E-05
56,3,7093.42139,6401.85645,6362.66943,2.85289134E-05
56,4,7093.42139,6362.66943,6297.42334,2.85289134E-05
56,5,7093.42139,6297.42334,6256.32568,2.85289134E-05
56,6,7093.42139,6256.32568,6274.01758,2.85289134E-05
56,7,7093.42139,6274.01758,6408.14258,2.85289134E-05
56,8,7093.42139,6408.14258,6527.41797,2.85289134E-05
56,9,7093.42139,6527.41797,6540.84961,2.85289134E-05
56,10,7093.42139,6540.84961,6517.51318,2.85289134E-05
56,11,7093.42139,6517.51318,6496.72021,2.85289134E-05
56,12,7093.42139,6496.72021,6497.73486,2.85289134E-05
56,13,7093.42139,6497.73486,6526.89453,2.85289134E-05
56,14,7093.42139,6526.89453,6582.73730,2.85289134E-05
56,15,7093.42139,6582.73730,6659.58643,2.85289134E-05
56,16,7093.42139,6659.58643,6765.17285,2.85289134E-05
56,17,7093.42139,6765.17285,6877.52393,2.85289134E-05
56,18,7093.42139,6877.52393,6973.05713,2.85289134E-05
56,19,7093.42139,6973.05713,7044.49854,2.85289134E-05
56,20,7093.42139,7044.49854,7093.42139,2.85289134E-05
57,1,6320.10449,7093.42139,6866.71582,-5.02744933E-06
57,2,6320.10449,6866.71582,7251.38818,-5.02744933E-06
57,3,6320.10449,7251.38818,7451.88916,-5.02744933E-06
57,4,6320.10449,7451.88916,7386.97656,-5.02744933E-06
57,5,6320.10449,7386.97656,7293.56396,-5.02744933E-06
57,6,6320.10449,7293.56396,7017.82031,-5.02744933E-06
57,7,6320.10449,7017.82031,6954.68164,-5.02744933E-06
57,8,6320.10449,6954.68164,7005.67969,-5.02744933E-06
57,9,6320.10449,7005.67969,7089.83594,-5.02744933E-06
57,10,6320.10449,7089.83594,7159.95215,-5.02744933E-06
57,11,6320.10449,7159.95215,7186.36768,-5.02744933E-06
57,12,6320.10449,7186.36768,7115.14941,-5.02744933E-06
57,13,6320.10449,7115.14941,6932.64648,-5.02744933E-06
57,14,6320.10449,6932.64648,6935.32764,-5.02744933E-06
57,15,6320.10449,6935.32764,6972.48975,-5.02744933E-06
57,16,6320.10449,6972.48975,6968.09619,-5.02744933E-06
57,17,6320.10449,6968.09619,6894.33936,-5.02744933E-06
57,18,6320.10449,6894.33936,6732.58252,-5.02744933E-06
57,19,6320.10449,6732.58252,6528.16846,-5.02744933E-06
57,20,6320.10449,6528.16846,6320.10449,-5.02744933E-06
58,1,4378.37793,6320.10449,5732.11572,2.34848412E-04
58,2,4378.37793,5732.11572,5402.94629,2.34848412E-04
58,3,4378.37793,5402.94629,6252.74707,2.34848412E-04
58,4,4378.37793,6252.74707,6381.69775,2.34848412E-04
58,5,4378.37793,6381.69775,6838.72998,2.34848412E-04
58,6,4378.37793,6838.72998,7270.53711,2.34848412E-04
58,7,4378.37793,7270.53711,7276.86719,2.34848412E-04
58,8,4378.37793,7276.86719,7078.62988,2.34848412E-04
58,9,4378.37793,7078.62988,6739.68945,2.34848412E-04
58,10,4378.37793,6739.68945,7186.58252,2.34848412E-04
58,11,4378.37793,7186.58252,7729.45117,2.34848412E-04
58,12,4378.37793,7729.45117,8064.02637,2.34848412E-04
58,13,4378.37793,8064.02637,8164.78662,2.34848412E-04
58,14,4378.37793,8164.78662,7959.76270,2.34848412E-04
58,15,4378.37793,7959.76270,7353.82324,2.34848412E-04
58,16,4378.37793,7353.82324,6693.18457,2.34848412E-04
58,17,4378.37793,6693.18457,5701.51318,2.34848412E-04
58,18,4378.37793,5701.51318,4711.28467,2.34848412E-04
58,19,4378.37793,4711.28467,4240.79395,2.34848412E-04
58,20,4378.37793,4240.79395,4378.37793,2.34848412E-04
