i,k,old_q,old_q_ch_in,old_q_ch_out,qlat_ch_old
1,1,65.4723053,0.00000000,3.24781442,7.47404411E-05
1,2,65.4723053,3.24781442,6.47337103,7.47404411E-05
1,3,65.4723053,6.47337103,9.85096741,7.47404411E-05
1,4,65.4723053,9.85096741,12.6507559,7.47404411E-05
1,5,65.4723053,12.6507559,16.7371674,7.47404411E-05
1,6,65.4723053,16.7371674,19.2869511,7.47404411E-05
1,7,65.4723053,19.2869511,22.3118801,7.47404411E-05
1,8,65.4723053,22.3118801,26.2246284,7.47404411E-05
1,9,65.4723053,26.2246284,29.6727581,7.47404411E-05
1,10,65.4723053,29.6727581,32.3715630,7.47404411E-05
1,11,65.4723053,32.3715630,35.1983185,7.47404411E-05
1,12,65.4723053,35.1983185,38.7005997,7.47404411E-05
1,13,65.4723053,38.7005997,42.5173950,7.47404411E-05
1,14,65.4723053,42.5173950,45.9947968,7.47404411E-05
1,15,65.4723053,45.9947968,48.9186783,7.47404411E-05
1,16,65.4723053,48.9186783,51.6265717,7.47404411E-05
1,17,65.4723053,51.6265717,54.6036682,7.47404411E-05
1,18,65.4723053,54.6036682,58.0571365,7.47404411E-05
1,19,65.4723053,58.0571365,61.8051376,7.47404411E-05
1,20,65.4723053,61.8051376,65.4723053,7.47404411E-05
2,1,0.00000000,0.00000000,0.00000000,-1.63823378E-03
2,2,0.00000000,0.00000000,0.00000000,-1.63823378E-03
2,3,0.00000000,0.00000000,0.00000000,-1.63823378E-03
2,4,0.00000000,0.00000000,0.00000000,-1.63823378E-03
2,5,0.00000000,0.00000000,0.00000000,-1.63823378E-03
2,6,0.00000000,0.00000000,0.00000000,-1.63823378E-03
2,7,0.00000000,0.00000000,0.00000000,-1.63823378E-03
2,8,0.00000000,0.00000000,0.00000000,-1.63823378E-03
2,9,0.00000000,0.00000000,0.00000000,-1.63823378E-03
2,10,0.00000000,0.00000000,0.00000000,-1.63823378E-03
2,11,0.00000000,0.00000000,0.00000000,-1.63823378E-03
2,12,0.00000000,0.00000000,0.00000000,-1.63823378E-03
2,13,0.00000000,0.00000000,0.00000000,-1.63823378E-03
2,14,0.00000000,0.00000000,0.00000000,-1.63823378E-03
2,15,0.00000000,0.00000000,0.00000000,-1.63823378E-03
2,16,0.00000000,0.00000000,0.00000000,-1.63823378E-03
2,17,0.00000000,0.00000000,0.00000000,-1.63823378E-03
2,18,0.00000000,0.00000000,0.00000000,-1.63823378E-03
2,19,0.00000000,0.00000000,0.00000000,-1.63823378E-03
2,20,0.00000000,0.00000000,0.00000000,-1.63823378E-03
3,1,0.00000000,0.00000000,0.00000000,-1.38226635E-04
3,2,0.00000000,0.00000000,0.00000000,-1.38226635E-04
3,3,0.00000000,0.00000000,0.00000000,-1.38226635E-04
3,4,0.00000000,0.00000000,0.00000000,-1.38226635E-04
3,5,0.00000000,0.00000000,0.00000000,-1.38226635E-04
3,6,0.00000000,0.00000000,0.00000000,-1.38226635E-04
3,7,0.00000000,0.00000000,0.00000000,-1.38226635E-04
3,8,0.00000000,0.00000000,0.00000000,-1.38226635E-04
3,9,0.00000000,0.00000000,0.00000000,-1.38226635E-04
3,10,0.00000000,0.00000000,0.00000000,-1.38226635E-04
3,11,0.00000000,0.00000000,0.00000000,-1.38226635E-04
3,12,0.00000000,0.00000000,0.00000000,-1.38226635E-04
3,13,0.00000000,0.00000000,0.00000000,-1.38226635E-04
3,14,0.00000000,0.00000000,0.00000000,-1.38226635E-04
3,15,0.00000000,0.00000000,0.00000000,-1.38226635E-04
3,16,0.00000000,0.00000000,0.00000000,-1.38226635E-04
3,17,0.00000000,0.00000000,0.00000000,-1.38226635E-04
3,18,0.00000000,0.00000000,0.00000000,-1.38226635E-04
3,19,0.00000000,0.00000000,0.00000000,-1.38226635E-04
3,20,0.00000000,0.00000000,0.00000000,-1.38226635E-04
4,1,0.00000000,0.00000000,0.00000000,-6.45568798E-06
4,2,0.00000000,0.00000000,0.00000000,-6.45568798E-06
4,3,0.00000000,0.00000000,0.00000000,-6.45568798E-06
4,4,0.00000000,0.00000000,0.00000000,-6.45568798E-06
4,5,0.00000000,0.00000000,0.00000000,-6.45568798E-06
4,6,0.00000000,0.00000000,0.00000000,-6.45568798E-06
4,7,0.00000000,0.00000000,0.00000000,-6.45568798E-06
4,8,0.00000000,0.00000000,0.00000000,-6.45568798E-06
4,9,0.00000000,0.00000000,0.00000000,-6.45568798E-06
4,10,0.00000000,0.00000000,0.00000000,-6.45568798E-06
4,11,0.00000000,0.00000000,0.00000000,-6.45568798E-06
4,12,0.00000000,0.00000000,0.00000000,-6.45568798E-06
4,13,0.00000000,0.00000000,0.00000000,-6.45568798E-06
4,14,0.00000000,0.00000000,0.00000000,-6.45568798E-06
4,15,0.00000000,0.00000000,0.00000000,-6.45568798E-06
4,16,0.00000000,0.00000000,0.00000000,-6.45568798E-06
4,17,0.00000000,0.00000000,0.00000000,-6.45568798E-06
4,18,0.00000000,0.00000000,0.00000000,-6.45568798E-06
4,19,0.00000000,0.00000000,0.00000000,-6.45568798E-06
4,20,0.00000000,0.00000000,0.00000000,-6.45568798E-06
5,1,0.157675460,0.00000000,7.82280788E-03,1.33231893E-07
5,2,0.157675460,7.82280788E-03,1.56443082E-02,1.33231893E-07
5,3,0.157675460,1.56443082E-02,2.34806053E-02,1.33231893E-07
5,4,0.157675460,2.34806053E-02,3.12169567E-02,1.33231893E-07
5,5,0.157675460,3.12169567E-02,3.93976383E-02,1.33231893E-07
5,6,0.157675460,3.93976383E-02,4.62337360E-02,1.33231893E-07
5,7,0.157675460,4.62337360E-02,5.58058806E-02,1.33231893E-07
5,8,0.157675460,5.58058806E-02,6.19385764E-02,1.33231893E-07
5,9,0.157675460,6.19385764E-02,6.98811039E-02,1.33231893E-07
5,10,0.157675460,6.98811039E-02,7.91497827E-02,1.33231893E-07
5,11,0.157675460,7.91497827E-02,8.63825679E-02,1.33231893E-07
5,12,0.157675460,8.63825679E-02,9.29300711E-02,1.33231893E-07
5,13,0.157675460,9.29300711E-02,0.101167575,1.33231893E-07
5,14,0.157675460,0.101167575,0.110295527,1.33231893E-07
5,15,0.157675460,0.110295527,0.118271418,1.33231893E-07
5,16,0.157675460,0.118271418,0.124942876,1.33231893E-07
5,17,0.157675460,0.124942876,0.131871298,1.33231893E-07
5,18,0.157675460,0.131871298,0.140124381,1.33231893E-07
5,19,0.157675460,0.140124381,0.149161607,1.33231893E-07
5,20,0.157675460,0.149161607,0.157675460,1.33231893E-07
6,1,0.00000000,0.00000000,0.00000000,-2.19852438E-08
6,2,0.00000000,0.00000000,0.00000000,-2.19852438E-08
6,3,0.00000000,0.00000000,0.00000000,-2.19852438E-08
6,4,0.00000000,0.00000000,0.00000000,-2.19852438E-08
6,5,0.00000000,0.00000000,0.00000000,-2.19852438E-08
6,6,0.00000000,0.00000000,0.00000000,-2.19852438E-08
6,7,0.00000000,0.00000000,0.00000000,-2.19852438E-08
6,8,0.00000000,0.00000000,0.00000000,-2.19852438E-08
6,9,0.00000000,0.00000000,0.00000000,-2.19852438E-08
6,10,0.00000000,0.00000000,0.00000000,-2.19852438E-08
6,11,0.00000000,0.00000000,0.00000000,-2.19852438E-08
6,12,0.00000000,0.00000000,0.00000000,-2.19852438E-08
6,13,0.00000000,0.00000000,0.00000000,-2.19852438E-08
6,14,0.00000000,0.00000000,0.00000000,-2.19852438E-08
6,15,0.00000000,0.00000000,0.00000000,-2.19852438E-08
6,16,0.00000000,0.00000000,0.00000000,-2.19852438E-08
6,17,0.00000000,0.00000000,0.00000000,-2.19852438E-08
6,18,0.00000000,0.00000000,0.00000000,-2.19852438E-08
6,19,0.00000000,0.00000000,0.00000000,-2.19852438E-08
6,20,0.00000000,0.00000000,0.00000000,-2.19852438E-08
7,1,0.00000000,0.00000000,0.00000000,-2.36235226E-10
7,2,0.00000000,0.00000000,0.00000000,-2.36235226E-10
7,3,0.00000000,0.00000000,0.00000000,-2.36235226E-10
7,4,0.00000000,0.00000000,0.00000000,-2.36235226E-10
7,5,0.00000000,0.00000000,0.00000000,-2.36235226E-10
7,6,0.00000000,0.00000000,0.00000000,-2.36235226E-10
7,7,0.00000000,0.00000000,0.00000000,-2.36235226E-10
7,8,0.00000000,0.00000000,0.00000000,-2.36235226E-10
7,9,0.00000000,0.00000000,0.00000000,-2.36235226E-10
7,10,0.00000000,0.00000000,0.00000000,-2.36235226E-10
7,11,0.00000000,0.00000000,0.00000000,-2.36235226E-10
7,12,0.00000000,0.00000000,0.00000000,-2.36235226E-10
7,13,0.00000000,0.00000000,0.00000000,-2.36235226E-10
7,14,0.00000000,0.00000000,0.00000000,-2.36235226E-10
7,15,0.00000000,0.00000000,0.00000000,-2.36235226E-10
7,16,0.00000000,0.00000000,0.00000000,-2.36235226E-10
7,17,0.00000000,0.00000000,0.00000000,-2.36235226E-10
7,18,0.00000000,0.00000000,0.00000000,-2.36235226E-10
7,19,0.00000000,0.00000000,0.00000000,-2.36235226E-10
7,20,0.00000000,0.00000000,0.00000000,-2.36235226E-10
8,1,0.00000000,0.00000000,0.00000000,-2.87688058E-03
8,2,0.00000000,0.00000000,0.00000000,-2.87688058E-03
8,3,0.00000000,0.00000000,0.00000000,-2.87688058E-03
8,4,0.00000000,0.00000000,0.00000000,-2.87688058E-03
8,5,0.00000000,0.00000000,0.00000000,-2.87688058E-03
8,6,0.00000000,0.00000000,0.00000000,-2.87688058E-03
8,7,0.00000000,0.00000000,0.00000000,-2.87688058E-03
8,8,0.00000000,0.00000000,0.00000000,-2.87688058E-03
8,9,0.00000000,0.00000000,0.00000000,-2.87688058E-03
8,10,0.00000000,0.00000000,0.00000000,-2.87688058E-03
8,11,0.00000000,0.00000000,0.00000000,-2.87688058E-03
8,12,0.00000000,0.00000000,0.00000000,-2.87688058E-03
8,13,0.00000000,0.00000000,0.00000000,-2.87688058E-03
8,14,0.00000000,0.00000000,0.00000000,-2.87688058E-03
8,15,0.00000000,0.00000000,0.00000000,-2.87688058E-03
8,16,0.00000000,0.00000000,0.00000000,-2.87688058E-03
8,17,0.00000000,0.00000000,0.00000000,-2.87688058E-03
8,18,0.00000000,0.00000000,0.00000000,-2.87688058E-03
8,19,0.00000000,0.00000000,0.00000000,-2.87688058E-03
8,20,0.00000000,0.00000000,0.00000000,-2.87688058E-03
9,1,0.409167439,0.00000000,2.08351836E-02,3.19131982E-06
9,2,0.409167439,2.08351836E-02,3.96321081E-02,3.19131982E-06
9,3,0.409167439,3.96321081E-02,6.46440834E-02,3.19131982E-06
9,4,0.409167439,6.46440834E-02,8.13624859E-02,3.19131982E-06
9,5,0.409167439,8.13624859E-02,9.99371484E-02,3.19131982E-06
9,6,0.409167439,9.99371484E-02,0.123427130,3.19131982E-06
9,7,0.409167439,0.123427130,0.147031322,3.19131982E-06
9,8,0.409167439,0.147031322,0.167120695,3.19131982E-06
9,9,0.409167439,0.167120695,0.184568629,3.19131982E-06
9,10,0.409167439,0.184568629,0.202470571,3.19131982E-06
9,11,0.409167439,0.202470571,0.222942397,3.19131982E-06
9,12,0.409167439,0.222942397,0.245814398,3.19131982E-06
9,13,0.409167439,0.245814398,0.269326389,3.19131982E-06
9,14,0.409167439,0.269326389,0.291606992,3.19131982E-06
9,15,0.409167439,0.291606992,0.311786771,3.19131982E-06
9,16,0.409167439,0.311786771,0.330261201,3.19131982E-06
9,17,0.409167439,0.330261201,0.348237008,3.19131982E-06
9,18,0.409167439,0.348237008,0.366999179,3.19131982E-06
9,19,0.409167439,0.366999179,0.387309998,3.19131982E-06
9,20,0.409167439,0.387309998,0.409167439,3.19131982E-06
10,1,0.00000000,0.00000000,0.00000000,-8.84485962E-06
10,2,0.00000000,0.00000000,0.00000000,-8.84485962E-06
10,3,0.00000000,0.00000000,0.00000000,-8.84485962E-06
10,4,0.00000000,0.00000000,0.00000000,-8.84485962E-06
10,5,0.00000000,0.00000000,0.00000000,-8.84485962E-06
10,6,0.00000000,0.00000000,0.00000000,-8.84485962E-06
10,7,0.00000000,0.00000000,0.00000000,-8.84485962E-06
10,8,0.00000000,0.00000000,0.00000000,-8.84485962E-06
10,9,0.00000000,0.00000000,0.00000000,-8.84485962E-06
10,10,0.00000000,0.00000000,0.00000000,-8.84485962E-06
10,11,0.00000000,0.00000000,0.00000000,-8.84485962E-06
10,12,0.00000000,0.00000000,0.00000000,-8.84485962E-06
10,13,0.00000000,0.00000000,0.00000000,-8.84485962E-06
10,14,0.00000000,0.00000000,0.00000000,-8.84485962E-06
10,15,0.00000000,0.00000000,0.00000000,-8.84485962E-06
10,16,0.00000000,0.00000000,0.00000000,-8.84485962E-06
10,17,0.00000000,0.00000000,0.00000000,-8.84485962E-06
10,18,0.00000000,0.00000000,0.00000000,-8.84485962E-06
10,19,0.00000000,0.00000000,0.00000000,-8.84485962E-06
10,20,0.00000000,0.00000000,0.00000000,-8.84485962E-06
11,1,1.08006501,0.00000000,5.29459491E-02,9.07660478E-07
11,2,1.08006501,5.29459491E-02,0.109053679,9.07660478E-07
11,3,1.08006501,0.109053679,0.151917428,9.07660478E-07
11,4,1.08006501,0.151917428,0.221637174,9.07660478E-07
11,5,1.08006501,0.221637174,0.269332647,9.07660478E-07
11,6,1.08006501,0.269332647,0.310654521,9.07660478E-07
11,7,1.08006501,0.310654521,0.367113173,9.07660478E-07
11,8,1.08006501,0.367113173,0.430136740,9.07660478E-07
11,9,1.08006501,0.430136740,0.489398777,9.07660478E-07
11,10,1.08006501,0.489398777,0.545509815,9.07660478E-07
11,11,1.08006501,0.545509815,0.575146854,9.07660478E-07
11,12,1.08006501,0.575146854,0.585231423,9.07660478E-07
11,13,1.08006501,0.585231423,0.732875824,9.07660478E-07
11,14,1.08006501,0.732875824,0.789445758,9.07660478E-07
11,15,1.08006501,0.789445758,0.781122625,9.07660478E-07
11,16,1.08006501,0.781122625,0.790876567,9.07660478E-07
11,17,1.08006501,0.790876567,0.898830473,9.07660478E-07
11,18,1.08006501,0.898830473,1.01582515,9.07660478E-07
11,19,1.08006501,1.01582515,1.05326855,9.07660478E-07
11,20,1.08006501,1.05326855,1.08006501,9.07660478E-07
12,1,8.97309510E-05,0.00000000,4.53989378E-06,1.08489807E-10
12,2,8.97309510E-05,4.53989378E-06,8.61553508E-06,1.08489807E-10
12,3,8.97309510E-05,8.61553508E-06,1.43037623E-05,1.08489807E-10
12,4,8.97309510E-05,1.43037623E-05,1.75078912E-05,1.08489807E-10
12,5,8.97309510E-05,1.75078912E-05,2.16889566E-05,1.08489807E-10
12,6,8.97309510E-05,2.16889566E-05,2.71976023E-05,1.08489807E-10
12,7,8.97309510E-05,2.71976023E-05,3.23213972E-05,1.08489807E-10
12,8,8.97309510E-05,3.23213972E-05,3.63186773E-05,1.08489807E-10
12,9,8.97309510E-05,3.63186773E-05,3.98611191E-05,1.08489807E-10
12,10,8.97309510E-05,3.98611191E-05,4.39099531E-05,1.08489807E-10
12,11,8.97309510E-05,4.39099531E-05,4.87963880E-05,1.08489807E-10
12,12,8.97309510E-05,4.87963880E-05,5.41360314E-05,1.08489807E-10
12,13,8.97309510E-05,5.41360314E-05,5.92849392E-05,1.08489807E-10
12,14,8.97309510E-05,5.92849392E-05,6.38233687E-05,1.08489807E-10
12,15,8.97309510E-05,6.38233687E-05,6.77619901E-05,1.08489807E-10
12,16,8.97309510E-05,6.77619901E-05,7.14480848E-05,1.08489807E-10
12,17,8.97309510E-05,7.14480848E-05,7.53184213E-05,1.08489807E-10
12,18,8.97309510E-05,7.53184213E-05,7.96675449E-05,1.08489807E-10
12,19,8.97309510E-05,7.96675449E-05,8.45353861E-05,1.08489807E-10
12,20,8.97309510E-05,8.45353861E-05,8.97309510E-05,1.08489807E-10
13,1,0.257764548,0.00000000,1.28650125E-02,1.56905060E-07
13,2,0.257764548,1.28650125E-02,2.56215371E-02,1.56905060E-07
13,3,0.257764548,2.56215371E-02,3.87696847E-02,1.56905060E-07
13,4,0.257764548,3.87696847E-02,5.13160005E-02,1.56905060E-07
13,5,0.257764548,5.13160005E-02,6.39954209E-02,1.56905060E-07
13,6,0.257764548,6.39954209E-02,7.72257373E-02,1.56905060E-07
13,7,0.257764548,7.72257373E-02,9.03611928E-02,1.56905060E-07
13,8,0.257764548,9.03611928E-02,0.102957688,1.56905060E-07
13,9,0.257764548,0.102957688,0.115335844,1.56905060E-07
13,10,0.257764548,0.115335844,0.128048867,1.56905060E-07
13,11,0.257764548,0.128048867,0.141254202,1.56905060E-07
13,12,0.257764548,0.141254202,0.154629737,1.56905060E-07
13,13,0.257764548,0.154629737,0.167728260,1.56905060E-07
13,14,0.257764548,0.167728260,0.180351168,1.56905060E-07
13,15,0.257764548,0.180351168,0.192658946,1.56905060E-07
13,16,0.257764548,0.192658946,0.205016464,1.56905060E-07
13,17,0.257764548,0.205016464,0.217736974,1.56905060E-07
13,18,0.257764548,0.217736974,0.230903238,1.56905060E-07
13,19,0.257764548,0.230903238,0.244347289,1.56905060E-07
13,20,0.257764548,0.244347289,0.257764548,1.56905060E-07
14,1,0.00000000,0.00000000,0.00000000,-3.90230183E-04
14,2,0.00000000,0.00000000,0.00000000,-3.90230183E-04
14,3,0.00000000,0.00000000,0.00000000,-3.90230183E-04
14,4,0.00000000,0.00000000,0.00000000,-3.90230183E-04
14,5,0.00000000,0.00000000,0.00000000,-3.90230183E-04
14,6,0.00000000,0.00000000,0.00000000,-3.90230183E-04
14,7,0.00000000,0.00000000,0.00000000,-3.90230183E-04
14,8,0.00000000,0.00000000,0.00000000,-3.90230183E-04
14,9,0.00000000,0.00000000,0.00000000,-3.90230183E-04
14,10,0.00000000,0.00000000,0.00000000,-3.90230183E-04
14,11,0.00000000,0.00000000,0.00000000,-3.90230183E-04
14,12,0.00000000,0.00000000,0.00000000,-3.90230183E-04
14,13,0.00000000,0.00000000,0.00000000,-3.90230183E-04
14,14,0.00000000,0.00000000,0.00000000,-3.90230183E-04
14,15,0.00000000,0.00000000,0.00000000,-3.90230183E-04
14,16,0.00000000,0.00000000,0.00000000,-3.90230183E-04
14,17,0.00000000,0.00000000,0.00000000,-3.90230183E-04
14,18,0.00000000,0.00000000,0.00000000,-3.90230183E-04
14,19,0.00000000,0.00000000,0.00000000,-3.90230183E-04
14,20,0.00000000,0.00000000,0.00000000,-3.90230183E-04
15,1,0.475739062,0.409167439,0.417095661,-1.43128132E-08
15,2,0.475739062,0.417095661,0.384264112,-1.43128132E-08
15,3,0.475739062,0.384264112,0.506228685,-1.43128132E-08
15,4,0.475739062,0.506228685,0.277806759,-1.43128132E-08
15,5,0.475739062,0.277806759,0.416033506,-1.43128132E-08
15,6,0.475739062,0.416033506,0.537321270,-1.43128132E-08
15,7,0.475739062,0.537321270,0.370045006,-1.43128132E-08
15,8,0.475739062,0.370045006,0.401455045,-1.43128132E-08
15,9,0.475739062,0.401455045,0.349101216,-1.43128132E-08
15,10,0.475739062,0.349101216,0.347379416,-1.43128132E-08
15,11,0.475739062,0.347379416,0.448766977,-1.43128132E-08
15,12,0.475739062,0.448766977,0.520706475,-1.43128132E-08
15,13,0.475739062,0.520706475,0.490393072,-1.43128132E-08
15,14,0.475739062,0.490393072,0.403975666,-1.43128132E-08
15,15,0.475739062,0.403975666,0.247784197,-1.43128132E-08
15,16,0.475739062,0.247784197,0.292803735,-1.43128132E-08
15,17,0.475739062,0.292803735,0.405380100,-1.43128132E-08
15,18,0.475739062,0.405380100,0.475304008,-1.43128132E-08
15,19,0.475739062,0.475304008,0.503317833,-1.43128132E-08
15,20,0.475739062,0.503317833,0.475739062,-1.43128132E-08
16,1,266.944580,0.00000000,13.3155890,1.60890957E-03
16,2,266.944580,13.3155890,26.5726910,1.60890957E-03
16,3,266.944580,26.5726910,40.0181656,1.60890957E-03
16,4,266.944580,40.0181656,53.2687912,1.60890957E-03
16,5,266.944580,53.2687912,66.2963867,1.60890957E-03
16,6,266.944580,66.2963867,79.8532867,1.60890957E-03
16,7,266.944580,79.8532867,93.5069962,1.60890957E-03
16,8,266.944580,93.5069962,106.651993,1.60890957E-03
16,9,266.944580,106.651993,119.516228,1.60890957E-03
16,10,266.944580,119.516228,132.607758,1.60890957E-03
16,11,266.944580,132.607758,146.239380,1.60890957E-03
16,12,266.944580,146.239380,160.071136,1.60890957E-03
16,13,266.944580,160.071136,173.620972,1.60890957E-03
16,14,266.944580,173.620972,186.707886,1.60890957E-03
16,15,266.944580,186.707886,199.480499,1.60890957E-03
16,16,266.944580,199.480499,212.296448,1.60890957E-03
16,17,266.944580,212.296448,225.499023,1.60890957E-03
16,18,266.944580,225.499023,239.175751,1.60890957E-03
16,19,266.944580,239.175751,253.108215,1.60890957E-03
16,20,266.944580,253.108215,266.944580,1.60890957E-03
17,1,0.00000000,8.97309510E-05,0.00000000,-9.13119147E-05
17,2,0.00000000,0.00000000,0.00000000,-9.13119147E-05
17,3,0.00000000,0.00000000,0.00000000,-9.13119147E-05
17,4,0.00000000,0.00000000,0.00000000,-9.13119147E-05
17,5,0.00000000,0.00000000,0.00000000,-9.13119147E-05
17,6,0.00000000,0.00000000,0.00000000,-9.13119147E-05
17,7,0.00000000,0.00000000,0.00000000,-9.13119147E-05
17,8,0.00000000,0.00000000,0.00000000,-9.13119147E-05
17,9,0.00000000,0.00000000,0.00000000,-9.13119147E-05
17,10,0.00000000,0.00000000,0.00000000,-9.13119147E-05
17,11,0.00000000,0.00000000,0.00000000,-9.13119147E-05
17,12,0.00000000,0.00000000,0.00000000,-9.13119147E-05
17,13,0.00000000,0.00000000,0.00000000,-9.13119147E-05
17,14,0.00000000,0.00000000,0.00000000,-9.13119147E-05
17,15,0.00000000,0.00000000,0.00000000,-9.13119147E-05
17,16,0.00000000,0.00000000,0.00000000,-9.13119147E-05
17,17,0.00000000,0.00000000,0.00000000,-9.13119147E-05
17,18,0.00000000,0.00000000,0.00000000,-9.13119147E-05
17,19,0.00000000,0.00000000,0.00000000,-9.13119147E-05
17,20,0.00000000,0.00000000,0.00000000,-9.13119147E-05
18,1,2.87163544,1.08006501,1.11352074,9.08601760E-06
18,2,2.87163544,1.11352074,1.19055867,9.08601760E-06
18,3,2.87163544,1.19055867,1.29820299,9.08601760E-06
18,4,2.87163544,1.29820299,1.40394652,9.08601760E-06
18,5,2.87163544,1.40394652,1.49935126,9.08601760E-06
18,6,2.87163544,1.49935126,1.58257842,9.08601760E-06
18,7,2.87163544,1.58257842,1.65553463,9.08601760E-06
18,8,2.87163544,1.65553463,1.72190416,9.08601760E-06
18,9,2.87163544,1.72190416,1.78585184,9.08601760E-06
18,10,2.87163544,1.78585184,1.85122406,9.08601760E-06
18,11,2.87163544,1.85122406,1.92110288,9.08601760E-06
18,12,2.87163544,1.92110288,1.99761283,9.08601760E-06
18,13,2.87163544,1.99761283,2.08190131,9.08601760E-06
18,14,2.87163544,2.08190131,2.17422128,9.08601760E-06
18,15,2.87163544,2.17422128,2.27408099,9.08601760E-06
18,16,2.87163544,2.27408099,2.38041568,9.08601760E-06
18,17,2.87163544,2.38041568,2.49176908,9.08601760E-06
18,18,2.87163544,2.49176908,2.65926266,9.08601760E-06
18,19,2.87163544,2.65926266,2.78971004,9.08601760E-06
18,20,2.87163544,2.78971004,2.87163544,9.08601760E-06
19,1,267.408478,266.944580,266.569366,2.01615347E-08
19,2,267.408478,266.569366,265.159210,2.01615347E-08
19,3,267.408478,265.159210,265.906097,2.01615347E-08
19,4,267.408478,265.906097,267.441589,2.01615347E-08
19,5,267.408478,267.441589,266.525024,2.01615347E-08
19,6,267.408478,266.525024,264.755829,2.01615347E-08
19,7,267.408478,264.755829,265.354858,2.01615347E-08
19,8,267.408478,265.354858,267.978516,2.01615347E-08
19,9,267.408478,267.978516,267.183014,2.01615347E-08
19,10,267.408478,267.183014,265.280121,2.01615347E-08
19,11,267.408478,265.280121,264.694519,2.01615347E-08
19,12,267.408478,264.694519,264.742401,2.01615347E-08
19,13,267.408478,264.742401,268.471985,2.01615347E-08
19,14,267.408478,268.471985,269.889984,2.01615347E-08
19,15,267.408478,269.889984,265.154938,2.01615347E-08
19,16,267.408478,265.154938,261.344696,2.01615347E-08
19,17,267.408478,261.344696,264.044403,2.01615347E-08
19,18,267.408478,264.044403,269.173798,2.01615347E-08
19,19,267.408478,269.173798,270.428558,2.01615347E-08
19,20,267.408478,270.428558,267.408478,2.01615347E-08
20,1,0.306925952,0.475739062,0.461780816,-6.50025811E-08
20,2,0.306925952,0.461780816,0.456950933,-6.50025811E-08
20,3,0.306925952,0.456950933,0.457655877,-6.50025811E-08
20,4,0.306925952,0.457655877,0.460991174,-6.50025811E-08
20,5,0.306925952,0.460991174,0.464727402,-6.50025811E-08
20,6,0.306925952,0.464727402,0.467259228,-6.50025811E-08
20,7,0.306925952,0.467259228,0.467532724,-6.50025811E-08
20,8,0.306925952,0.467532724,0.464962065,-6.50025811E-08
20,9,0.306925952,0.464962065,0.459342718,-6.50025811E-08
20,10,0.306925952,0.459342718,0.450767338,-6.50025811E-08
20,11,0.306925952,0.450767338,0.439547628,-6.50025811E-08
20,12,0.306925952,0.439547628,0.426144928,-6.50025811E-08
20,13,0.306925952,0.426144928,0.411111534,-6.50025811E-08
20,14,0.306925952,0.411111534,0.395040244,-6.50025811E-08
20,15,0.306925952,0.395040244,0.378524661,-6.50025811E-08
20,16,0.306925952,0.378524661,0.362129062,-6.50025811E-08
20,17,0.306925952,0.362129062,0.346365452,-6.50025811E-08
20,18,0.306925952,0.346365452,0.331677973,-6.50025811E-08
20,19,0.306925952,0.331677973,0.318435550,-6.50025811E-08
20,20,0.306925952,0.318435550,0.306925952,-6.50025811E-08
21,1,0.971593857,0.00000000,8.16373080E-02,9.70450310E-06
21,2,0.971593857,8.16373080E-02,0.140574843,9.70450310E-06
21,3,0.971593857,0.140574843,0.184368506,9.70450310E-06
21,4,0.971593857,0.184368506,0.218896210,9.70450310E-06
21,5,0.971593857,0.218896210,0.248637900,9.70450310E-06
21,6,0.971593857,0.248637900,0.276918054,9.70450310E-06
21,7,0.971593857,0.276918054,0.306114674,9.70450310E-06
21,8,0.971593857,0.306114674,0.337839901,9.70450310E-06
21,9,0.971593857,0.337839901,0.373092413,9.70450310E-06
21,10,0.971593857,0.373092413,0.412388802,9.70450310E-06
21,11,0.971593857,0.412388802,0.455874026,9.70450310E-06
21,12,0.971593857,0.455874026,0.503414035,9.70450310E-06
21,13,0.971593857,0.503414035,0.554673016,9.70450310E-06
21,14,0.971593857,0.554673016,0.609177828,9.70450310E-06
21,15,0.971593857,0.609177828,0.666367650,9.70450310E-06
21,16,0.971593857,0.666367650,0.725639164,9.70450310E-06
21,17,0.971593857,0.725639164,0.786378145,9.70450310E-06
21,18,0.971593857,0.786378145,0.847985446,9.70450310E-06
21,19,0.971593857,0.847985446,0.909895897,9.70450310E-06
21,20,0.971593857,0.909895897,0.971593857,9.70450310E-06
22,1,673.466919,2.87163544,36.4669113,1.42972684E-03
22,2,673.466919,36.4669113,69.1171341,1.42972684E-03
22,3,673.466919,69.1171341,106.894875,1.42972684E-03
22,4,673.466919,106.894875,139.548523,1.42972684E-03
22,5,673.466919,139.548523,169.700333,1.42972684E-03
22,6,673.466919,169.700333,202.225128,1.42972684E-03
22,7,673.466919,202.225128,237.779297,1.42972684E-03
22,8,673.466919,237.779297,274.041565,1.42972684E-03
22,9,673.466919,274.041565,308.903198,1.42972684E-03
22,10,673.466919,308.903198,342.023804,1.42972684E-03
22,11,673.466919,342.023804,374.435577,1.42972684E-03
22,12,673.466919,374.435577,407.355835,1.42972684E-03
22,13,673.466919,407.355835,441.294281,1.42972684E-03
22,14,673.466919,441.294281,475.887848,1.42972684E-03
22,15,673.466919,475.887848,510.314270,1.42972684E-03
22,16,673.466919,510.314270,543.870422,1.42972684E-03
22,17,673.466919,543.870422,576.384521,1.42972684E-03
22,18,673.466919,576.384521,608.283691,1.42972684E-03
22,19,673.466919,608.283691,640.372498,1.42972684E-03
22,20,673.466919,640.372498,673.466919,1.42972684E-03
23,1,186.859772,267.408478,263.141266,-6.34538301E-04
23,2,186.859772,263.141266,259.069916,-6.34538301E-04
23,3,186.859772,259.069916,252.248123,-6.34538301E-04
23,4,186.859772,252.248123,251.392593,-6.34538301E-04
23,5,186.859772,251.392593,248.191010,-6.34538301E-04
23,6,186.859772,248.191010,243.575256,-6.34538301E-04
23,7,186.859772,243.575256,236.157883,-6.34538301E-04
23,8,186.859772,236.157883,229.551300,-6.34538301E-04
23,9,186.859772,229.551300,226.871445,-6.34538301E-04
23,10,186.859772,226.871445,226.196350,-6.34538301E-04
23,11,186.859772,226.196350,225.170151,-6.34538301E-04
23,12,186.859772,225.170151,221.688217,-6.34538301E-04
23,13,186.859772,221.688217,218.025681,-6.34538301E-04
23,14,186.859772,218.025681,214.425964,-6.34538301E-04
23,15,186.859772,214.425964,207.865433,-6.34538301E-04
23,16,186.859772,207.865433,200.123718,-6.34538301E-04
23,17,186.859772,200.123718,193.433304,-6.34538301E-04
23,18,186.859772,193.433304,188.994583,-6.34538301E-04
23,19,186.859772,188.994583,186.846298,-6.34538301E-04
23,20,186.859772,186.846298,186.859772,-6.34538301E-04
24,1,0.781865478,0.971593857,0.975567043,4.46354306E-07
24,2,0.781865478,0.975567043,1.08277333,4.46354306E-07
24,3,0.781865478,1.08277333,1.11601257,4.46354306E-07
24,4,0.781865478,1.11601257,0.836331725,4.46354306E-07
24,5,0.781865478,0.836331725,1.27824831,4.46354306E-07
24,6,0.781865478,1.27824831,1.16787100,4.46354306E-07
24,7,0.781865478,1.16787100,0.770661712,4.46354306E-07
24,8,0.781865478,0.770661712,0.540169477,4.46354306E-07
24,9,0.781865478,0.540169477,0.560327768,4.46354306E-07
24,10,0.781865478,0.560327768,0.760249019,4.46354306E-07
24,11,0.781865478,0.760249019,1.03002334,4.46354306E-07
24,12,0.781865478,1.03002334,1.27572513,4.46354306E-07
24,13,0.781865478,1.27572513,1.43904948,4.46354306E-07
24,14,0.781865478,1.43904948,1.49804819,4.46354306E-07
24,15,0.781865478,1.49804819,1.45920253,4.46354306E-07
24,16,0.781865478,1.45920253,1.34686506,4.46354306E-07
24,17,0.781865478,1.34686506,1.19333458,4.46354306E-07
24,18,0.781865478,1.19333458,1.03106165,4.46354306E-07
24,19,0.781865478,1.03106165,0.887416244,4.46354306E-07
24,20,0.781865478,0.887416244,0.781865478,4.46354306E-07
25,1,563.773560,673.724670,666.398010,-1.81058795E-06
25,2,563.773560,666.398010,656.727844,-1.81058795E-06
25,3,563.773560,656.727844,663.935669,-1.81058795E-06
25,4,563.773560,663.935669,695.232910,-1.81058795E-06
25,5,563.773560,695.232910,733.525574,-1.81058795E-06
25,6,563.773560,733.525574,748.554016,-1.81058795E-06
25,7,563.773560,748.554016,724.944763,-1.81058795E-06
25,8,563.773560,724.944763,802.307434,-1.81058795E-06
25,9,563.773560,802.307434,594.753479,-1.81058795E-06
25,10,563.773560,594.753479,351.447571,-1.81058795E-06
25,11,563.773560,351.447571,311.587891,-1.81058795E-06
25,12,563.773560,311.587891,461.334290,-1.81058795E-06
25,13,563.773560,461.334290,701.247559,-1.81058795E-06
25,14,563.773560,701.247559,930.303467,-1.81058795E-06
25,15,563.773560,930.303467,1080.25500,-1.81058795E-06
25,16,563.773560,1080.25500,1122.52087,-1.81058795E-06
25,17,563.773560,1122.52087,1061.66223,-1.81058795E-06
25,18,563.773560,1061.66223,923.940918,-1.81058795E-06
25,19,563.773560,923.940918,745.679077,-1.81058795E-06
25,20,563.773560,745.679077,563.773560,-1.81058795E-06
26,1,0.00000000,186.859772,148.975601,-7.29674473E-04
26,2,0.00000000,148.975601,91.5464783,-7.29674473E-04
26,3,0.00000000,91.5464783,49.6326141,-7.29674473E-04
26,4,0.00000000,49.6326141,16.3206482,-7.29674473E-04
26,5,0.00000000,16.3206482,0.00000000,-7.29674473E-04
26,6,0.00000000,0.00000000,0.00000000,-7.29674473E-04
26,7,0.00000000,0.00000000,0.00000000,-7.29674473E-04
26,8,0.00000000,0.00000000,0.00000000,-7.29674473E-04
26,9,0.00000000,0.00000000,0.00000000,-7.29674473E-04
26,10,0.00000000,0.00000000,0.00000000,-7.29674473E-04
26,11,0.00000000,0.00000000,0.00000000,-7.29674473E-04
26,12,0.00000000,0.00000000,0.00000000,-7.29674473E-04
26,13,0.00000000,0.00000000,0.00000000,-7.29674473E-04
26,14,0.00000000,0.00000000,0.00000000,-7.29674473E-04
26,15,0.00000000,0.00000000,0.00000000,-7.29674473E-04
26,16,0.00000000,0.00000000,0.00000000,-7.29674473E-04
26,17,0.00000000,0.00000000,0.00000000,-7.29674473E-04
26,18,0.00000000,0.00000000,0.00000000,-7.29674473E-04
26,19,0.00000000,0.00000000,0.00000000,-7.29674473E-04
26,20,0.00000000,0.00000000,0.00000000,-7.29674473E-04
27,1,0.00000000,0.781865478,0.00000000,-3.46104102E-03
27,2,0.00000000,0.00000000,0.00000000,-3.46104102E-03
27,3,0.00000000,0.00000000,0.00000000,-3.46104102E-03
27,4,0.00000000,0.00000000,0.00000000,-3.46104102E-03
27,5,0.00000000,0.00000000,0.00000000,-3.46104102E-03
27,6,0.00000000,0.00000000,0.00000000,-3.46104102E-03
27,7,0.00000000,0.00000000,0.00000000,-3.46104102E-03
27,8,0.00000000,0.00000000,0.00000000,-3.46104102E-03
27,9,0.00000000,0.00000000,0.00000000,-3.46104102E-03
27,10,0.00000000,0.00000000,0.00000000,-3.46104102E-03
27,11,0.00000000,0.00000000,0.00000000,-3.46104102E-03
27,12,0.00000000,0.00000000,0.00000000,-3.46104102E-03
27,13,0.00000000,0.00000000,0.00000000,-3.46104102E-03
27,14,0.00000000,0.00000000,0.00000000,-3.46104102E-03
27,15,0.00000000,0.00000000,0.00000000,-3.46104102E-03
27,16,0.00000000,0.00000000,0.00000000,-3.46104102E-03
27,17,0.00000000,0.00000000,0.00000000,-3.46104102E-03
27,18,0.00000000,0.00000000,0.00000000,-3.46104102E-03
27,19,0.00000000,0.00000000,0.00000000,-3.46104102E-03
27,20,0.00000000,0.00000000,0.00000000,-3.46104102E-03
28,1,0.00000000,563.773560,335.493469,-5.99115621E-04
28,2,0.00000000,335.493469,1048.25684,-5.99115621E-04
28,3,0.00000000,1048.25684,396.380035,-5.99115621E-04
28,4,0.00000000,396.380035,149.913452,-5.99115621E-04
28,5,0.00000000,149.913452,838.307373,-5.99115621E-04
28,6,0.00000000,838.307373,586.675842,-5.99115621E-04
28,7,0.00000000,586.675842,0.00000000,-5.99115621E-04
28,8,0.00000000,0.00000000,257.462982,-5.99115621E-04
28,9,0.00000000,257.462982,619.560242,-5.99115621E-04
28,10,0.00000000,619.560242,133.881958,-5.99115621E-04
28,11,0.00000000,133.881958,56.0722733,-5.99115621E-04
28,12,0.00000000,56.0722733,281.664673,-5.99115621E-04
28,13,0.00000000,281.664673,149.710266,-5.99115621E-04
28,14,0.00000000,149.710266,179.835510,-5.99115621E-04
28,15,0.00000000,179.835510,29.0768890,-5.99115621E-04
28,16,0.00000000,29.0768890,0.00000000,-5.99115621E-04
28,17,0.00000000,0.00000000,0.00000000,-5.99115621E-04
28,18,0.00000000,0.00000000,0.00000000,-5.99115621E-04
28,19,0.00000000,0.00000000,0.00000000,-5.99115621E-04
28,20,0.00000000,0.00000000,0.00000000,-5.99115621E-04
29,1,32.1573677,0.00000000,1.59326231,1.33046356E-04
29,2,32.1573677,1.59326231,3.37027884,1.33046356E-04
29,3,32.1573677,3.37027884,4.87169409,1.33046356E-04
29,4,32.1573677,4.87169409,6.34246159,1.33046356E-04
29,5,32.1573677,6.34246159,8.05898666,1.33046356E-04
29,6,32.1573677,8.05898666,9.90476418,1.33046356E-04
29,7,32.1573677,9.90476418,11.6310387,1.33046356E-04
29,8,32.1573677,11.6310387,13.1479588,1.33046356E-04
29,9,32.1573677,13.1479588,14.5641041,1.33046356E-04
29,10,32.1573677,14.5641041,16.0041695,1.33046356E-04
29,11,32.1573677,16.0041695,17.6865139,1.33046356E-04
29,12,32.1573677,17.6865139,19.4714565,1.33046356E-04
29,13,32.1573677,19.4714565,21.2356873,1.33046356E-04
29,14,32.1573677,21.2356873,22.9867764,1.33046356E-04
29,15,32.1573677,22.9867764,24.7612267,1.33046356E-04
29,16,32.1573677,24.7612267,26.2298012,1.33046356E-04
29,17,32.1573677,26.2298012,27.6922874,1.33046356E-04
29,18,32.1573677,27.6922874,29.3484116,1.33046356E-04
29,19,32.1573677,29.3484116,30.8216496,1.33046356E-04
29,20,32.1573677,30.8216496,32.1573677,1.33046356E-04
30,1,1.43599856,0.00000000,7.12189749E-02,2.12785130E-06
30,2,1.43599856,7.12189749E-02,0.129781395,2.12785130E-06
30,3,1.43599856,0.129781395,0.222771242,2.12785130E-06
30,4,1.43599856,0.222771242,0.280940443,2.12785130E-06
30,5,1.43599856,0.280940443,0.333765745,2.12785130E-06
30,6,1.43599856,0.333765745,0.406762034,2.12785130E-06
30,7,1.43599856,0.406762034,0.476699948,2.12785130E-06
30,8,1.43599856,0.476699948,0.667164087,2.12785130E-06
30,9,1.43599856,0.667164087,0.457145900,2.12785130E-06
30,10,1.43599856,0.457145900,0.745841980,2.12785130E-06
30,11,1.43599856,0.745841980,0.888870835,2.12785130E-06
30,12,1.43599856,0.888870835,0.834150195,2.12785130E-06
30,13,1.43599856,0.834150195,0.788798571,2.12785130E-06
30,14,1.43599856,0.788798571,0.895231009,2.12785130E-06
30,15,1.43599856,0.895231009,0.874824643,2.12785130E-06
30,16,1.43599856,0.874824643,1.48781288,2.12785130E-06
30,17,1.43599856,1.48781288,1.26500094,2.12785130E-06
30,18,1.43599856,1.26500094,1.11871767,2.12785130E-06
30,19,1.43599856,1.11871767,1.24797535,2.12785130E-06
30,20,1.43599856,1.24797535,1.43599856,2.12785130E-06
31,1,173.944580,32.1573677,39.3009453,3.67001398E-04
31,2,173.944580,39.3009453,45.9694328,3.67001398E-04
31,3,173.944580,45.9694328,55.6945419,3.67001398E-04
31,4,173.944580,55.6945419,57.3783531,3.67001398E-04
31,5,173.944580,57.3783531,72.1708603,3.67001398E-04
31,6,173.944580,72.1708603,76.1112061,3.67001398E-04
31,7,173.944580,76.1112061,80.4843826,3.67001398E-04
31,8,173.944580,80.4843826,91.9746246,3.67001398E-04
31,9,173.944580,91.9746246,99.9406281,3.67001398E-04
31,10,173.944580,99.9406281,104.594337,3.67001398E-04
31,11,173.944580,104.594337,105.086617,3.67001398E-04
31,12,173.944580,105.086617,114.671234,3.67001398E-04
31,13,173.944580,114.671234,125.699028,3.67001398E-04
31,14,173.944580,125.699028,137.809860,3.67001398E-04
31,15,173.944580,137.809860,143.473663,3.67001398E-04
31,16,173.944580,143.473663,150.312805,3.67001398E-04
31,17,173.944580,150.312805,152.415985,3.67001398E-04
31,18,173.944580,152.415985,155.400909,3.67001398E-04
31,19,173.944580,155.400909,164.793274,3.67001398E-04
31,20,173.944580,164.793274,173.944580,3.67001398E-04
32,1,3189.05273,1.43599856,305.845398,3.20378355E-08
32,2,3189.05273,305.845398,1473.60925,3.20378355E-08
32,3,3189.05273,1473.60925,3467.57202,3.20378355E-08
32,4,3189.05273,3467.57202,5391.54102,3.20378355E-08
32,5,3189.05273,5391.54102,6386.48438,3.20378355E-08
32,6,3189.05273,6386.48438,6339.26904,3.20378355E-08
32,7,3189.05273,6339.26904,5663.61230,3.20378355E-08
32,8,3189.05273,5663.61230,4790.16113,3.20378355E-08
32,9,3189.05273,4790.16113,3953.69678,3.20378355E-08
32,10,3189.05273,3953.69678,3241.43164,3.20378355E-08
32,11,3189.05273,3241.43164,2686.99634,3.20378355E-08
32,12,3189.05273,2686.99634,2313.57471,3.20378355E-08
32,13,3189.05273,2313.57471,2130.08496,3.20378355E-08
32,14,3189.05273,2130.08496,2116.13477,3.20378355E-08
32,15,3189.05273,2116.13477,2223.36426,3.20378355E-08
32,16,3189.05273,2223.36426,2395.48877,3.20378355E-08
32,17,3189.05273,2395.48877,2590.64917,3.20378355E-08
32,18,3189.05273,2590.64917,2790.15356,3.20378355E-08
32,19,3189.05273,2790.15356,2990.67432,3.20378355E-08
32,20,3189.05273,2990.67432,3189.05273,3.20378355E-08
33,1,104.556931,174.102249,171.953430,-3.80946818E-04
33,2,104.556931,171.953430,170.539978,-3.80946818E-04
33,3,104.556931,170.539978,168.562042,-3.80946818E-04
33,4,104.556931,168.562042,165.710785,-3.80946818E-04
33,5,104.556931,165.710785,162.775818,-3.80946818E-04
33,6,104.556931,162.775818,159.597885,-3.80946818E-04
33,7,104.556931,159.597885,156.040115,-3.80946818E-04
33,8,104.556931,156.040115,151.539490,-3.80946818E-04
33,9,104.556931,151.539490,145.068420,-3.80946818E-04
33,10,104.556931,145.068420,138.385178,-3.80946818E-04
33,11,104.556931,138.385178,133.641617,-3.80946818E-04
33,12,104.556931,133.641617,129.044312,-3.80946818E-04
33,13,104.556931,129.044312,124.072662,-3.80946818E-04
33,14,104.556931,124.072662,119.225357,-3.80946818E-04
33,15,104.556931,119.225357,115.107407,-3.80946818E-04
33,16,104.556931,115.107407,112.134850,-3.80946818E-04
33,17,104.556931,112.134850,106.956024,-3.80946818E-04
33,18,104.556931,106.956024,105.682922,-3.80946818E-04
33,19,104.556931,105.682922,105.273270,-3.80946818E-04
33,20,104.556931,105.273270,104.556931,-3.80946818E-04
34,1,3671.09375,3189.05273,3228.89746,9.34671363E-09
34,2,3671.09375,3228.89746,3268.04712,9.34671363E-09
34,3,3671.09375,3268.04712,3306.28638,9.34671363E-09
34,4,3671.09375,3306.28638,3343.38257,9.34671363E-09
34,5,3671.09375,3343.38257,3379.09521,9.34671363E-09
34,6,3671.09375,3379.09521,3413.18384,9.34671363E-09
34,7,3671.09375,3413.18384,3445.41528,9.34671363E-09
34,8,3671.09375,3445.41528,3475.57788,9.34671363E-09
34,9,3671.09375,3475.57788,3503.48633,9.34671363E-09
34,10,3671.09375,3503.48633,3528.99683,9.34671363E-09
34,11,3671.09375,3528.99683,3552.01636,9.34671363E-09
34,12,3671.09375,3552.01636,3572.51343,9.34671363E-09
34,13,3671.09375,3572.51343,3590.52979,9.34671363E-09
34,14,3671.09375,3590.52979,3606.19165,9.34671363E-09
34,15,3671.09375,3606.19165,3619.72021,9.34671363E-09
34,16,3671.09375,3619.72021,3631.44238,9.34671363E-09
34,17,3671.09375,3631.44238,3641.80127,9.34671363E-09
34,18,3671.09375,3641.80127,3651.36743,9.34671363E-09
34,19,3671.09375,3651.36743,3660.84692,9.34671363E-09
34,20,3671.09375,3660.84692,3671.09375,9.34671363E-09
35,1,3672.40869,3671.09375,3670.89990,-6.28237758E-05
35,2,3672.40869,3670.89990,3671.36475,-6.28237758E-05
35,3,3672.40869,3671.36475,3669.85962,-6.28237758E-05
35,4,3672.40869,3669.85962,3671.58032,-6.28237758E-05
35,5,3672.40869,3671.58032,3670.39282,-6.28237758E-05
35,6,3672.40869,3670.39282,3670.63525,-6.28237758E-05
35,7,3672.40869,3670.63525,3670.26074,-6.28237758E-05
35,8,3672.40869,3670.26074,3670.18530,-6.28237758E-05
35,9,3672.40869,3670.18530,3667.98389,-6.28237758E-05
35,10,3672.40869,3667.98389,3670.93481,-6.28237758E-05
35,11,3672.40869,3670.93481,3671.87817,-6.28237758E-05
35,12,3672.40869,3671.87817,3671.94556,-6.28237758E-05
35,13,3672.40869,3671.94556,3672.15161,-6.28237758E-05
35,14,3672.40869,3672.15161,3666.20215,-6.28237758E-05
35,15,3672.40869,3666.20215,3666.42896,-6.28237758E-05
35,16,3672.40869,3666.42896,3665.95264,-6.28237758E-05
35,17,3672.40869,3665.95264,3669.20703,-6.28237758E-05
35,18,3672.40869,3669.20703,3671.55029,-6.28237758E-05
35,19,3672.40869,3671.55029,3672.87793,-6.28237758E-05
35,20,3672.40869,3672.87793,3672.40869,-6.28237758E-05
36,1,152545.188,3672.40869,3777.81348,-7.70103998E-06
36,2,152545.188,3777.81348,4039.88525,-7.70103998E-06
36,3,152545.188,4039.88525,4558.62061,-7.70103998E-06
36,4,152545.188,4558.62061,5454.80518,-7.70103998E-06
36,5,152545.188,5454.80518,6860.43311,-7.70103998E-06
36,6,152545.188,6860.43311,8905.96387,-7.70103998E-06
36,7,152545.188,8905.96387,11708.1006,-7.70103998E-06
36,8,152545.188,11708.1006,15361.3721,-7.70103998E-06
36,9,152545.188,15361.3721,19935.5293,-7.70103998E-06
36,10,152545.188,19935.5293,25479.2734,-7.70103998E-06
36,11,152545.188,25479.2734,32029.3984,-7.70103998E-06
36,12,152545.188,32029.3984,39623.6406,-7.70103998E-06
36,13,152545.188,39623.6406,48315.0625,-7.70103998E-06
36,14,152545.188,48315.0625,58185.7852,-7.70103998E-06
36,15,152545.188,58185.7852,69358.4766,-7.70103998E-06
36,16,152545.188,69358.4766,82004.3047,-7.70103998E-06
36,17,152545.188,82004.3047,96346.8516,-7.70103998E-06
36,18,152545.188,96346.8516,112661.859,-7.70103998E-06
36,19,152545.188,112661.859,131273.109,-7.70103998E-06
36,20,152545.188,131273.109,152545.188,-7.70103998E-06
37,1,2686573.75,152545.188,187684.594,3.57247081E-05
37,2,2686573.75,187684.594,230069.344,3.57247081E-05
37,3,2686573.75,230069.344,280979.156,3.57247081E-05
37,4,2686573.75,280979.156,341671.562,3.57247081E-05
37,5,2686573.75,341671.562,413301.156,3.57247081E-05
37,6,2686573.75,413301.156,496843.656,3.57247081E-05
37,7,2686573.75,496843.656,593028.062,3.57247081E-05
37,8,2686573.75,593028.062,702279.250,3.57247081E-05
37,9,2686573.75,702279.250,824672.562,3.57247081E-05
37,10,2686573.75,824672.562,959901.500,3.57247081E-05
37,11,2686573.75,959901.500,1107257.12,3.57247081E-05
37,12,2686573.75,1107257.12,1265624.88,3.57247081E-05
37,13,2686573.75,1265624.88,1433496.00,3.57247081E-05
37,14,2686573.75,1433496.00,1608996.75,3.57247081E-05
37,15,2686573.75,1608996.75,1789934.50,3.57247081E-05
37,16,2686573.75,1789934.50,1973863.25,3.57247081E-05
37,17,2686573.75,1973863.25,2158164.25,3.57247081E-05
37,18,2686573.75,2158164.25,2340140.00,3.57247081E-05
37,19,2686573.75,2340140.00,2517120.50,3.57247081E-05
37,20,2686573.75,2517120.50,2686573.75,3.57247081E-05
38,1,2743651.50,2686573.75,2963680.50,3.58704870E-06
38,2,2743651.50,2963680.50,3202881.25,3.58704870E-06
38,3,2743651.50,3202881.25,3397562.25,3.58704870E-06
38,4,2743651.50,3397562.25,3546165.50,3.58704870E-06
38,5,2743651.50,3546165.50,3652409.75,3.58704870E-06
38,6,2743651.50,3652409.75,3724558.50,3.58704870E-06
38,7,2743651.50,3724558.50,3773757.75,3.58704870E-06
38,8,2743651.50,3773757.75,3811682.50,3.58704870E-06
38,9,2743651.50,3811682.50,3847915.50,3.58704870E-06
38,10,2743651.50,3847915.50,3887606.00,3.58704870E-06
38,11,2743651.50,3887606.00,3929956.00,3.58704870E-06
38,12,2743651.50,3929956.00,3967928.50,3.58704870E-06
38,13,2743651.50,3967928.50,3989327.25,3.58704870E-06
38,14,2743651.50,3989327.25,3979062.00,3.58704870E-06
38,15,2743651.50,3979062.00,3922146.25,3.58704870E-06
38,16,2743651.50,3922146.25,3806776.00,3.58704870E-06
38,17,2743651.50,3806776.00,3626827.50,3.58704870E-06
38,18,2743651.50,3626827.50,3383261.00,3.58704870E-06
38,19,2743651.50,3383261.00,3084185.75,3.58704870E-06
38,20,2743651.50,3084185.75,2743651.50,3.58704870E-06
39,1,53574.9492,2743651.50,2463734.75,6.64242492E-08
39,2,53574.9492,2463734.75,2179695.00,6.64242492E-08
39,3,53574.9492,2179695.00,1899928.25,6.64242492E-08
39,4,53574.9492,1899928.25,1631829.00,6.64242492E-08
39,5,53574.9492,1631829.00,1381395.62,6.64242492E-08
39,6,53574.9492,1381395.62,1153016.50,6.64242492E-08
39,7,53574.9492,1153016.50,949430.625,6.64242492E-08
39,8,53574.9492,949430.625,771828.250,6.64242492E-08
39,9,53574.9492,771828.250,620059.875,6.64242492E-08
39,10,53574.9492,620059.875,492905.938,6.64242492E-08
39,11,53574.9492,492905.938,388374.375,6.64242492E-08
39,12,53574.9492,388374.375,303986.688,6.64242492E-08
39,13,53574.9492,303986.688,237033.938,6.64242492E-08
39,14,53574.9492,237033.938,184784.953,6.64242492E-08
39,15,53574.9492,184784.953,144642.359,6.64242492E-08
39,16,53574.9492,144642.359,114246.812,6.64242492E-08
39,17,53574.9492,114246.812,91535.2578,6.64242492E-08
39,18,53574.9492,91535.2578,74761.9219,6.64242492E-08
39,19,53574.9492,74761.9219,62491.6406,6.64242492E-08
39,20,53574.9492,62491.6406,53574.9492,6.64242492E-08
40,1,27582.3828,53574.9492,51147.1836,-6.00829311E-02
40,2,27582.3828,51147.1836,48888.0703,-6.00829311E-02
40,3,27582.3828,48888.0703,46785.1445,-6.00829311E-02
40,4,27582.3828,46785.1445,44827.6602,-6.00829311E-02
40,5,27582.3828,44827.6602,43006.3438,-6.00829311E-02
40,6,27582.3828,43006.3438,41313.1562,-6.00829311E-02
40,7,27582.3828,41313.1562,39740.9883,-6.00829311E-02
40,8,27582.3828,39740.9883,38283.3711,-6.00829311E-02
40,9,27582.3828,38283.3711,36934.2383,-6.00829311E-02
40,10,27582.3828,36934.2383,35687.7305,-6.00829311E-02
40,11,27582.3828,35687.7305,34538.0430,-6.00829311E-02
40,12,27582.3828,34538.0430,33479.3438,-6.00829311E-02
40,13,27582.3828,33479.3438,32505.7539,-6.00829311E-02
40,14,27582.3828,32505.7539,31611.3438,-6.00829311E-02
40,15,27582.3828,31611.3438,30790.1836,-6.00829311E-02
40,16,27582.3828,30790.1836,30036.3789,-6.00829311E-02
40,17,27582.3828,30036.3789,29344.1641,-6.00829311E-02
40,18,27582.3828,29344.1641,28707.9453,-6.00829311E-02
40,19,27582.3828,28707.9453,28122.3691,-6.00829311E-02
40,20,27582.3828,28122.3691,27582.3828,-6.00829311E-02
41,1,27911.8418,27582.3828,27538.4707,-5.53377618E-07
41,2,27911.8418,27538.4707,27525.2051,-5.53377618E-07
41,3,27911.8418,27525.2051,27537.6855,-5.53377618E-07
41,4,27911.8418,27537.6855,27570.8164,-5.53377618E-07
41,5,27911.8418,27570.8164,27619.4473,-5.53377618E-07
41,6,27911.8418,27619.4473,27678.4883,-5.53377618E-07
41,7,27911.8418,27678.4883,27743.1035,-5.53377618E-07
41,8,27911.8418,27743.1035,27808.8418,-5.53377618E-07
41,9,27911.8418,27808.8418,27871.7832,-5.53377618E-07
41,10,27911.8418,27871.7832,27928.6387,-5.53377618E-07
41,11,27911.8418,27928.6387,27976.8027,-5.53377618E-07
41,12,27911.8418,27976.8027,28014.3809,-5.53377618E-07
41,13,27911.8418,28014.3809,28040.1777,-5.53377618E-07
41,14,27911.8418,28040.1777,28053.6621,-5.53377618E-07
41,15,27911.8418,28053.6621,28054.8965,-5.53377618E-07
41,16,27911.8418,28054.8965,28044.4746,-5.53377618E-07
41,17,27911.8418,28044.4746,28023.4316,-5.53377618E-07
41,18,27911.8418,28023.4316,27993.1680,-5.53377618E-07
41,19,27911.8418,27993.1680,27955.3496,-5.53377618E-07
41,20,27911.8418,27955.3496,27911.8418,-5.53377618E-07
42,1,27638.4902,27911.8418,27886.8574,1.66788348E-04
42,2,27638.4902,27886.8574,27861.1387,1.66788348E-04
42,3,27638.4902,27861.1387,27835.0293,1.66788348E-04
42,4,27638.4902,27835.0293,27808.8691,1.66788348E-04
42,5,27638.4902,27808.8691,27783.0020,1.66788348E-04
42,6,27638.4902,27783.0020,27757.7637,1.66788348E-04
42,7,27638.4902,27757.7637,27733.4863,1.66788348E-04
42,8,27638.4902,27733.4863,27710.4980,1.66788348E-04
42,9,27638.4902,27710.4980,27689.1035,1.66788348E-04
42,10,27638.4902,27689.1035,27669.6133,1.66788348E-04
42,11,27638.4902,27669.6133,27652.3262,1.66788348E-04
42,12,27638.4902,27652.3262,27637.5176,1.66788348E-04
42,13,27638.4902,27637.5176,27625.4668,1.66788348E-04
42,14,27638.4902,27625.4668,27616.4355,1.66788348E-04
42,15,27638.4902,27616.4355,27610.6660,1.66788348E-04
42,16,27638.4902,27610.6660,27608.3945,1.66788348E-04
42,17,27638.4902,27608.3945,27609.8379,1.66788348E-04
42,18,27638.4902,27609.8379,27615.2051,1.66788348E-04
42,19,27638.4902,27615.2051,27624.6973,1.66788348E-04
42,20,27638.4902,27624.6973,27638.4902,1.66788348E-04
43,1,75946.5703,27638.4902,27869.3750,-1.66543956E-09
43,2,75946.5703,27869.3750,28294.8457,-1.66543956E-09
43,3,75946.5703,28294.8457,28921.9883,-1.66543956E-09
43,4,75946.5703,28921.9883,29751.0312,-1.66543956E-09
43,5,75946.5703,29751.0312,30779.6230,-1.66543956E-09
43,6,75946.5703,30779.6230,32006.5957,-1.66543956E-09
43,7,75946.5703,32006.5957,33434.7266,-1.66543956E-09
43,8,75946.5703,33434.7266,35072.1875,-1.66543956E-09
43,9,75946.5703,35072.1875,36932.6016,-1.66543956E-09
43,10,75946.5703,36932.6016,39033.9141,-1.66543956E-09
43,11,75946.5703,39033.9141,41396.3750,-1.66543956E-09
43,12,75946.5703,41396.3750,44040.0703,-1.66543956E-09
43,13,75946.5703,44040.0703,46982.2500,-1.66543956E-09
43,14,75946.5703,46982.2500,50234.9922,-1.66543956E-09
43,15,75946.5703,50234.9922,53803.3242,-1.66543956E-09
43,16,75946.5703,53803.3242,57683.8594,-1.66543956E-09
43,17,75946.5703,57683.8594,61864.1992,-1.66543956E-09
43,18,75946.5703,61864.1992,66322.8281,-1.66543956E-09
43,19,75946.5703,66322.8281,71029.6172,-1.66543956E-09
43,20,75946.5703,71029.6172,75946.5703,-1.66543956E-09
44,1,97305.1484,75946.5703,76967.0938,-1.48478721E-03
44,2,97305.1484,76967.0938,77995.1484,-1.48478721E-03
44,3,97305.1484,77995.1484,79030.3359,-1.48478721E-03
44,4,97305.1484,79030.3359,80072.2500,-1.48478721E-03
44,5,97305.1484,80072.2500,81120.4922,-1.48478721E-03
44,6,97305.1484,81120.4922,82174.6797,-1.48478721E-03
44,7,97305.1484,82174.6797,83234.3672,-1.48478721E-03
44,8,97305.1484,83234.3672,84299.1328,-1.48478721E-03
44,9,97305.1484,84299.1328,85368.5547,-1.48478721E-03
44,10,97305.1484,85368.5547,86442.1797,-1.48478721E-03
44,11,97305.1484,86442.1797,87519.5547,-1.48478721E-03
44,12,97305.1484,87519.5547,88600.2109,-1.48478721E-03
44,13,97305.1484,88600.2109,89683.6797,-1.48478721E-03
44,14,97305.1484,89683.6797,90769.4922,-1.48478721E-03
44,15,97305.1484,90769.4922,91857.1484,-1.48478721E-03
44,16,97305.1484,91857.1484,92946.1328,-1.48478721E-03
44,17,97305.1484,92946.1328,94035.9453,-1.48478721E-03
44,18,97305.1484,94035.9453,95126.0703,-1.48478721E-03
44,19,97305.1484,95126.0703,96215.9844,-1.48478721E-03
44,20,97305.1484,96215.9844,97305.1484,-1.48478721E-03
45,1,139099.094,97305.1484,100020.828,-4.79762411E-06
45,2,139099.094,100020.828,102718.359,-4.79762411E-06
45,3,139099.094,102718.359,105388.906,-4.79762411E-06
45,4,139099.094,105388.906,108023.609,-4.79762411E-06
45,5,139099.094,108023.609,110613.734,-4.79762411E-06
45,6,139099.094,110613.734,113150.758,-4.79762411E-06
45,7,139099.094,113150.758,115626.484,-4.79762411E-06
45,8,139099.094,115626.484,118033.047,-4.79762411E-06
45,9,139099.094,118033.047,120363.000,-4.79762411E-06
45,10,139099.094,120363.000,122609.180,-4.79762411E-06
45,11,139099.094,122609.180,124764.766,-4.79762411E-06
45,12,139099.094,124764.766,126823.219,-4.79762411E-06
45,13,139099.094,126823.219,128778.273,-4.79762411E-06
45,14,139099.094,128778.273,130623.906,-4.79762411E-06
45,15,139099.094,130623.906,132354.359,-4.79762411E-06
45,16,139099.094,132354.359,133964.156,-4.79762411E-06
45,17,139099.094,133964.156,135448.109,-4.79762411E-06
45,18,139099.094,135448.109,136801.438,-4.79762411E-06
45,19,139099.094,136801.438,138019.719,-4.79762411E-06
45,20,139099.094,138019.719,139099.094,-4.79762411E-06
46,1,138445.281,139099.094,139391.312,2.18540862E-07
46,2,138445.281,139391.312,139664.875,2.18540862E-07
46,3,138445.281,139664.875,139917.469,2.18540862E-07
46,4,138445.281,139917.469,140146.562,2.18540862E-07
46,5,138445.281,140146.562,140349.438,2.18540862E-07
46,6,138445.281,140349.438,140523.234,2.18540862E-07
46,7,138445.281,140523.234,140665.078,2.18540862E-07
46,8,138445.281,140665.078,140772.031,2.18540862E-07
46,9,138445.281,140772.031,140841.219,2.18540862E-07
46,10,138445.281,140841.219,140869.859,2.18540862E-07
46,11,138445.281,140869.859,140855.250,2.18540862E-07
46,12,138445.281,140855.250,140794.938,2.18540862E-07
46,13,138445.281,140794.938,140686.594,2.18540862E-07
46,14,138445.281,140686.594,140528.156,2.18540862E-07
46,15,138445.281,140528.156,140317.844,2.18540862E-07
46,16,138445.281,140317.844,140054.125,2.18540862E-07
46,17,138445.281,140054.125,139735.781,2.18540862E-07
46,18,138445.281,139735.781,139361.875,2.18540862E-07
46,19,138445.281,139361.875,138931.812,2.18540862E-07
46,20,138445.281,138931.812,138445.281,2.18540862E-07
47,1,138140.141,138445.594,138434.234,-8.77169805E-06
47,2,138140.141,138434.234,138422.922,-8.77169805E-06
47,3,138140.141,138422.922,138412.891,-8.77169805E-06
47,4,138140.141,138412.891,138404.359,-8.77169805E-06
47,5,138140.141,138404.359,138390.734,-8.77169805E-06
47,6,138140.141,138390.734,138385.625,-8.77169805E-06
47,7,138140.141,138385.625,138363.078,-8.77169805E-06
47,8,138140.141,138363.078,138355.047,-8.77169805E-06
47,9,138140.141,138355.047,138350.953,-8.77169805E-06
47,10,138140.141,138350.953,138277.672,-8.77169805E-06
47,11,138140.141,138277.672,138442.766,-8.77169805E-06
47,12,138140.141,138442.766,138120.297,-8.77169805E-06
47,13,138140.141,138120.297,138557.453,-8.77169805E-06
47,14,138140.141,138557.453,138042.141,-8.77169805E-06
47,15,138140.141,138042.141,138345.672,-8.77169805E-06
47,16,138140.141,138345.672,138448.594,-8.77169805E-06
47,17,138140.141,138448.594,138070.359,-8.77169805E-06
47,18,138140.141,138070.359,138215.109,-8.77169805E-06
47,19,138140.141,138215.109,138391.000,-8.77169805E-06
47,20,138140.141,138391.000,138140.141,-8.77169805E-06
48,1,143058.062,138140.141,138111.625,1.60648022E-03
48,2,143058.062,138111.625,138395.203,1.60648022E-03
48,3,143058.062,138395.203,138338.797,1.60648022E-03
48,4,143058.062,138338.797,138090.109,1.60648022E-03
48,5,143058.062,138090.109,138204.516,1.60648022E-03
48,6,143058.062,138204.516,138469.922,1.60648022E-03
48,7,143058.062,138469.922,138384.422,1.60648022E-03
48,8,143058.062,138384.422,138255.922,1.60648022E-03
48,9,143058.062,138255.922,137951.312,1.60648022E-03
48,10,143058.062,137951.312,139357.875,1.60648022E-03
48,11,143058.062,139357.875,136238.391,1.60648022E-03
48,12,143058.062,136238.391,142856.172,1.60648022E-03
48,13,143058.062,142856.172,131296.453,1.60648022E-03
48,14,143058.062,131296.453,146323.234,1.60648022E-03
48,15,143058.062,146323.234,133210.719,1.60648022E-03
48,16,143058.062,133210.719,138357.938,1.60648022E-03
48,17,143058.062,138357.938,142935.234,1.60648022E-03
48,18,143058.062,142935.234,134367.484,1.60648022E-03
48,19,143058.062,134367.484,137499.031,1.60648022E-03
48,20,143058.062,137499.031,143058.062,1.60648022E-03
49,1,134152.625,143058.062,140356.312,4.19651913E-09
49,2,134152.625,140356.312,136851.938,4.19651913E-09
49,3,134152.625,136851.938,133824.031,4.19651913E-09
49,4,134152.625,133824.031,135801.312,4.19651913E-09
49,5,134152.625,135801.312,139273.172,4.19651913E-09
49,6,134152.625,139273.172,141784.219,4.19651913E-09
49,7,134152.625,141784.219,142738.750,4.19651913E-09
49,8,134152.625,142738.750,139577.328,4.19651913E-09
49,9,134152.625,139577.328,136349.406,4.19651913E-09
49,10,134152.625,136349.406,134150.750,4.19651913E-09
49,11,134152.625,134150.750,134719.953,4.19651913E-09
49,12,134152.625,134719.953,137402.281,4.19651913E-09
49,13,134152.625,137402.281,139838.219,4.19651913E-09
49,14,134152.625,139838.219,142330.266,4.19651913E-09
49,15,134152.625,142330.266,143133.125,4.19651913E-09
49,16,134152.625,143133.125,140862.109,4.19651913E-09
49,17,134152.625,140862.109,137672.906,4.19651913E-09
49,18,134152.625,137672.906,135056.328,4.19651913E-09
49,19,134152.625,135056.328,133854.031,4.19651913E-09
49,20,134152.625,133854.031,134152.625,4.19651913E-09
50,1,143115.875,134257.188,137704.500,-5.31225756E-04
50,2,143115.875,137704.500,141428.141,-5.31225756E-04
50,3,143115.875,141428.141,143088.625,-5.31225756E-04
50,4,143115.875,143088.625,142337.750,-5.31225756E-04
50,5,143115.875,142337.750,137947.141,-5.31225756E-04
50,6,143115.875,137947.141,134709.391,-5.31225756E-04
50,7,143115.875,134709.391,132996.312,-5.31225756E-04
50,8,143115.875,132996.312,134809.812,-5.31225756E-04
50,9,143115.875,134809.812,138654.719,-5.31225756E-04
50,10,143115.875,138654.719,142882.281,-5.31225756E-04
50,11,143115.875,142882.281,143445.828,-5.31225756E-04
50,12,143115.875,143445.828,141476.266,-5.31225756E-04
50,13,143115.875,141476.266,138473.203,-5.31225756E-04
50,14,143115.875,138473.203,134903.047,-5.31225756E-04
50,15,143115.875,134903.047,132942.359,-5.31225756E-04
50,16,143115.875,132942.359,133858.078,-5.31225756E-04
50,17,143115.875,133858.078,136437.297,-5.31225756E-04
50,18,143115.875,136437.297,140529.453,-5.31225756E-04
50,19,143115.875,140529.453,143234.125,-5.31225756E-04
50,20,143115.875,143234.125,143115.875,-5.31225756E-04
51,1,134056.594,143115.875,140653.500,2.65869254E-04
51,2,134056.594,140653.500,136882.797,2.65869254E-04
51,3,134056.594,136882.797,133249.000,2.65869254E-04
51,4,134056.594,133249.000,132073.500,2.65869254E-04
51,5,134056.594,132073.500,135213.891,2.65869254E-04
51,6,134056.594,135213.891,139648.812,2.65869254E-04
51,7,134056.594,139648.812,142322.750,2.65869254E-04
51,8,134056.594,142322.750,142618.438,2.65869254E-04
51,9,134056.594,142618.438,141462.875,2.65869254E-04
51,10,134056.594,141462.875,137778.328,2.65869254E-04
51,11,134056.594,137778.328,136144.453,2.65869254E-04
51,12,134056.594,136144.453,133245.094,2.65869254E-04
51,13,134056.594,133245.094,134053.688,2.65869254E-04
51,14,134056.594,134053.688,136381.703,2.65869254E-04
51,15,134056.594,136381.703,138770.812,2.65869254E-04
51,16,134056.594,138770.812,140561.406,2.65869254E-04
51,17,134056.594,140561.406,142230.469,2.65869254E-04
51,18,134056.594,142230.469,143057.562,2.65869254E-04
51,19,134056.594,143057.562,138981.672,2.65869254E-04
51,20,134056.594,138981.672,134056.594,2.65869254E-04
52,1,135170.547,134122.062,136580.766,2.51471531E-03
52,2,135170.547,136580.766,134931.453,2.51471531E-03
52,3,135170.547,134931.453,134295.984,2.51471531E-03
52,4,135170.547,134295.984,139123.453,2.51471531E-03
52,5,135170.547,139123.453,141327.484,2.51471531E-03
52,6,135170.547,141327.484,142268.234,2.51471531E-03
52,7,135170.547,142268.234,140451.188,2.51471531E-03
52,8,135170.547,140451.188,140756.922,2.51471531E-03
52,9,135170.547,140756.922,139237.609,2.51471531E-03
52,10,135170.547,139237.609,133976.797,2.51471531E-03
52,11,135170.547,133976.797,132736.922,2.51471531E-03
52,12,135170.547,132736.922,136760.953,2.51471531E-03
52,13,135170.547,136760.953,140336.766,2.51471531E-03
52,14,135170.547,140336.766,140270.797,2.51471531E-03
52,15,135170.547,140270.797,143154.547,2.51471531E-03
52,16,135170.547,143154.547,145335.109,2.51471531E-03
52,17,135170.547,145335.109,141639.047,2.51471531E-03
52,18,135170.547,141639.047,137886.000,2.51471531E-03
52,19,135170.547,137886.000,134655.188,2.51471531E-03
52,20,135170.547,134655.188,135170.547,2.51471531E-03
53,1,125069.703,135170.547,135453.219,-5.77177554E-02
53,2,125069.703,135453.219,136115.047,-5.77177554E-02
53,3,125069.703,136115.047,136027.047,-5.77177554E-02
53,4,125069.703,136027.047,135472.953,-5.77177554E-02
53,5,125069.703,135472.953,135814.672,-5.77177554E-02
53,6,125069.703,135814.672,134698.312,-5.77177554E-02
53,7,125069.703,134698.312,128759.375,-5.77177554E-02
53,8,125069.703,128759.375,138460.422,-5.77177554E-02
53,9,125069.703,138460.422,143351.859,-5.77177554E-02
53,10,125069.703,143351.859,128084.062,-5.77177554E-02
53,11,125069.703,128084.062,127928.531,-5.77177554E-02
53,12,125069.703,127928.531,132588.516,-5.77177554E-02
53,13,125069.703,132588.516,131928.812,-5.77177554E-02
53,14,125069.703,131928.812,139734.891,-5.77177554E-02
53,15,125069.703,139734.891,142743.188,-5.77177554E-02
53,16,125069.703,142743.188,135391.500,-5.77177554E-02
53,17,125069.703,135391.500,125042.750,-5.77177554E-02
53,18,125069.703,125042.750,119821.141,-5.77177554E-02
53,19,125069.703,119821.141,116619.953,-5.77177554E-02
53,20,125069.703,116619.953,125069.703,-5.77177554E-02
54,1,122554.969,125069.703,138487.484,-9.20577254E-03
54,2,122554.969,138487.484,144284.578,-9.20577254E-03
54,3,122554.969,144284.578,134031.906,-9.20577254E-03
54,4,122554.969,134031.906,121127.234,-9.20577254E-03
54,5,122554.969,121127.234,146260.234,-9.20577254E-03
54,6,122554.969,146260.234,156030.422,-9.20577254E-03
54,7,122554.969,156030.422,142166.281,-9.20577254E-03
54,8,122554.969,142166.281,133042.109,-9.20577254E-03
54,9,122554.969,133042.109,130478.938,-9.20577254E-03
54,10,122554.969,130478.938,142219.391,-9.20577254E-03
54,11,122554.969,142219.391,153521.172,-9.20577254E-03
54,12,122554.969,153521.172,140414.625,-9.20577254E-03
54,13,122554.969,140414.625,126223.406,-9.20577254E-03
54,14,122554.969,126223.406,123839.156,-9.20577254E-03
54,15,122554.969,123839.156,126723.562,-9.20577254E-03
54,16,122554.969,126723.562,138704.609,-9.20577254E-03
54,17,122554.969,138704.609,150961.859,-9.20577254E-03
54,18,122554.969,150961.859,147757.172,-9.20577254E-03
54,19,122554.969,147757.172,129091.766,-9.20577254E-03
54,20,122554.969,129091.766,122554.969,-9.20577254E-03
55,1,132884.516,122554.969,119625.617,-2.01911564E-04
55,2,132884.516,119625.617,123537.539,-2.01911564E-04
55,3,132884.516,123537.539,127646.773,-2.01911564E-04
55,4,132884.516,127646.773,132956.375,-2.01911564E-04
55,5,132884.516,132956.375,139305.641,-2.01911564E-04
55,6,132884.516,139305.641,138110.172,-2.01911564E-04
55,7,132884.516,138110.172,132232.781,-2.01911564E-04
55,8,132884.516,132232.781,125907.633,-2.01911564E-04
55,9,132884.516,125907.633,117345.492,-2.01911564E-04
55,10,132884.516,117345.492,121152.758,-2.01911564E-04
55,11,132884.516,121152.758,124964.055,-2.01911564E-04
55,12,132884.516,124964.055,128362.961,-2.01911564E-04
55,13,132884.516,128362.961,131553.703,-2.01911564E-04
55,14,132884.516,131553.703,138272.281,-2.01911564E-04
55,15,132884.516,138272.281,142958.078,-2.01911564E-04
55,16,132884.516,142958.078,142811.766,-2.01911564E-04
55,17,132884.516,142811.766,140261.922,-2.01911564E-04
55,18,132884.516,140261.922,136855.641,-2.01911564E-04
55,19,132884.516,136855.641,133261.484,-2.01911564E-04
55,20,132884.516,133261.484,132884.516,-2.01911564E-04
56,1,124160.492,132884.516,130387.258,-2.19115900E-05
56,2,124160.492,130387.258,135232.062,-2.19115900E-05
56,3,124160.492,135232.062,145832.219,-2.19115900E-05
56,4,124160.492,145832.219,153575.078,-2.19115900E-05
56,5,124160.492,153575.078,155756.688,-2.19115900E-05
56,6,124160.492,155756.688,151875.531,-2.19115900E-05
56,7,124160.492,151875.531,141646.406,-2.19115900E-05
56,8,124160.492,141646.406,129089.352,-2.19115900E-05
56,9,124160.492,129089.352,117835.414,-2.19115900E-05
56,10,124160.492,117835.414,113207.367,-2.19115900E-05
56,11,124160.492,113207.367,115770.773,-2.19115900E-05
56,12,124160.492,115770.773,124468.492,-2.19115900E-05
56,13,124160.492,124468.492,134896.078,-2.19115900E-05
56,14,124160.492,134896.078,140612.250,-2.19115900E-05
56,15,124160.492,140612.250,141639.984,-2.19115900E-05
56,16,124160.492,141639.984,135358.094,-2.19115900E-05
56,17,124160.492,135358.094,127050.445,-2.19115900E-05
56,18,124160.492,127050.445,121875.742,-2.19115900E-05
56,19,124160.492,121875.742,119798.758,-2.19115900E-05
56,20,124160.492,119798.758,124160.492,-2.19115900E-05
57,1,128795.406,124160.492,129736.781,-1.36895687E-06
57,2,128795.406,129736.781,134160.406,-1.36895687E-06
57,3,128795.406,134160.406,139878.438,-1.36895687E-06
57,4,128795.406,139878.438,146023.750,-1.36895687E-06
57,5,128795.406,146023.750,146946.875,-1.36895687E-06
57,6,128795.406,146946.875,140215.453,-1.36895687E-06
57,7,128795.406,140215.453,135343.703,-1.36895687E-06
57,8,128795.406,135343.703,132157.984,-1.36895687E-06
57,9,128795.406,132157.984,128855.750,-1.36895687E-06
57,10,128795.406,128855.750,124386.609,-1.36895687E-06
57,11,128795.406,124386.609,126570.562,-1.36895687E-06
57,12,128795.406,126570.562,131303.938,-1.36895687E-06
57,13,128795.406,131303.938,137973.859,-1.36895687E-06
57,14,128795.406,137973.859,144270.891,-1.36895687E-06
57,15,128795.406,144270.891,147543.078,-1.36895687E-06
57,16,128795.406,147543.078,147657.891,-1.36895687E-06
57,17,128795.406,147657.891,147591.875,-1.36895687E-06
57,18,128795.406,147591.875,138232.312,-1.36895687E-06
57,19,128795.406,138232.312,131815.922,-1.36895687E-06
57,20,128795.406,131815.922,128795.406,-1.36895687E-06
58,1,144243.656,128795.406,120936.812,9.21524861E-06
58,2,144243.656,120936.812,126022.938,9.21524861E-06
58,3,144243.656,126022.938,137893.297,9.21524861E-06
58,4,144243.656,137893.297,132019.344,9.21524861E-06
58,5,144243.656,132019.344,138427.719,9.21524861E-06
58,6,144243.656,138427.719,150766.844,9.21524861E-06
58,7,144243.656,150766.844,138968.500,9.21524861E-06
58,8,144243.656,138968.500,115138.219,9.21524861E-06
58,9,144243.656,115138.219,117038.203,9.21524861E-06
58,10,144243.656,117038.203,134806.969,9.21524861E-06
58,11,144243.656,134806.969,146784.359,9.21524861E-06
58,12,144243.656,146784.359,134982.750,9.21524861E-06
58,13,144243.656,134982.750,129726.008,9.21524861E-06
58,14,144243.656,129726.008,139001.984,9.21524861E-06
58,15,144243.656,139001.984,141738.719,9.21524861E-06
58,16,144243.656,141738.719,131925.938,9.21524861E-06
58,17,144243.656,131925.938,121388.797,9.21524861E-06
58,18,144243.656,121388.797,124642.125,9.21524861E-06
58,19,144243.656,124642.125,123635.875,9.21524861E-06
58,20,144243.656,123635.875,144243.656,9.21524861E-06
