i,k,old_q,old_q_ch_in,old_q_ch_out,qlat_ch_old
1,1,0.00000000,0.00000000,0.00000000,-4.37615113E-03
1,2,0.00000000,0.00000000,0.00000000,-4.37615113E-03
1,3,0.00000000,0.00000000,0.00000000,-4.37615113E-03
1,4,0.00000000,0.00000000,0.00000000,-4.37615113E-03
1,5,0.00000000,0.00000000,0.00000000,-4.37615113E-03
1,6,0.00000000,0.00000000,0.00000000,-4.37615113E-03
1,7,0.00000000,0.00000000,0.00000000,-4.37615113E-03
1,8,0.00000000,0.00000000,0.00000000,-4.37615113E-03
1,9,0.00000000,0.00000000,0.00000000,-4.37615113E-03
1,10,0.00000000,0.00000000,0.00000000,-4.37615113E-03
1,11,0.00000000,0.00000000,0.00000000,-4.37615113E-03
1,12,0.00000000,0.00000000,0.00000000,-4.37615113E-03
1,13,0.00000000,0.00000000,0.00000000,-4.37615113E-03
1,14,0.00000000,0.00000000,0.00000000,-4.37615113E-03
1,15,0.00000000,0.00000000,0.00000000,-4.37615113E-03
1,16,0.00000000,0.00000000,0.00000000,-4.37615113E-03
1,17,0.00000000,0.00000000,0.00000000,-4.37615113E-03
1,18,0.00000000,0.00000000,0.00000000,-4.37615113E-03
1,19,0.00000000,0.00000000,0.00000000,-4.37615113E-03
1,20,0.00000000,0.00000000,0.00000000,-4.37615113E-03
2,1,0.00000000,0.00000000,0.00000000,-6.76269308E-02
2,2,0.00000000,0.00000000,0.00000000,-6.76269308E-02
2,3,0.00000000,0.00000000,0.00000000,-6.76269308E-02
2,4,0.00000000,0.00000000,0.00000000,-6.76269308E-02
2,5,0.00000000,0.00000000,0.00000000,-6.76269308E-02
2,6,0.00000000,0.00000000,0.00000000,-6.76269308E-02
2,7,0.00000000,0.00000000,0.00000000,-6.76269308E-02
2,8,0.00000000,0.00000000,0.00000000,-6.76269308E-02
2,9,0.00000000,0.00000000,0.00000000,-6.76269308E-02
2,10,0.00000000,0.00000000,0.00000000,-6.76269308E-02
2,11,0.00000000,0.00000000,0.00000000,-6.76269308E-02
2,12,0.00000000,0.00000000,0.00000000,-6.76269308E-02
2,13,0.00000000,0.00000000,0.00000000,-6.76269308E-02
2,14,0.00000000,0.00000000,0.00000000,-6.76269308E-02
2,15,0.00000000,0.00000000,0.00000000,-6.76269308E-02
2,16,0.00000000,0.00000000,0.00000000,-6.76269308E-02
2,17,0.00000000,0.00000000,0.00000000,-6.76269308E-02
2,18,0.00000000,0.00000000,0.00000000,-6.76269308E-02
2,19,0.00000000,0.00000000,0.00000000,-6.76269308E-02
2,20,0.00000000,0.00000000,0.00000000,-6.76269308E-02
3,1,1075.18274,0.00000000,54.0340576,8.07770120E-04
3,2,1075.18274,54.0340576,108.068115,8.07770120E-04
3,3,1075.18274,108.068115,162.102173,8.07770120E-04
3,4,1075.18274,162.102173,216.136215,8.07770120E-04
3,5,1075.18274,216.136215,270.170288,8.07770120E-04
3,6,1075.18274,270.170288,324.204224,8.07770120E-04
3,7,1075.18274,324.204224,378.239197,8.07770120E-04
3,8,1075.18274,378.239197,432.266479,8.07770120E-04
3,9,1075.18274,432.266479,486.340515,8.07770120E-04
3,10,1075.18274,486.340515,540.184692,8.07770120E-04
3,11,1075.18274,540.184692,594.944763,8.07770120E-04
3,12,1075.18274,594.944763,646.762573,8.07770120E-04
3,13,1075.18274,646.762573,706.084717,8.07770120E-04
3,14,1075.18274,706.084717,750.668701,8.07770120E-04
3,15,1075.18274,750.668701,816.158875,8.07770120E-04
3,16,1075.18274,816.158875,863.629395,8.07770120E-04
3,17,1075.18274,863.629395,913.324341,8.07770120E-04
3,18,1075.18274,913.324341,977.042480,8.07770120E-04
3,19,1075.18274,977.042480,1030.62866,8.07770120E-04
3,20,1075.18274,1030.62866,1075.18274,8.07770120E-04
4,1,327.902771,0.00000000,16.4859772,2.68307223E-04
4,2,327.902771,16.4859772,32.6440544,2.68307223E-04
4,3,327.902771,32.6440544,49.6090546,2.68307223E-04
4,4,327.902771,49.6090546,65.9863205,2.68307223E-04
4,5,327.902771,65.9863205,81.8794022,2.68307223E-04
4,6,327.902771,81.8794022,98.1687317,2.68307223E-04
4,7,327.902771,98.1687317,115.065216,2.68307223E-04
4,8,327.902771,115.065216,132.051331,2.68307223E-04
4,9,327.902771,132.051331,148.580231,2.68307223E-04
4,10,327.902771,148.580231,164.568390,2.68307223E-04
4,11,327.902771,164.568390,180.370239,2.68307223E-04
4,12,327.902771,180.370239,196.443222,2.68307223E-04
4,13,327.902771,196.443222,213.030228,2.68307223E-04
4,14,327.902771,213.030228,230.045807,2.68307223E-04
4,15,327.902771,230.045807,247.171371,2.68307223E-04
4,16,327.902771,247.171371,264.051788,2.68307223E-04
4,17,327.902771,264.051788,280.472504,2.68307223E-04
4,18,327.902771,280.472504,296.439575,2.68307223E-04
4,19,327.902771,296.439575,312.152466,2.68307223E-04
4,20,327.902771,312.152466,327.902771,2.68307223E-04
5,1,0.00000000,0.00000000,0.00000000,-6.53709048E-06
5,2,0.00000000,0.00000000,0.00000000,-6.53709048E-06
5,3,0.00000000,0.00000000,0.00000000,-6.53709048E-06
5,4,0.00000000,0.00000000,0.00000000,-6.53709048E-06
5,5,0.00000000,0.00000000,0.00000000,-6.53709048E-06
5,6,0.00000000,0.00000000,0.00000000,-6.53709048E-06
5,7,0.00000000,0.00000000,0.00000000,-6.53709048E-06
5,8,0.00000000,0.00000000,0.00000000,-6.53709048E-06
5,9,0.00000000,0.00000000,0.00000000,-6.53709048E-06
5,10,0.00000000,0.00000000,0.00000000,-6.53709048E-06
5,11,0.00000000,0.00000000,0.00000000,-6.53709048E-06
5,12,0.00000000,0.00000000,0.00000000,-6.53709048E-06
5,13,0.00000000,0.00000000,0.00000000,-6.53709048E-06
5,14,0.00000000,0.00000000,0.00000000,-6.53709048E-06
5,15,0.00000000,0.00000000,0.00000000,-6.53709048E-06
5,16,0.00000000,0.00000000,0.00000000,-6.53709048E-06
5,17,0.00000000,0.00000000,0.00000000,-6.53709048E-06
5,18,0.00000000,0.00000000,0.00000000,-6.53709048E-06
5,19,0.00000000,0.00000000,0.00000000,-6.53709048E-06
5,20,0.00000000,0.00000000,0.00000000,-6.53709048E-06
6,1,0.00000000,0.00000000,0.00000000,-5.07280056E-05
6,2,0.00000000,0.00000000,0.00000000,-5.07280056E-05
6,3,0.00000000,0.00000000,0.00000000,-5.07280056E-05
6,4,0.00000000,0.00000000,0.00000000,-5.07280056E-05
6,5,0.00000000,0.00000000,0.00000000,-5.07280056E-05
6,6,0.00000000,0.00000000,0.00000000,-5.07280056E-05
6,7,0.00000000,0.00000000,0.00000000,-5.07280056E-05
6,8,0.00000000,0.00000000,0.00000000,-5.07280056E-05
6,9,0.00000000,0.00000000,0.00000000,-5.07280056E-05
6,10,0.00000000,0.00000000,0.00000000,-5.07280056E-05
6,11,0.00000000,0.00000000,0.00000000,-5.07280056E-05
6,12,0.00000000,0.00000000,0.00000000,-5.07280056E-05
6,13,0.00000000,0.00000000,0.00000000,-5.07280056E-05
6,14,0.00000000,0.00000000,0.00000000,-5.07280056E-05
6,15,0.00000000,0.00000000,0.00000000,-5.07280056E-05
6,16,0.00000000,0.00000000,0.00000000,-5.07280056E-05
6,17,0.00000000,0.00000000,0.00000000,-5.07280056E-05
6,18,0.00000000,0.00000000,0.00000000,-5.07280056E-05
6,19,0.00000000,0.00000000,0.00000000,-5.07280056E-05
6,20,0.00000000,0.00000000,0.00000000,-5.07280056E-05
7,1,3.36420648E-02,0.00000000,1.94579270E-03,1.48669898E-07
7,2,3.36420648E-02,1.94579270E-03,4.00037225E-03,1.48669898E-07
7,3,3.36420648E-02,4.00037225E-03,5.59026469E-03,1.48669898E-07
7,4,3.36420648E-02,5.59026469E-03,8.14852677E-03,1.48669898E-07
7,5,3.36420648E-02,8.14852677E-03,9.86699201E-03,1.48669898E-07
7,6,3.36420648E-02,9.86699201E-03,1.14027383E-02,1.48669898E-07
7,7,3.36420648E-02,1.14027383E-02,1.35079175E-02,1.48669898E-07
7,8,3.36420648E-02,1.35079175E-02,1.59788504E-02,1.48669898E-07
7,9,3.36420648E-02,1.59788504E-02,1.71165131E-02,1.48669898E-07
7,10,3.36420648E-02,1.71165131E-02,2.25696526E-02,1.48669898E-07
7,11,3.36420648E-02,2.25696526E-02,1.69642270E-02,1.48669898E-07
7,12,3.36420648E-02,1.69642270E-02,2.39425898E-02,1.48669898E-07
7,13,3.36420648E-02,2.39425898E-02,2.85529010E-02,1.48669898E-07
7,14,3.36420648E-02,2.85529010E-02,2.75219902E-02,1.48669898E-07
7,15,3.36420648E-02,2.75219902E-02,2.67207548E-02,1.48669898E-07
7,16,3.36420648E-02,2.67207548E-02,3.11723612E-02,1.48669898E-07
7,17,3.36420648E-02,3.11723612E-02,2.98710987E-02,1.48669898E-07
7,18,3.36420648E-02,2.98710987E-02,4.35556360E-02,1.48669898E-07
7,19,3.36420648E-02,4.35556360E-02,3.83599959E-02,1.48669898E-07
7,20,3.36420648E-02,3.83599959E-02,3.36420648E-02,1.48669898E-07
8,1,0.00000000,0.00000000,0.00000000,-1.54906607E-04
8,2,0.00000000,0.00000000,0.00000000,-1.54906607E-04
8,3,0.00000000,0.00000000,0.00000000,-1.54906607E-04
8,4,0.00000000,0.00000000,0.00000000,-1.54906607E-04
8,5,0.00000000,0.00000000,0.00000000,-1.54906607E-04
8,6,0.00000000,0.00000000,0.00000000,-1.54906607E-04
8,7,0.00000000,0.00000000,0.00000000,-1.54906607E-04
8,8,0.00000000,0.00000000,0.00000000,-1.54906607E-04
8,9,0.00000000,0.00000000,0.00000000,-1.54906607E-04
8,10,0.00000000,0.00000000,0.00000000,-1.54906607E-04
8,11,0.00000000,0.00000000,0.00000000,-1.54906607E-04
8,12,0.00000000,0.00000000,0.00000000,-1.54906607E-04
8,13,0.00000000,0.00000000,0.00000000,-1.54906607E-04
8,14,0.00000000,0.00000000,0.00000000,-1.54906607E-04
8,15,0.00000000,0.00000000,0.00000000,-1.54906607E-04
8,16,0.00000000,0.00000000,0.00000000,-1.54906607E-04
8,17,0.00000000,0.00000000,0.00000000,-1.54906607E-04
8,18,0.00000000,0.00000000,0.00000000,-1.54906607E-04
8,19,0.00000000,0.00000000,0.00000000,-1.54906607E-04
8,20,0.00000000,0.00000000,0.00000000,-1.54906607E-04
9,1,131.395676,0.00000000,6.61225796,1.01958145E-03
9,2,131.395676,6.61225796,13.1279802,1.01958145E-03
9,3,131.395676,13.1279802,19.5968552,1.01958145E-03
9,4,131.395676,19.5968552,26.2098579,1.01958145E-03
9,5,131.395676,26.2098579,32.9336472,1.01958145E-03
9,6,131.395676,32.9336472,39.6312828,1.01958145E-03
9,7,131.395676,39.6312828,46.2051010,1.01958145E-03
9,8,131.395676,46.2051010,52.6498566,1.01958145E-03
9,9,131.395676,52.6498566,59.0328407,1.01958145E-03
9,10,131.395676,59.0328407,65.4447021,1.01958145E-03
9,11,131.395676,65.4447021,71.9551849,1.01958145E-03
9,12,131.395676,71.9551849,78.5894623,1.01958145E-03
9,13,131.395676,78.5894623,85.3265686,1.01958145E-03
9,14,131.395676,85.3265686,92.1134186,1.01958145E-03
9,15,131.395676,92.1134186,98.8854980,1.01958145E-03
9,16,131.395676,98.8854980,105.586494,1.01958145E-03
9,17,131.395676,105.586494,112.182098,1.01958145E-03
9,18,131.395676,112.182098,118.665894,1.01958145E-03
9,19,131.395676,118.665894,125.057434,1.01958145E-03
9,20,131.395676,125.057434,131.395676,1.01958145E-03
10,1,0.00000000,0.00000000,0.00000000,-1.57222777E-04
10,2,0.00000000,0.00000000,0.00000000,-1.57222777E-04
10,3,0.00000000,0.00000000,0.00000000,-1.57222777E-04
10,4,0.00000000,0.00000000,0.00000000,-1.57222777E-04
10,5,0.00000000,0.00000000,0.00000000,-1.57222777E-04
10,6,0.00000000,0.00000000,0.00000000,-1.57222777E-04
10,7,0.00000000,0.00000000,0.00000000,-1.57222777E-04
10,8,0.00000000,0.00000000,0.00000000,-1.57222777E-04
10,9,0.00000000,0.00000000,0.00000000,-1.57222777E-04
10,10,0.00000000,0.00000000,0.00000000,-1.57222777E-04
10,11,0.00000000,0.00000000,0.00000000,-1.57222777E-04
10,12,0.00000000,0.00000000,0.00000000,-1.57222777E-04
10,13,0.00000000,0.00000000,0.00000000,-1.57222777E-04
10,14,0.00000000,0.00000000,0.00000000,-1.57222777E-04
10,15,0.00000000,0.00000000,0.00000000,-1.57222777E-04
10,16,0.00000000,0.00000000,0.00000000,-1.57222777E-04
10,17,0.00000000,0.00000000,0.00000000,-1.57222777E-04
10,18,0.00000000,0.00000000,0.00000000,-1.57222777E-04
10,19,0.00000000,0.00000000,0.00000000,-1.57222777E-04
10,20,0.00000000,0.00000000,0.00000000,-1.57222777E-04
11,1,12.5341396,0.00000000,0.628588974,1.07196520E-05
11,2,12.5341396,0.628588974,1.25982165,1.07196520E-05
11,3,12.5341396,1.25982165,1.88253331,1.07196520E-05
11,4,12.5341396,1.88253331,2.51329899,1.07196520E-05
11,5,12.5341396,2.51329899,3.15906501,1.07196520E-05
11,6,12.5341396,3.15906501,3.76879597,1.07196520E-05
11,7,12.5341396,3.76879597,4.38346577,1.07196520E-05
11,8,12.5341396,4.38346577,5.03583813,1.07196520E-05
11,9,12.5341396,5.03583813,5.66620111,1.07196520E-05
11,10,12.5341396,5.66620111,6.29884577,1.07196520E-05
11,11,12.5341396,6.29884577,6.93581581,1.07196520E-05
11,12,12.5341396,6.93581581,7.54118109,1.07196520E-05
11,13,12.5341396,7.54118109,8.13407135,1.07196520E-05
11,14,12.5341396,8.13407135,8.76969528,1.07196520E-05
11,15,12.5341396,8.76969528,9.45069218,1.07196520E-05
11,16,12.5341396,9.45069218,10.1202040,1.07196520E-05
11,17,12.5341396,10.1202040,10.7352180,1.07196520E-05
11,18,12.5341396,10.7352180,11.3131151,1.07196520E-05
11,19,12.5341396,11.3131151,11.9036312,1.07196520E-05
11,20,12.5341396,11.9036312,12.5341396,1.07196520E-05
12,1,6.44749962E-04,0.00000000,3.26207955E-05,7.79538878E-10
12,2,6.44749962E-04,3.26207955E-05,6.19057828E-05,7.79538878E-10
12,3,6.44749962E-04,6.19057828E-05,1.02777776E-04,7.79538878E-10
12,4,6.44749962E-04,1.02777776E-04,1.25800623E-04,7.79538878E-10
12,5,6.44749962E-04,1.25800623E-04,1.55843096E-04,7.79538878E-10
12,6,6.44749962E-04,1.55843096E-04,1.95424713E-04,7.79538878E-10
12,7,6.44749962E-04,1.95424713E-04,2.32240971E-04,7.79538878E-10
12,8,6.44749962E-04,2.32240971E-04,2.60962930E-04,7.79538878E-10
12,9,6.44749962E-04,2.60962930E-04,2.86416733E-04,7.79538878E-10
12,10,6.44749962E-04,2.86416733E-04,3.15509096E-04,7.79538878E-10
12,11,6.44749962E-04,3.15509096E-04,3.50619928E-04,7.79538878E-10
12,12,6.44749962E-04,3.50619928E-04,3.88987159E-04,7.79538878E-10
12,13,6.44749962E-04,3.88987159E-04,4.25983832E-04,7.79538878E-10
12,14,6.44749962E-04,4.25983832E-04,4.58594412E-04,7.79538878E-10
12,15,6.44749962E-04,4.58594412E-04,4.86894744E-04,7.79538878E-10
12,16,6.44749962E-04,4.86894744E-04,5.13380510E-04,7.79538878E-10
12,17,6.44749962E-04,5.13380510E-04,5.41190384E-04,7.79538878E-10
12,18,6.44749962E-04,5.41190384E-04,5.72440564E-04,7.79538878E-10
12,19,6.44749962E-04,5.72440564E-04,6.07418013E-04,7.79538878E-10
12,20,6.44749962E-04,6.07418013E-04,6.44749962E-04,7.79538878E-10
13,1,0.00000000,0.00000000,0.00000000,-2.29120246E-06
13,2,0.00000000,0.00000000,0.00000000,-2.29120246E-06
13,3,0.00000000,0.00000000,0.00000000,-2.29120246E-06
13,4,0.00000000,0.00000000,0.00000000,-2.29120246E-06
13,5,0.00000000,0.00000000,0.00000000,-2.29120246E-06
13,6,0.00000000,0.00000000,0.00000000,-2.29120246E-06
13,7,0.00000000,0.00000000,0.00000000,-2.29120246E-06
13,8,0.00000000,0.00000000,0.00000000,-2.29120246E-06
13,9,0.00000000,0.00000000,0.00000000,-2.29120246E-06
13,10,0.00000000,0.00000000,0.00000000,-2.29120246E-06
13,11,0.00000000,0.00000000,0.00000000,-2.29120246E-06
13,12,0.00000000,0.00000000,0.00000000,-2.29120246E-06
13,13,0.00000000,0.00000000,0.00000000,-2.29120246E-06
13,14,0.00000000,0.00000000,0.00000000,-2.29120246E-06
13,15,0.00000000,0.00000000,0.00000000,-2.29120246E-06
13,16,0.00000000,0.00000000,0.00000000,-2.29120246E-06
13,17,0.00000000,0.00000000,0.00000000,-2.29120246E-06
13,18,0.00000000,0.00000000,0.00000000,-2.29120246E-06
13,19,0.00000000,0.00000000,0.00000000,-2.29120246E-06
13,20,0.00000000,0.00000000,0.00000000,-2.29120246E-06
14,1,18.8424587,0.00000000,2.48105836,1.83253840E-04
14,2,18.8424587,2.48105836,4.92453146,1.83253840E-04
14,3,18.8424587,4.92453146,7.27933073,1.83253840E-04
14,4,18.8424587,7.27933073,9.48079872,1.83253840E-04
14,5,18.8424587,9.48079872,11.4660492,1.83253840E-04
14,6,18.8424587,11.4660492,13.1883316,1.83253840E-04
14,7,18.8424587,13.1883316,14.6252003,1.83253840E-04
14,8,18.8424587,14.6252003,15.7792854,1.83253840E-04
14,9,18.8424587,15.7792854,16.6734715,1.83253840E-04
14,10,18.8424587,16.6734715,17.3434238,1.83253840E-04
14,11,18.8424587,17.3434238,17.8300953,1.83253840E-04
14,12,18.8424587,17.8300953,18.1738014,1.83253840E-04
14,13,18.8424587,18.1738014,18.4104443,1.83253840E-04
14,14,18.8424587,18.4104443,18.5697250,1.83253840E-04
14,15,18.8424587,18.5697250,18.6748333,1.83253840E-04
14,16,18.8424587,18.6748333,18.7430248,1.83253840E-04
14,17,18.8424587,18.7430248,18.7866573,1.83253840E-04
14,18,18.8424587,18.7866573,18.8142738,1.83253840E-04
14,19,18.8424587,18.8142738,18.8316174,1.83253840E-04
14,20,18.8424587,18.8316174,18.8424587,1.83253840E-04
15,1,1304.69250,1206.57837,1210.00781,3.33155913E-04
15,2,1304.69250,1210.00781,1215.48193,3.33155913E-04
15,3,1304.69250,1215.48193,1219.60205,3.33155913E-04
15,4,1304.69250,1219.60205,1230.16870,3.33155913E-04
15,5,1304.69250,1230.16870,1236.36182,3.33155913E-04
15,6,1304.69250,1236.36182,1240.88574,3.33155913E-04
15,7,1304.69250,1240.88574,1248.22583,3.33155913E-04
15,8,1304.69250,1248.22583,1257.35449,3.33155913E-04
15,9,1304.69250,1257.35449,1265.13245,3.33155913E-04
15,10,1304.69250,1265.13245,1270.48706,3.33155913E-04
15,11,1304.69250,1270.48706,1274.73877,3.33155913E-04
15,12,1304.69250,1274.73877,1279.56616,3.33155913E-04
15,13,1304.69250,1279.56616,1285.36072,3.33155913E-04
15,14,1304.69250,1285.36072,1291.14111,3.33155913E-04
15,15,1304.69250,1291.14111,1295.55786,3.33155913E-04
15,16,1304.69250,1295.55786,1297.95850,3.33155913E-04
15,17,1304.69250,1297.95850,1298.80688,3.33155913E-04
15,18,1304.69250,1298.80688,1299.37915,3.33155913E-04
15,19,1304.69250,1299.37915,1301.05981,3.33155913E-04
15,20,1304.69250,1301.05981,1304.69250,3.33155913E-04
16,1,0.00000000,0.00000000,0.00000000,-4.45951358E-04
16,2,0.00000000,0.00000000,0.00000000,-4.45951358E-04
16,3,0.00000000,0.00000000,0.00000000,-4.45951358E-04
16,4,0.00000000,0.00000000,0.00000000,-4.45951358E-04
16,5,0.00000000,0.00000000,0.00000000,-4.45951358E-04
16,6,0.00000000,0.00000000,0.00000000,-4.45951358E-04
16,7,0.00000000,0.00000000,0.00000000,-4.45951358E-04
16,8,0.00000000,0.00000000,0.00000000,-4.45951358E-04
16,9,0.00000000,0.00000000,0.00000000,-4.45951358E-04
16,10,0.00000000,0.00000000,0.00000000,-4.45951358E-04
16,11,0.00000000,0.00000000,0.00000000,-4.45951358E-04
16,12,0.00000000,0.00000000,0.00000000,-4.45951358E-04
16,13,0.00000000,0.00000000,0.00000000,-4.45951358E-04
16,14,0.00000000,0.00000000,0.00000000,-4.45951358E-04
16,15,0.00000000,0.00000000,0.00000000,-4.45951358E-04
16,16,0.00000000,0.00000000,0.00000000,-4.45951358E-04
16,17,0.00000000,0.00000000,0.00000000,-4.45951358E-04
16,18,0.00000000,0.00000000,0.00000000,-4.45951358E-04
16,19,0.00000000,0.00000000,0.00000000,-4.45951358E-04
16,20,0.00000000,0.00000000,0.00000000,-4.45951358E-04
17,1,2426.92163,6.44749962E-04,125.268929,2.15386436E-03
17,2,2426.92163,125.268929,230.350876,2.15386436E-03
17,3,2426.92163,230.350876,389.288452,2.15386436E-03
17,4,2426.92163,389.288452,495.552917,2.15386436E-03
17,5,2426.92163,495.552917,591.753601,2.15386436E-03
17,6,2426.92163,591.753601,718.095581,2.15386436E-03
17,7,2426.92163,718.095581,865.069946,2.15386436E-03
17,8,2426.92163,865.069946,1004.62897,2.15386436E-03
17,9,2426.92163,1004.62897,1122.37305,2.15386436E-03
17,10,2426.92163,1122.37305,1224.44019,2.15386436E-03
17,11,2426.92163,1224.44019,1326.92847,2.15386436E-03
17,12,2426.92163,1326.92847,1442.74927,2.15386436E-03
17,13,2426.92163,1442.74927,1574.80884,2.15386436E-03
17,14,2426.92163,1574.80884,1716.75122,2.15386436E-03
17,15,2426.92163,1716.75122,1858.16162,2.15386436E-03
17,16,2426.92163,1858.16162,1990.25073,2.15386436E-03
17,17,2426.92163,1990.25073,2109.38818,2.15386436E-03
17,18,2426.92163,2109.38818,2217.66406,2.15386436E-03
17,19,2426.92163,2217.66406,2321.12207,2.15386436E-03
17,20,2426.92163,2321.12207,2426.92163,2.15386436E-03
18,1,129.599213,12.5341396,18.3435440,6.05088542E-04
18,2,129.599213,18.3435440,24.4189034,6.05088542E-04
18,3,129.599213,24.4189034,30.2803040,6.05088542E-04
18,4,129.599213,30.2803040,35.9606133,6.05088542E-04
18,5,129.599213,35.9606133,41.6040192,6.05088542E-04
18,6,129.599213,41.6040192,47.3171349,6.05088542E-04
18,7,129.599213,47.3171349,53.1387024,6.05088542E-04
18,8,129.599213,53.1387024,59.0558243,6.05088542E-04
18,9,129.599213,59.0558243,65.0303345,6.05088542E-04
18,10,129.599213,65.0303345,71.0208130,6.05088542E-04
18,11,129.599213,71.0208130,76.9951782,6.05088542E-04
18,12,129.599213,76.9951782,82.9356079,6.05088542E-04
18,13,129.599213,82.9356079,88.8372116,6.05088542E-04
18,14,129.599213,88.8372116,94.7041321,6.05088542E-04
18,15,129.599213,94.7041321,100.545250,6.05088542E-04
18,16,129.599213,100.545250,106.369896,6.05088542E-04
18,17,129.599213,106.369896,112.185158,6.05088542E-04
18,18,129.599213,112.185158,117.995049,6.05088542E-04
18,19,129.599213,117.995049,123.800278,6.05088542E-04
18,20,129.599213,123.800278,129.599213,6.05088542E-04
19,1,2.32998300E-02,0.00000000,1.09685562E-03,3.44363151E-08
19,2,2.32998300E-02,1.09685562E-03,2.19371263E-03,3.44363151E-08
19,3,2.32998300E-02,2.19371263E-03,3.29053611E-03,3.44363151E-08
19,4,2.32998300E-02,3.29053611E-03,4.38777031E-03,3.44363151E-08
19,5,2.32998300E-02,4.38777031E-03,5.48159517E-03,3.44363151E-08
19,6,2.32998300E-02,5.48159517E-03,6.59581088E-03,3.44363151E-08
19,7,2.32998300E-02,6.59581088E-03,7.62017863E-03,3.44363151E-08
19,8,2.32998300E-02,7.62017863E-03,8.93519260E-03,3.44363151E-08
19,9,2.32998300E-02,8.93519260E-03,9.58767347E-03,3.44363151E-08
19,10,2.32998300E-02,9.58767347E-03,1.11581897E-02,3.44363151E-08
19,11,2.32998300E-02,1.11581897E-02,1.25301098E-02,3.44363151E-08
19,12,2.32998300E-02,1.25301098E-02,1.17839919E-02,3.44363151E-08
19,13,2.32998300E-02,1.17839919E-02,1.52370548E-02,3.44363151E-08
19,14,2.32998300E-02,1.52370548E-02,1.70792006E-02,3.44363151E-08
19,15,2.32998300E-02,1.70792006E-02,1.29777389E-02,3.44363151E-08
19,16,2.32998300E-02,1.29777389E-02,1.67912245E-02,3.44363151E-08
19,17,2.32998300E-02,1.67912245E-02,2.58717835E-02,3.44363151E-08
19,18,2.32998300E-02,2.58717835E-02,1.53843015E-02,3.44363151E-08
19,19,2.32998300E-02,1.53843015E-02,1.58969611E-02,3.44363151E-08
19,20,2.32998300E-02,1.58969611E-02,2.32998300E-02,3.44363151E-08
20,1,1309.15991,1304.69250,1304.65796,-1.07859921E-06
20,2,1309.15991,1304.65796,1304.65320,-1.07859921E-06
20,3,1309.15991,1304.65320,1304.66565,-1.07859921E-06
20,4,1309.15991,1304.66565,1304.91089,-1.07859921E-06
20,5,1309.15991,1304.91089,1305.09924,-1.07859921E-06
20,6,1309.15991,1305.09924,1305.28662,-1.07859921E-06
20,7,1309.15991,1305.28662,1305.59436,-1.07859921E-06
20,8,1309.15991,1305.59436,1305.62000,-1.07859921E-06
20,9,1309.15991,1305.62000,1305.91907,-1.07859921E-06
20,10,1309.15991,1305.91907,1306.30859,-1.07859921E-06
20,11,1309.15991,1306.30859,1306.70068,-1.07859921E-06
20,12,1309.15991,1306.70068,1307.06091,-1.07859921E-06
20,13,1309.15991,1307.06091,1307.38660,-1.07859921E-06
20,14,1309.15991,1307.38660,1307.53613,-1.07859921E-06
20,15,1309.15991,1307.53613,1308.11169,-1.07859921E-06
20,16,1309.15991,1308.11169,1308.45789,-1.07859921E-06
20,17,1309.15991,1308.45789,1308.58411,-1.07859921E-06
20,18,1309.15991,1308.58411,1308.70691,-1.07859921E-06
20,19,1309.15991,1308.70691,1308.89832,-1.07859921E-06
20,20,1309.15991,1308.89832,1309.15991,-1.07859921E-06
21,1,2402.08325,2426.92163,2418.94116,-1.11832902E-04
21,2,2402.08325,2418.94116,2415.46216,-1.11832902E-04
21,3,2402.08325,2415.46216,2414.89624,-1.11832902E-04
21,4,2402.08325,2414.89624,2416.03906,-1.11832902E-04
21,5,2402.08325,2416.03906,2418.00024,-1.11832902E-04
21,6,2402.08325,2418.00024,2420.14160,-1.11832902E-04
21,7,2402.08325,2420.14160,2422.03052,-1.11832902E-04
21,8,2402.08325,2422.03052,2423.39185,-1.11832902E-04
21,9,2402.08325,2423.39185,2424.07983,-1.11832902E-04
21,10,2402.08325,2424.07983,2424.04419,-1.11832902E-04
21,11,2402.08325,2424.04419,2423.30249,-1.11832902E-04
21,12,2402.08325,2423.30249,2421.92139,-1.11832902E-04
21,13,2402.08325,2421.92139,2420.00488,-1.11832902E-04
21,14,2402.08325,2420.00488,2417.67285,-1.11832902E-04
21,15,2402.08325,2417.67285,2415.05762,-1.11832902E-04
21,16,2402.08325,2415.05762,2412.29126,-1.11832902E-04
21,17,2402.08325,2412.29126,2409.50000,-1.11832902E-04
21,18,2402.08325,2409.50000,2406.80273,-1.11832902E-04
21,19,2402.08325,2406.80273,2404.30151,-1.11832902E-04
21,20,2402.08325,2404.30151,2402.08325,-1.11832902E-04
22,1,234.855530,129.599213,127.474861,1.58824259E-04
22,2,234.855530,127.474861,134.254761,1.58824259E-04
22,3,234.855530,134.254761,181.798889,1.58824259E-04
22,4,234.855530,181.798889,134.844177,1.58824259E-04
22,5,234.855530,134.844177,105.233910,1.58824259E-04
22,6,234.855530,105.233910,122.212563,1.58824259E-04
22,7,234.855530,122.212563,159.634171,1.58824259E-04
22,8,234.855530,159.634171,190.586594,1.58824259E-04
22,9,234.855530,190.586594,202.550293,1.58824259E-04
22,10,234.855530,202.550293,196.172211,1.58824259E-04
22,11,234.855530,196.172211,179.262695,1.58824259E-04
22,12,234.855530,179.262695,161.147049,1.58824259E-04
22,13,234.855530,161.147049,149.070236,1.58824259E-04
22,14,234.855530,149.070236,146.720276,1.58824259E-04
22,15,234.855530,146.720276,154.301208,1.58824259E-04
22,16,234.855530,154.301208,169.470490,1.58824259E-04
22,17,234.855530,169.470490,188.568939,1.58824259E-04
22,18,234.855530,188.568939,207.756760,1.58824259E-04
22,19,234.855530,207.756760,223.851913,1.58824259E-04
22,20,234.855530,223.851913,234.855530,1.58824259E-04
23,1,3.63254142,2.32998300E-02,0.200968817,3.05438516E-05
23,2,3.63254142,0.200968817,0.396476895,3.05438516E-05
23,3,3.63254142,0.396476895,0.583208680,3.05438516E-05
23,4,3.63254142,0.583208680,0.801255107,3.05438516E-05
23,5,3.63254142,0.801255107,0.934329391,3.05438516E-05
23,6,3.63254142,0.934329391,1.08839679,3.05438516E-05
23,7,3.63254142,1.08839679,1.34783649,3.05438516E-05
23,8,3.63254142,1.34783649,1.50286579,3.05438516E-05
23,9,3.63254142,1.50286579,1.62821102,3.05438516E-05
23,10,3.63254142,1.62821102,1.78763294,3.05438516E-05
23,11,3.63254142,1.78763294,1.99347281,3.05438516E-05
23,12,3.63254142,1.99347281,2.20467877,3.05438516E-05
23,13,3.63254142,2.20467877,2.42977524,3.05438516E-05
23,14,3.63254142,2.42977524,2.64532638,3.05438516E-05
23,15,3.63254142,2.64532638,2.82732081,3.05438516E-05
23,16,3.63254142,2.82732081,2.98174667,3.05438516E-05
23,17,3.63254142,2.98174667,3.12826133,3.05438516E-05
23,18,3.63254142,3.12826133,3.28332901,3.05438516E-05
23,19,3.63254142,3.28332901,3.45417333,3.05438516E-05
23,20,3.63254142,3.45417333,3.63254142,3.05438516E-05
24,1,2448.20581,2402.08325,2397.82202,-6.83564792E-07
24,2,2448.20581,2397.82202,2405.92676,-6.83564792E-07
24,3,2448.20581,2405.92676,2417.94946,-6.83564792E-07
24,4,2448.20581,2417.94946,2431.41577,-6.83564792E-07
24,5,2448.20581,2431.41577,2445.03760,-6.83564792E-07
24,6,2448.20581,2445.03760,2457.50024,-6.83564792E-07
24,7,2448.20581,2457.50024,2467.50684,-6.83564792E-07
24,8,2448.20581,2467.50684,2474.16968,-6.83564792E-07
24,9,2448.20581,2474.16968,2476.72412,-6.83564792E-07
24,10,2448.20581,2476.72412,2476.44287,-6.83564792E-07
24,11,2448.20581,2476.44287,2473.15234,-6.83564792E-07
24,12,2448.20581,2473.15234,2467.55737,-6.83564792E-07
24,13,2448.20581,2467.55737,2461.58081,-6.83564792E-07
24,14,2448.20581,2461.58081,2456.36377,-6.83564792E-07
24,15,2448.20581,2456.36377,2452.34521,-6.83564792E-07
24,16,2448.20581,2452.34521,2449.61938,-6.83564792E-07
24,17,2448.20581,2449.61938,2448.12183,-6.83564792E-07
24,18,2448.20581,2448.12183,2447.64722,-6.83564792E-07
24,19,2448.20581,2447.64722,2447.83960,-6.83564792E-07
24,20,2448.20581,2447.83960,2448.20581,-6.83564792E-07
25,1,188.906494,234.855530,236.622253,9.52248884E-05
25,2,188.906494,236.622253,267.360748,9.52248884E-05
25,3,188.906494,267.360748,277.259888,9.52248884E-05
25,4,188.906494,277.259888,213.569870,9.52248884E-05
25,5,188.906494,213.569870,189.223083,9.52248884E-05
25,6,188.906494,189.223083,188.414490,9.52248884E-05
25,7,188.906494,188.414490,199.987015,9.52248884E-05
25,8,188.906494,199.987015,216.349564,9.52248884E-05
25,9,188.906494,216.349564,232.605011,9.52248884E-05
25,10,188.906494,232.605011,245.852081,9.52248884E-05
25,11,188.906494,245.852081,254.632339,9.52248884E-05
25,12,188.906494,254.632339,258.496674,9.52248884E-05
25,13,188.906494,258.496674,257.670013,9.52248884E-05
25,14,188.906494,257.670013,252.795792,9.52248884E-05
25,15,188.906494,252.795792,244.745178,9.52248884E-05
25,16,188.906494,244.745178,234.477890,9.52248884E-05
25,17,188.906494,234.477890,222.944626,9.52248884E-05
25,18,188.906494,222.944626,211.020935,9.52248884E-05
25,19,188.906494,211.020935,199.467178,9.52248884E-05
25,20,188.906494,199.467178,188.906494,9.52248884E-05
26,1,69.8381729,3.63254142,6.82441044,4.96361718E-05
26,2,69.8381729,6.82441044,10.0144482,4.96361718E-05
26,3,69.8381729,10.0144482,13.2286797,4.96361718E-05
26,4,69.8381729,13.2286797,16.2570248,4.96361718E-05
26,5,69.8381729,16.2570248,19.3602962,4.96361718E-05
26,6,69.8381729,19.3602962,22.7015591,4.96361718E-05
26,7,69.8381729,22.7015591,25.9601059,4.96361718E-05
26,8,69.8381729,25.9601059,28.9730988,4.96361718E-05
26,9,69.8381729,28.9730988,31.9525509,4.96361718E-05
26,10,69.8381729,31.9525509,35.0623512,4.96361718E-05
26,11,69.8381729,35.0623512,38.5524712,4.96361718E-05
26,12,69.8381729,38.5524712,41.6919594,4.96361718E-05
26,13,69.8381729,41.6919594,45.5208282,4.96361718E-05
26,14,69.8381729,45.5208282,47.0120735,4.96361718E-05
26,15,69.8381729,47.0120735,50.8679848,4.96361718E-05
26,16,69.8381729,50.8679848,55.7382317,4.96361718E-05
26,17,69.8381729,55.7382317,54.0847282,4.96361718E-05
26,18,69.8381729,54.0847282,64.8056641,4.96361718E-05
26,19,69.8381729,64.8056641,60.3695641,4.96361718E-05
26,20,69.8381729,60.3695641,69.8381729,4.96361718E-05
27,1,2401.41064,2448.20581,2444.49170,-2.21406954E-04
27,2,2401.41064,2444.49170,2435.55518,-2.21406954E-04
27,3,2401.41064,2435.55518,2431.50171,-2.21406954E-04
27,4,2401.41064,2431.50171,2422.37842,-2.21406954E-04
27,5,2401.41064,2422.37842,2408.56787,-2.21406954E-04
27,6,2401.41064,2408.56787,2392.88623,-2.21406954E-04
27,7,2401.41064,2392.88623,2377.72339,-2.21406954E-04
27,8,2401.41064,2377.72339,2364.46265,-2.21406954E-04
27,9,2401.41064,2364.46265,2353.71240,-2.21406954E-04
27,10,2401.41064,2353.71240,2345.68311,-2.21406954E-04
27,11,2401.41064,2345.68311,2340.46143,-2.21406954E-04
27,12,2401.41064,2340.46143,2338.12720,-2.21406954E-04
27,13,2401.41064,2338.12720,2338.74023,-2.21406954E-04
27,14,2401.41064,2338.74023,2342.27954,-2.21406954E-04
27,15,2401.41064,2342.27954,2348.55811,-2.21406954E-04
27,16,2401.41064,2348.55811,2357.18213,-2.21406954E-04
27,17,2401.41064,2357.18213,2367.52539,-2.21406954E-04
27,18,2401.41064,2367.52539,2378.77515,-2.21406954E-04
27,19,2401.41064,2378.77515,2390.09741,-2.21406954E-04
27,20,2401.41064,2390.09741,2401.41064,-2.21406954E-04
28,1,0.00000000,188.906494,115.203812,-6.01656153E-04
28,2,0.00000000,115.203812,134.119263,-6.01656153E-04
28,3,0.00000000,134.119263,124.210648,-6.01656153E-04
28,4,0.00000000,124.210648,79.7784576,-6.01656153E-04
28,5,0.00000000,79.7784576,0.00000000,-6.01656153E-04
28,6,0.00000000,0.00000000,0.00000000,-6.01656153E-04
28,7,0.00000000,0.00000000,0.00000000,-6.01656153E-04
28,8,0.00000000,0.00000000,0.00000000,-6.01656153E-04
28,9,0.00000000,0.00000000,0.00000000,-6.01656153E-04
28,10,0.00000000,0.00000000,0.00000000,-6.01656153E-04
28,11,0.00000000,0.00000000,0.00000000,-6.01656153E-04
28,12,0.00000000,0.00000000,0.00000000,-6.01656153E-04
28,13,0.00000000,0.00000000,0.00000000,-6.01656153E-04
28,14,0.00000000,0.00000000,0.00000000,-6.01656153E-04
28,15,0.00000000,0.00000000,0.00000000,-6.01656153E-04
28,16,0.00000000,0.00000000,0.00000000,-6.01656153E-04
28,17,0.00000000,0.00000000,0.00000000,-6.01656153E-04
28,18,0.00000000,0.00000000,0.00000000,-6.01656153E-04
28,19,0.00000000,0.00000000,0.00000000,-6.01656153E-04
28,20,0.00000000,0.00000000,0.00000000,-6.01656153E-04
29,1,0.00000000,69.8718185,54.8468857,-9.88097163E-04
29,2,0.00000000,54.8468857,47.1188507,-9.88097163E-04
29,3,0.00000000,47.1188507,15.5002613,-9.88097163E-04
29,4,0.00000000,15.5002613,18.5877171,-9.88097163E-04
29,5,0.00000000,18.5877171,2.21450233,-9.88097163E-04
29,6,0.00000000,2.21450233,0.00000000,-9.88097163E-04
29,7,0.00000000,0.00000000,0.00000000,-9.88097163E-04
29,8,0.00000000,0.00000000,0.00000000,-9.88097163E-04
29,9,0.00000000,0.00000000,0.00000000,-9.88097163E-04
29,10,0.00000000,0.00000000,0.00000000,-9.88097163E-04
29,11,0.00000000,0.00000000,0.00000000,-9.88097163E-04
29,12,0.00000000,0.00000000,0.00000000,-9.88097163E-04
29,13,0.00000000,0.00000000,0.00000000,-9.88097163E-04
29,14,0.00000000,0.00000000,0.00000000,-9.88097163E-04
29,15,0.00000000,0.00000000,0.00000000,-9.88097163E-04
29,16,0.00000000,0.00000000,0.00000000,-9.88097163E-04
29,17,0.00000000,0.00000000,0.00000000,-9.88097163E-04
29,18,0.00000000,0.00000000,0.00000000,-9.88097163E-04
29,19,0.00000000,0.00000000,0.00000000,-9.88097163E-04
29,20,0.00000000,0.00000000,0.00000000,-9.88097163E-04
30,1,2365.83667,2401.41064,2424.24438,4.29329230E-05
30,2,2365.83667,2424.24438,2434.87378,4.29329230E-05
30,3,2365.83667,2434.87378,2410.19507,4.29329230E-05
30,4,2365.83667,2410.19507,2371.38110,4.29329230E-05
30,5,2365.83667,2371.38110,2334.46558,4.29329230E-05
30,6,2365.83667,2334.46558,2306.62671,4.29329230E-05
30,7,2365.83667,2306.62671,2292.90088,4.29329230E-05
30,8,2365.83667,2292.90088,2296.82153,4.29329230E-05
30,9,2365.83667,2296.82153,2317.67383,4.29329230E-05
30,10,2365.83667,2317.67383,2349.47900,4.29329230E-05
30,11,2365.83667,2349.47900,2383.09082,4.29329230E-05
30,12,2365.83667,2383.09082,2409.79761,4.29329230E-05
30,13,2365.83667,2409.79761,2424.24658,4.29329230E-05
30,14,2365.83667,2424.24658,2425.54126,4.29329230E-05
30,15,2365.83667,2425.54126,2416.53271,4.29329230E-05
30,16,2365.83667,2416.53271,2402.05884,4.29329230E-05
30,17,2365.83667,2402.05884,2387.04980,4.29329230E-05
30,18,2365.83667,2387.04980,2375.14282,4.29329230E-05
30,19,2365.83667,2375.14282,2368.08789,4.29329230E-05
30,20,2365.83667,2368.08789,2365.83667,4.29329230E-05
31,1,388.487030,327.902771,323.289124,4.40705844E-05
31,2,388.487030,323.289124,356.042786,4.40705844E-05
31,3,388.487030,356.042786,285.626343,4.40705844E-05
31,4,388.487030,285.626343,345.876709,4.40705844E-05
31,5,388.487030,345.876709,356.346893,4.40705844E-05
31,6,388.487030,356.346893,327.171875,4.40705844E-05
31,7,388.487030,327.171875,316.795410,4.40705844E-05
31,8,388.487030,316.795410,325.142914,4.40705844E-05
31,9,388.487030,325.142914,344.015106,4.40705844E-05
31,10,388.487030,344.015106,359.388123,4.40705844E-05
31,11,388.487030,359.388123,358.088257,4.40705844E-05
31,12,388.487030,358.088257,342.465454,4.40705844E-05
31,13,388.487030,342.465454,322.404999,4.40705844E-05
31,14,388.487030,322.404999,309.990479,4.40705844E-05
31,15,388.487030,309.990479,312.975403,4.40705844E-05
31,16,388.487030,312.975403,331.245056,4.40705844E-05
31,17,388.487030,331.245056,357.528198,4.40705844E-05
31,18,388.487030,357.528198,381.214874,4.40705844E-05
31,19,388.487030,381.214874,393.024139,4.40705844E-05
31,20,388.487030,393.024139,388.487030,4.40705844E-05
32,1,3127.77026,2384.67920,2299.86572,7.33484421E-06
32,2,3127.77026,2299.86572,1931.59814,7.33484421E-06
32,3,3127.77026,1931.59814,1351.44580,7.33484421E-06
32,4,3127.77026,1351.44580,888.127441,7.33484421E-06
32,5,3127.77026,888.127441,838.812744,7.33484421E-06
32,6,3127.77026,838.812744,1232.66028,7.33484421E-06
32,7,3127.77026,1232.66028,1891.52124,7.33484421E-06
32,8,3127.77026,1891.52124,2591.94531,7.33484421E-06
32,9,3127.77026,2591.94531,3167.12598,7.33484421E-06
32,10,3127.77026,3167.12598,3542.28101,7.33484421E-06
32,11,3127.77026,3542.28101,3725.43530,7.33484421E-06
32,12,3127.77026,3725.43530,3770.12646,7.33484421E-06
32,13,3127.77026,3770.12646,3735.50366,7.33484421E-06
32,14,3127.77026,3735.50366,3664.11694,7.33484421E-06
32,15,3127.77026,3664.11694,3578.91650,7.33484421E-06
32,16,3127.77026,3578.91650,3489.56152,7.33484421E-06
32,17,3127.77026,3489.56152,3399.23999,7.33484421E-06
32,18,3127.77026,3399.23999,3308.75928,7.33484421E-06
32,19,3127.77026,3308.75928,3218.26416,7.33484421E-06
32,20,3127.77026,3218.26416,3127.77026,7.33484421E-06
33,1,431.590302,388.487030,351.555603,8.39024651E-05
33,2,431.590302,351.555603,443.505707,8.39024651E-05
33,3,431.590302,443.505707,352.864288,8.39024651E-05
33,4,431.590302,352.864288,257.392059,8.39024651E-05
33,5,431.590302,257.392059,255.373962,8.39024651E-05
33,6,431.590302,255.373962,349.182648,8.39024651E-05
33,7,431.590302,349.182648,390.140167,8.39024651E-05
33,8,431.590302,390.140167,354.603119,8.39024651E-05
33,9,431.590302,354.603119,315.401703,8.39024651E-05
33,10,431.590302,315.401703,263.538635,8.39024651E-05
33,11,431.590302,263.538635,223.222443,8.39024651E-05
33,12,431.590302,223.222443,234.439514,8.39024651E-05
33,13,431.590302,234.439514,284.763641,8.39024651E-05
33,14,431.590302,284.763641,354.445526,8.39024651E-05
33,15,431.590302,354.445526,408.108826,8.39024651E-05
33,16,431.590302,408.108826,426.740143,8.39024651E-05
33,17,431.590302,426.740143,445.858307,8.39024651E-05
33,18,431.590302,445.858307,464.082367,8.39024651E-05
33,19,431.590302,464.082367,459.947784,8.39024651E-05
33,20,431.590302,459.947784,431.590302,8.39024651E-05
34,1,2760.24097,3127.77026,3109.21069,6.59336774E-06
34,2,2760.24097,3109.21069,3090.65161,6.59336774E-06
34,3,2760.24097,3090.65161,3072.09229,6.59336774E-06
34,4,2760.24097,3072.09229,3053.53296,6.59336774E-06
34,5,2760.24097,3053.53296,3034.97461,6.59336774E-06
34,6,2760.24097,3034.97461,3016.41675,6.59336774E-06
34,7,2760.24097,3016.41675,2997.86060,6.59336774E-06
34,8,2760.24097,2997.86060,2979.30786,6.59336774E-06
34,9,2760.24097,2979.30786,2960.76099,6.59336774E-06
34,10,2760.24097,2960.76099,2942.22363,6.59336774E-06
34,11,2760.24097,2942.22363,2923.70166,6.59336774E-06
34,12,2760.24097,2923.70166,2905.20312,6.59336774E-06
34,13,2760.24097,2905.20312,2886.73975,6.59336774E-06
34,14,2760.24097,2886.73975,2868.32593,6.59336774E-06
34,15,2760.24097,2868.32593,2849.98047,6.59336774E-06
34,16,2760.24097,2849.98047,2831.72607,6.59336774E-06
34,17,2760.24097,2831.72607,2813.59082,6.59336774E-06
34,18,2760.24097,2813.59082,2795.60645,6.59336774E-06
34,19,2760.24097,2795.60645,2777.80957,6.59336774E-06
34,20,2760.24097,2777.80957,2760.24097,6.59336774E-06
35,1,2563.03174,2760.24097,2746.44824,-4.01782617E-03
35,2,2563.03174,2746.44824,2737.87720,-4.01782617E-03
35,3,2563.03174,2737.87720,2730.75732,-4.01782617E-03
35,4,2563.03174,2730.75732,2723.14771,-4.01782617E-03
35,5,2563.03174,2723.14771,2714.26758,-4.01782617E-03
35,6,2563.03174,2714.26758,2704.03223,-4.01782617E-03
35,7,2563.03174,2704.03223,2692.70947,-4.01782617E-03
35,8,2563.03174,2692.70947,2680.72827,-4.01782617E-03
35,9,2563.03174,2680.72827,2668.52661,-4.01782617E-03
35,10,2563.03174,2668.52661,2656.49023,-4.01782617E-03
35,11,2563.03174,2656.49023,2644.89795,-4.01782617E-03
35,12,2563.03174,2644.89795,2633.92065,-4.01782617E-03
35,13,2563.03174,2633.92065,2623.62573,-4.01782617E-03
35,14,2563.03174,2623.62573,2613.99316,-4.01782617E-03
35,15,2563.03174,2613.99316,2604.93628,-4.01782617E-03
35,16,2563.03174,2604.93628,2596.31982,-4.01782617E-03
35,17,2563.03174,2596.31982,2587.98071,-4.01782617E-03
35,18,2563.03174,2587.98071,2579.75415,-4.01782617E-03
35,19,2563.03174,2579.75415,2571.48413,-4.01782617E-03
35,20,2563.03174,2571.48413,2563.03174,-4.01782617E-03
36,1,8869.72949,2563.03174,2870.76221,8.63927271E-05
36,2,8869.72949,2870.76221,3620.92065,8.63927271E-05
36,3,8869.72949,3620.92065,4803.33105,8.63927271E-05
36,4,8869.72949,4803.33105,6316.05371,8.63927271E-05
36,5,8869.72949,6316.05371,8006.55664,8.63927271E-05
36,6,8869.72949,8006.55664,9710.66797,8.63927271E-05
36,7,8869.72949,9710.66797,11281.5830,8.63927271E-05
36,8,8869.72949,11281.5830,12606.9756,8.63927271E-05
36,9,8869.72949,12606.9756,13615.5469,8.63927271E-05
36,10,8869.72949,13615.5469,14275.7725,8.63927271E-05
36,11,8869.72949,14275.7725,14589.8057,8.63927271E-05
36,12,8869.72949,14589.8057,14585.0957,8.63927271E-05
36,13,8869.72949,14585.0957,14305.6299,8.63927271E-05
36,14,8869.72949,14305.6299,13803.9883,8.63927271E-05
36,15,8869.72949,13803.9883,13134.8770,8.63927271E-05
36,16,8869.72949,13134.8770,12350.3701,8.63927271E-05
36,17,8869.72949,12350.3701,11496.7764,8.63927271E-05
36,18,8869.72949,11496.7764,10612.9346,8.63927271E-05
36,19,8869.72949,10612.9346,9729.61230,8.63927271E-05
36,20,8869.72949,9729.61230,8869.72949,8.63927271E-05
37,1,558.102356,8869.72949,7635.00342,-1.24338968E-03
37,2,558.102356,7635.00342,6505.82764,-1.24338968E-03
37,3,558.102356,6505.82764,5500.90186,-1.24338968E-03
37,4,558.102356,5500.90186,4623.20605,-1.24338968E-03
37,5,558.102356,4623.20605,3866.47266,-1.24338968E-03
37,6,558.102356,3866.47266,3220.25220,-1.24338968E-03
37,7,558.102356,3220.25220,2673.15869,-1.24338968E-03
37,8,558.102356,2673.15869,2214.43579,-1.24338968E-03
37,9,558.102356,2214.43579,1834.34094,-1.24338968E-03
37,10,558.102356,1834.34094,1523.92578,-1.24338968E-03
37,11,558.102356,1523.92578,1274.68262,-1.24338968E-03
37,12,558.102356,1274.68262,1078.31726,-1.24338968E-03
37,13,558.102356,1078.31726,926.730713,-1.24338968E-03
37,14,558.102356,926.730713,812.164551,-1.24338968E-03
37,15,558.102356,812.164551,727.420654,-1.24338968E-03
37,16,558.102356,727.420654,666.067200,-1.24338968E-03
37,17,558.102356,666.067200,622.577026,-1.24338968E-03
37,18,558.102356,622.577026,592.378601,-1.24338968E-03
37,19,558.102356,592.378601,571.824707,-1.24338968E-03
37,20,558.102356,571.824707,558.102356,-1.24338968E-03
38,1,1613.15369,558.102356,619.600647,2.46034815E-05
38,2,1613.15369,619.600647,692.240845,2.46034815E-05
38,3,1613.15369,692.240845,781.566040,2.46034815E-05
38,4,1613.15369,781.566040,904.200867,2.46034815E-05
38,5,1613.15369,904.200867,1072.48938,2.46034815E-05
38,6,1613.15369,1072.48938,1275.66248,2.46034815E-05
38,7,1613.15369,1275.66248,1478.72827,2.46034815E-05
38,8,1613.15369,1478.72827,1642.73450,2.46034815E-05
38,9,1613.15369,1642.73450,1747.05933,2.46034815E-05
38,10,1613.15369,1747.05933,1795.20020,2.46034815E-05
38,11,1613.15369,1795.20020,1804.60620,2.46034815E-05
38,12,1613.15369,1804.60620,1793.45715,2.46034815E-05
38,13,1613.15369,1793.45715,1773.81165,2.46034815E-05
38,14,1613.15369,1773.81165,1751.46680,2.46034815E-05
38,15,1613.15369,1751.46680,1728.49365,2.46034815E-05
38,16,1613.15369,1728.49365,1705.42749,2.46034815E-05
38,17,1613.15369,1705.42749,1682.35742,2.46034815E-05
38,18,1613.15369,1682.35742,1659.28894,2.46034815E-05
38,19,1613.15369,1659.28894,1636.22131,2.46034815E-05
38,20,1613.15369,1636.22131,1613.15369,2.46034815E-05
39,1,546.007324,1613.15369,1593.93457,4.07340508E-08
39,2,546.007324,1593.93457,1571.53809,4.07340508E-08
39,3,546.007324,1571.53809,1542.93860,4.07340508E-08
39,4,546.007324,1542.93860,1506.21570,4.07340508E-08
39,5,546.007324,1506.21570,1461.43616,4.07340508E-08
39,6,546.007324,1461.43616,1410.15491,4.07340508E-08
39,7,546.007324,1410.15491,1354.36707,4.07340508E-08
39,8,546.007324,1354.36707,1295.75293,4.07340508E-08
39,9,546.007324,1295.75293,1235.44214,4.07340508E-08
39,10,546.007324,1235.44214,1174.10400,4.07340508E-08
39,11,546.007324,1174.10400,1112.11902,4.07340508E-08
39,12,546.007324,1112.11902,1049.71484,4.07340508E-08
39,13,546.007324,1049.71484,987.038696,4.07340508E-08
39,14,546.007324,987.038696,924.191772,4.07340508E-08
39,15,546.007324,924.191772,861.241882,4.07340508E-08
39,16,546.007324,861.241882,798.233398,4.07340508E-08
39,17,546.007324,798.233398,735.193604,4.07340508E-08
39,18,546.007324,735.193604,672.137878,4.07340508E-08
39,19,546.007324,672.137878,609.074463,4.07340508E-08
39,20,546.007324,609.074463,546.007324,4.07340508E-08
40,1,2598.49365,546.007324,699.957581,2.27440558E-02
40,2,2598.49365,699.957581,853.293274,2.27440558E-02
40,3,2598.49365,853.293274,1005.35242,2.27440558E-02
40,4,2598.49365,1005.35242,1155.24500,2.27440558E-02
40,5,2598.49365,1155.24500,1301.90649,2.27440558E-02
40,6,2598.49365,1301.90649,1444.17273,2.27440558E-02
40,7,2598.49365,1444.17273,1580.86401,2.27440558E-02
40,8,2598.49365,1580.86401,1710.86719,2.27440558E-02
40,9,2598.49365,1710.86719,1833.20435,2.27440558E-02
40,10,2598.49365,1833.20435,1947.08557,2.27440558E-02
40,11,2598.49365,1947.08557,2051.94189,2.27440558E-02
40,12,2598.49365,2051.94189,2147.43750,2.27440558E-02
40,13,2598.49365,2147.43750,2233.46655,2.27440558E-02
40,14,2598.49365,2233.46655,2310.13477,2.27440558E-02
40,15,2598.49365,2310.13477,2377.73267,2.27440558E-02
40,16,2598.49365,2377.73267,2436.70264,2.27440558E-02
40,17,2598.49365,2436.70264,2487.60303,2.27440558E-02
40,18,2598.49365,2487.60303,2531.07373,2.27440558E-02
40,19,2598.49365,2531.07373,2567.80127,2.27440558E-02
40,20,2598.49365,2567.80127,2598.49365,2.27440558E-02
41,1,592.188354,2598.49365,2461.13965,-2.24787277E-06
41,2,592.188354,2461.13965,2320.25903,-2.24787277E-06
41,3,592.188354,2320.25903,2176.96899,-2.24787277E-06
41,4,592.188354,2176.96899,2032.54358,-2.24787277E-06
41,5,592.188354,2032.54358,1888.37817,-2.24787277E-06
41,6,592.188354,1888.37817,1745.94507,-2.24787277E-06
41,7,592.188354,1745.94507,1606.74194,-2.24787277E-06
41,8,592.188354,1606.74194,1472.24475,-2.24787277E-06
41,9,592.188354,1472.24475,1343.86060,-2.24787277E-06
41,10,592.188354,1343.86060,1222.89233,-2.24787277E-06
41,11,592.188354,1222.89233,1110.50854,-2.24787277E-06
41,12,592.188354,1110.50854,1007.72046,-2.24787277E-06
41,13,592.188354,1007.72046,915.366821,-2.24787277E-06
41,14,592.188354,915.366821,834.102600,-2.24787277E-06
41,15,592.188354,834.102600,764.393677,-2.24787277E-06
41,16,592.188354,764.393677,706.513794,-2.24787277E-06
41,17,592.188354,706.513794,660.546082,-2.24787277E-06
41,18,592.188354,660.546082,626.386719,-2.24787277E-06
41,19,592.188354,626.386719,603.751953,-2.24787277E-06
41,20,592.188354,603.751953,592.188354,-2.24787277E-06
42,1,1041.70813,592.188354,595.693115,1.20323326E-03
42,2,1041.70813,595.693115,602.216431,1.20323326E-03
42,3,1041.70813,602.216431,611.619629,1.20323326E-03
42,4,1041.70813,611.619629,623.752563,1.20323326E-03
42,5,1041.70813,623.752563,638.454346,1.20323326E-03
42,6,1041.70813,638.454346,655.554810,1.20323326E-03
42,7,1041.70813,655.554810,674.875916,1.20323326E-03
42,8,1041.70813,674.875916,696.233154,1.20323326E-03
42,9,1041.70813,696.233154,719.436890,1.20323326E-03
42,10,1041.70813,719.436890,744.293945,1.20323326E-03
42,11,1041.70813,744.293945,770.609192,1.20323326E-03
42,12,1041.70813,770.609192,798.187012,1.20323326E-03
42,13,1041.70813,798.187012,826.832764,1.20323326E-03
42,14,1041.70813,826.832764,856.354126,1.20323326E-03
42,15,1041.70813,856.354126,886.562378,1.20323326E-03
42,16,1041.70813,886.562378,917.273804,1.20323326E-03
42,17,1041.70813,917.273804,948.310547,1.20323326E-03
42,18,1041.70813,948.310547,979.502197,1.20323326E-03
42,19,1041.70813,979.502197,1010.68591,1.20323326E-03
42,20,1041.70813,1010.68591,1041.70813,1.20323326E-03
43,1,2274.27197,1041.70813,1179.18689,-4.11630890E-06
43,2,2274.27197,1179.18689,1286.66479,-4.11630890E-06
43,3,2274.27197,1286.66479,1366.14929,-4.11630890E-06
43,4,2274.27197,1366.14929,1427.35193,-4.11630890E-06
43,5,2274.27197,1427.35193,1482.28491,-4.11630890E-06
43,6,2274.27197,1482.28491,1540.91235,-4.11630890E-06
43,7,2274.27197,1540.91235,1608.75439,-4.11630890E-06
43,8,2274.27197,1608.75439,1686.51697,-4.11630890E-06
43,9,2274.27197,1686.51697,1771.19116,-4.11630890E-06
43,10,2274.27197,1771.19116,1857.81519,-4.11630890E-06
43,11,2274.27197,1857.81519,1941.16956,-4.11630890E-06
43,12,2274.27197,1941.16956,2016.98547,-4.11630890E-06
43,13,2274.27197,2016.98547,2082.53223,-4.11630890E-06
43,14,2274.27197,2082.53223,2136.67676,-4.11630890E-06
43,15,2274.27197,2136.67676,2179.60498,-4.11630890E-06
43,16,2274.27197,2179.60498,2212.40283,-4.11630890E-06
43,17,2274.27197,2212.40283,2236.63062,-4.11630890E-06
43,18,2274.27197,2236.63062,2253.98584,-4.11630890E-06
43,19,2274.27197,2253.98584,2266.07153,-4.11630890E-06
43,20,2274.27197,2266.07153,2274.27197,-4.11630890E-06
44,1,2041.37000,2274.27197,2262.92114,-2.00451235E-03
44,2,2041.37000,2262.92114,2251.43408,-2.00451235E-03
44,3,2041.37000,2251.43408,2239.81274,-2.00451235E-03
44,4,2041.37000,2239.81274,2228.05908,-2.00451235E-03
44,5,2041.37000,2228.05908,2216.17651,-2.00451235E-03
44,6,2041.37000,2216.17651,2204.17114,-2.00451235E-03
44,7,2041.37000,2204.17114,2192.05249,-2.00451235E-03
44,8,2041.37000,2192.05249,2179.83521,-2.00451235E-03
44,9,2041.37000,2179.83521,2167.54126,-2.00451235E-03
44,10,2041.37000,2167.54126,2155.19897,-2.00451235E-03
44,11,2041.37000,2155.19897,2142.84546,-2.00451235E-03
44,12,2041.37000,2142.84546,2130.52686,-2.00451235E-03
44,13,2041.37000,2130.52686,2118.29712,-2.00451235E-03
44,14,2041.37000,2118.29712,2106.21997,-2.00451235E-03
44,15,2041.37000,2106.21997,2094.36597,-2.00451235E-03
44,16,2041.37000,2094.36597,2082.81372,-2.00451235E-03
44,17,2041.37000,2082.81372,2071.64771,-2.00451235E-03
44,18,2041.37000,2071.64771,2060.95703,-2.00451235E-03
44,19,2041.37000,2060.95703,2050.83325,-2.00451235E-03
44,20,2041.37000,2050.83325,2041.37000,-2.00451235E-03
45,1,3357.55347,2041.37000,2054.03662,1.36774506E-05
45,2,3357.55347,2054.03662,2073.09863,1.36774506E-05
45,3,3357.55347,2073.09863,2099.88135,1.36774506E-05
45,4,3357.55347,2099.88135,2135.47900,1.36774506E-05
45,5,3357.55347,2135.47900,2180.67554,1.36774506E-05
45,6,3357.55347,2180.67554,2235.87988,1.36774506E-05
45,7,3357.55347,2235.87988,2301.07568,1.36774506E-05
45,8,3357.55347,2301.07568,2375.78467,1.36774506E-05
45,9,3357.55347,2375.78467,2459.05420,1.36774506E-05
45,10,3357.55347,2459.05420,2549.46533,1.36774506E-05
45,11,3357.55347,2549.46533,2645.17529,1.36774506E-05
45,12,3357.55347,2645.17529,2743.98950,1.36774506E-05
45,13,3357.55347,2743.98950,2843.46436,1.36774506E-05
45,14,3357.55347,2843.46436,2941.02979,1.36774506E-05
45,15,3357.55347,2941.02979,3034.11938,1.36774506E-05
45,16,3357.55347,3034.11938,3120.29932,1.36774506E-05
45,17,3357.55347,3120.29932,3197.38110,1.36774506E-05
45,18,3357.55347,3197.38110,3263.51367,1.36774506E-05
45,19,3357.55347,3263.51367,3317.24512,1.36774506E-05
45,20,3357.55347,3317.24512,3357.55347,1.36774506E-05
46,1,3249.24805,3357.55347,3366.63818,2.87570771E-07
46,2,3249.24805,3366.63818,3374.34399,2.87570771E-07
46,3,3249.24805,3374.34399,3380.63770,2.87570771E-07
46,4,3249.24805,3380.63770,3385.48560,2.87570771E-07
46,5,3249.24805,3385.48560,3388.85498,2.87570771E-07
46,6,3249.24805,3388.85498,3390.71533,2.87570771E-07
46,7,3249.24805,3390.71533,3391.03760,2.87570771E-07
46,8,3249.24805,3391.03760,3389.79541,2.87570771E-07
46,9,3249.24805,3389.79541,3386.96582,2.87570771E-07
46,10,3249.24805,3386.96582,3382.53027,2.87570771E-07
46,11,3249.24805,3382.53027,3376.47388,2.87570771E-07
46,12,3249.24805,3376.47388,3368.78711,2.87570771E-07
46,13,3249.24805,3368.78711,3359.46558,2.87570771E-07
46,14,3249.24805,3359.46558,3348.50928,2.87570771E-07
46,15,3249.24805,3348.50928,3335.92578,2.87570771E-07
46,16,3249.24805,3335.92578,3321.72754,2.87570771E-07
46,17,3249.24805,3321.72754,3305.93311,2.87570771E-07
46,18,3249.24805,3305.93311,3288.56689,2.87570771E-07
46,19,3249.24805,3288.56689,3269.65991,2.87570771E-07
46,20,3249.24805,3269.65991,3249.24805,2.87570771E-07
47,1,4335.56592,4558.40820,4517.89844,8.21938957E-05
47,2,4335.56592,4517.89844,4712.19580,8.21938957E-05
47,3,4335.56592,4712.19580,4475.25000,8.21938957E-05
47,4,4335.56592,4475.25000,4399.43555,8.21938957E-05
47,5,4335.56592,4399.43555,4552.66943,8.21938957E-05
47,6,4335.56592,4552.66943,4716.45557,8.21938957E-05
47,7,4335.56592,4716.45557,4735.05859,8.21938957E-05
47,8,4335.56592,4735.05859,4614.18799,8.21938957E-05
47,9,4335.56592,4614.18799,4456.29102,8.21938957E-05
47,10,4335.56592,4456.29102,4364.10742,8.21938957E-05
47,11,4335.56592,4364.10742,4382.80420,8.21938957E-05
47,12,4335.56592,4382.80420,4492.70166,8.21938957E-05
47,13,4335.56592,4492.70166,4634.84473,8.21938957E-05
47,14,4335.56592,4634.84473,4745.60938,8.21938957E-05
47,15,4335.56592,4745.60938,4783.17432,8.21938957E-05
47,16,4335.56592,4783.17432,4738.71289,8.21938957E-05
47,17,4335.56592,4738.71289,4633.18506,8.21938957E-05
47,18,4335.56592,4633.18506,4505.08008,8.21938957E-05
47,19,4335.56592,4505.08008,4395.48096,8.21938957E-05
47,20,4335.56592,4395.48096,4335.56592,8.21938957E-05
48,1,4970.19482,4335.56592,4368.06934,2.68786564E-04
48,2,4970.19482,4368.06934,4343.25146,2.68786564E-04
48,3,4970.19482,4343.25146,4644.23047,2.68786564E-04
48,4,4970.19482,4644.23047,4766.72607,2.68786564E-04
48,5,4970.19482,4766.72607,4735.50879,2.68786564E-04
48,6,4970.19482,4735.50879,4719.99121,2.68786564E-04
48,7,4970.19482,4719.99121,4765.91064,2.68786564E-04
48,8,4970.19482,4765.91064,4806.11670,2.68786564E-04
48,9,4970.19482,4806.11670,4765.28125,2.68786564E-04
48,10,4970.19482,4765.28125,4628.68896,2.68786564E-04
48,11,4970.19482,4628.68896,4445.94775,2.68786564E-04
48,12,4970.19482,4445.94775,4294.46143,2.68786564E-04
48,13,4970.19482,4294.46143,4237.26514,2.68786564E-04
48,14,4970.19482,4237.26514,4297.40869,2.68786564E-04
48,15,4970.19482,4297.40869,4454.77344,2.68786564E-04
48,16,4970.19482,4454.77344,4659.81201,2.68786564E-04
48,17,4970.19482,4659.81201,4850.81006,2.68786564E-04
48,18,4970.19482,4850.81006,4992.94775,2.68786564E-04
48,19,4970.19482,4992.94775,5075.28955,2.68786564E-04
48,20,4970.19482,5075.28955,4970.19482,2.68786564E-04
49,1,4619.57324,4970.19482,4919.07324,3.30251083E-07
49,2,4619.57324,4919.07324,4865.83398,3.30251083E-07
49,3,4619.57324,4865.83398,4821.86182,3.30251083E-07
49,4,4619.57324,4821.86182,4781.96582,3.30251083E-07
49,5,4619.57324,4781.96582,4751.44971,3.30251083E-07
49,6,4619.57324,4751.44971,4717.42188,3.30251083E-07
49,7,4619.57324,4717.42188,4669.39307,3.30251083E-07
49,8,4619.57324,4669.39307,4605.24707,3.30251083E-07
49,9,4619.57324,4605.24707,4530.34473,3.30251083E-07
49,10,4619.57324,4530.34473,4454.24951,3.30251083E-07
49,11,4619.57324,4454.24951,4387.30078,3.30251083E-07
49,12,4619.57324,4387.30078,4338.09814,3.30251083E-07
49,13,4619.57324,4338.09814,4312.04590,3.30251083E-07
49,14,4619.57324,4312.04590,4310.94531,3.30251083E-07
49,15,4619.57324,4310.94531,4333.30469,3.30251083E-07
49,16,4619.57324,4333.30469,4375.09375,3.30251083E-07
49,17,4619.57324,4375.09375,4430.70361,3.30251083E-07
49,18,4619.57324,4430.70361,4493.89453,3.30251083E-07
49,19,4619.57324,4493.89453,4558.60205,3.30251083E-07
49,20,4619.57324,4558.60205,4619.57324,3.30251083E-07
50,1,10648.9912,5051.16357,5386.02441,1.74765121E-02
50,2,10648.9912,5386.02441,5653.36084,1.74765121E-02
50,3,10648.9912,5653.36084,5953.62158,1.74765121E-02
50,4,10648.9912,5953.62158,6249.36914,1.74765121E-02
50,5,10648.9912,6249.36914,6526.83008,1.74765121E-02
50,6,10648.9912,6526.83008,6742.48828,1.74765121E-02
50,7,10648.9912,6742.48828,6939.45654,1.74765121E-02
50,8,10648.9912,6939.45654,7216.10791,1.74765121E-02
50,9,10648.9912,7216.10791,7540.90088,1.74765121E-02
50,10,10648.9912,7540.90088,7869.68896,1.74765121E-02
50,11,10648.9912,7869.68896,8181.50293,1.74765121E-02
50,12,10648.9912,8181.50293,8471.42383,1.74765121E-02
50,13,10648.9912,8471.42383,8737.47461,1.74765121E-02
50,14,10648.9912,8737.47461,9003.83301,1.74765121E-02
50,15,10648.9912,9003.83301,9283.59277,1.74765121E-02
50,16,10648.9912,9283.59277,9574.53613,1.74765121E-02
50,17,10648.9912,9574.53613,9865.87402,1.74765121E-02
50,18,10648.9912,9865.87402,10146.0020,1.74765121E-02
50,19,10648.9912,10146.0020,10407.5166,1.74765121E-02
50,20,10648.9912,10407.5166,10648.9912,1.74765121E-02
51,1,11623.8701,10648.9912,10600.9248,1.51973858E-03
51,2,11623.8701,10600.9248,10715.9609,1.51973858E-03
51,3,11623.8701,10715.9609,10626.4229,1.51973858E-03
51,4,11623.8701,10626.4229,10520.1914,1.51973858E-03
51,5,11623.8701,10520.1914,10475.7236,1.51973858E-03
51,6,11623.8701,10475.7236,10749.6191,1.51973858E-03
51,7,11623.8701,10749.6191,10774.2510,1.51973858E-03
51,8,11623.8701,10774.2510,10786.0293,1.51973858E-03
51,9,11623.8701,10786.0293,10826.7666,1.51973858E-03
51,10,11623.8701,10826.7666,11043.9541,1.51973858E-03
51,11,11623.8701,11043.9541,11071.7070,1.51973858E-03
51,12,11623.8701,11071.7070,11021.7695,1.51973858E-03
51,13,11623.8701,11021.7695,10966.9961,1.51973858E-03
51,14,11623.8701,10966.9961,11027.4980,1.51973858E-03
51,15,11623.8701,11027.4980,11147.4854,1.51973858E-03
51,16,11623.8701,11147.4854,11404.6113,1.51973858E-03
51,17,11623.8701,11404.6113,11726.2432,1.51973858E-03
51,18,11623.8701,11726.2432,11898.1924,1.51973858E-03
51,19,11623.8701,11898.1924,11783.6094,1.51973858E-03
51,20,11623.8701,11783.6094,11623.8701,1.51973858E-03
52,1,7904.18408,11623.8701,11202.0088,-5.05729998E-03
52,2,7904.18408,11202.0088,11225.9473,-5.05729998E-03
52,3,7904.18408,11225.9473,11039.9414,-5.05729998E-03
52,4,7904.18408,11039.9414,10876.9990,-5.05729998E-03
52,5,7904.18408,10876.9990,10829.1299,-5.05729998E-03
52,6,7904.18408,10829.1299,10820.8838,-5.05729998E-03
52,7,7904.18408,10820.8838,10753.2725,-5.05729998E-03
52,8,7904.18408,10753.2725,10585.0176,-5.05729998E-03
52,9,7904.18408,10585.0176,10336.8975,-5.05729998E-03
52,10,7904.18408,10336.8975,10059.5498,-5.05729998E-03
52,11,7904.18408,10059.5498,9799.46387,-5.05729998E-03
52,12,7904.18408,9799.46387,9579.83984,-5.05729998E-03
52,13,7904.18408,9579.83984,9398.16113,-5.05729998E-03
52,14,7904.18408,9398.16113,9234.80859,-5.05729998E-03
52,15,7904.18408,9234.80859,9065.52930,-5.05729998E-03
52,16,7904.18408,9065.52930,8872.10645,-5.05729998E-03
52,17,7904.18408,8872.10645,8648.33203,-5.05729998E-03
52,18,7904.18408,8648.33203,8400.83789,-5.05729998E-03
52,19,7904.18408,8400.83789,8145.91357,-5.05729998E-03
52,20,7904.18408,8145.91357,7904.18408,-5.05729998E-03
53,1,6126.76611,7904.18408,7814.40137,-3.36702317E-02
53,2,6126.76611,7814.40137,7715.16797,-3.36702317E-02
53,3,6126.76611,7715.16797,7608.90918,-3.36702317E-02
53,4,6126.76611,7608.90918,7497.64551,-3.36702317E-02
53,5,6126.76611,7497.64551,7319.95801,-3.36702317E-02
53,6,6126.76611,7319.95801,7142.98535,-3.36702317E-02
53,7,6126.76611,7142.98535,6983.69092,-3.36702317E-02
53,8,6126.76611,6983.69092,6840.02881,-3.36702317E-02
53,9,6126.76611,6840.02881,6815.58838,-3.36702317E-02
53,10,6126.76611,6815.58838,6856.15039,-3.36702317E-02
53,11,6126.76611,6856.15039,6867.84717,-3.36702317E-02
53,12,6126.76611,6867.84717,6853.85547,-3.36702317E-02
53,13,6126.76611,6853.85547,6817.12354,-3.36702317E-02
53,14,6126.76611,6817.12354,6760.36621,-3.36702317E-02
53,15,6126.76611,6760.36621,6686.08789,-3.36702317E-02
53,16,6126.76611,6686.08789,6596.61279,-3.36702317E-02
53,17,6126.76611,6596.61279,6494.07227,-3.36702317E-02
53,18,6126.76611,6494.07227,6380.41650,-3.36702317E-02
53,19,6126.76611,6380.41650,6257.43604,-3.36702317E-02
53,20,6126.76611,6257.43604,6126.76611,-3.36702317E-02
54,1,6597.78857,6126.76611,5739.42920,-1.28035841E-03
54,2,6597.78857,5739.42920,5513.71045,-1.28035841E-03
54,3,6597.78857,5513.71045,5411.13916,-1.28035841E-03
54,4,6597.78857,5411.13916,5399.80811,-1.28035841E-03
54,5,6597.78857,5399.80811,5453.51172,-1.28035841E-03
54,6,6597.78857,5453.51172,5550.95557,-1.28035841E-03
54,7,6597.78857,5550.95557,5675.08984,-1.28035841E-03
54,8,6597.78857,5675.08984,5812.47119,-1.28035841E-03
54,9,6597.78857,5812.47119,5952.72998,-1.28035841E-03
54,10,6597.78857,5952.72998,6088.08936,-1.28035841E-03
54,11,6597.78857,6088.08936,6212.92627,-1.28035841E-03
54,12,6597.78857,6212.92627,6323.40332,-1.28035841E-03
54,13,6597.78857,6323.40332,6417.15088,-1.28035841E-03
54,14,6597.78857,6417.15088,6492.97754,-1.28035841E-03
54,15,6597.78857,6492.97754,6550.60986,-1.28035841E-03
54,16,6597.78857,6550.60986,6590.50879,-1.28035841E-03
54,17,6597.78857,6590.50879,6613.67090,-1.28035841E-03
54,18,6597.78857,6613.67090,6621.47998,-1.28035841E-03
54,19,6597.78857,6621.47998,6615.58594,-1.28035841E-03
54,20,6597.78857,6615.58594,6597.78857,-1.28035841E-03
55,1,5498.98682,6597.78857,6569.06494,-3.72172636E-03
55,2,5498.98682,6569.06494,6524.09961,-3.72172636E-03
55,3,5498.98682,6524.09961,6467.40967,-3.72172636E-03
55,4,5498.98682,6467.40967,6404.04492,-3.72172636E-03
55,5,5498.98682,6404.04492,6345.11523,-3.72172636E-03
55,6,5498.98682,6345.11523,6275.82666,-3.72172636E-03
55,7,5498.98682,6275.82666,6193.94922,-3.72172636E-03
55,8,5498.98682,6193.94922,6103.65381,-3.72172636E-03
55,9,5498.98682,6103.65381,6011.54053,-3.72172636E-03
55,10,5498.98682,6011.54053,5954.98096,-3.72172636E-03
55,11,5498.98682,5954.98096,5901.94482,-3.72172636E-03
55,12,5498.98682,5901.94482,5849.49512,-3.72172636E-03
55,13,5498.98682,5849.49512,5798.33545,-3.72172636E-03
55,14,5498.98682,5798.33545,5748.96582,-3.72172636E-03
55,15,5498.98682,5748.96582,5701.69141,-3.72172636E-03
55,16,5498.98682,5701.69141,5656.68701,-3.72172636E-03
55,17,5498.98682,5656.68701,5613.99365,-3.72172636E-03
55,18,5498.98682,5613.99365,5573.56738,-3.72172636E-03
55,19,5498.98682,5573.56738,5535.29004,-3.72172636E-03
55,20,5498.98682,5535.29004,5498.98682,-3.72172636E-03
56,1,5129.72363,5498.98682,5498.65234,-5.16115688E-04
56,2,5129.72363,5498.65234,5429.73486,-5.16115688E-04
56,3,5129.72363,5429.73486,5446.99707,-5.16115688E-04
56,4,5129.72363,5446.99707,5466.98584,-5.16115688E-04
56,5,5129.72363,5466.98584,5485.49023,-5.16115688E-04
56,6,5129.72363,5485.49023,5499.81738,-5.16115688E-04
56,7,5129.72363,5499.81738,5508.41699,-5.16115688E-04
56,8,5129.72363,5508.41699,5519.92285,-5.16115688E-04
56,9,5129.72363,5519.92285,5537.40234,-5.16115688E-04
56,10,5129.72363,5537.40234,5540.93164,-5.16115688E-04
56,11,5129.72363,5540.93164,5522.29736,-5.16115688E-04
56,12,5129.72363,5522.29736,5481.58838,-5.16115688E-04
56,13,5129.72363,5481.58838,5424.07324,-5.16115688E-04
56,14,5129.72363,5424.07324,5357.51855,-5.16115688E-04
56,15,5129.72363,5357.51855,5290.15820,-5.16115688E-04
56,16,5129.72363,5290.15820,5229.23975,-5.16115688E-04
56,17,5129.72363,5229.23975,5172.49316,-5.16115688E-04
56,18,5129.72363,5172.49316,5145.18701,-5.16115688E-04
56,19,5129.72363,5145.18701,5131.01758,-5.16115688E-04
56,20,5129.72363,5131.01758,5129.72363,-5.16115688E-04
57,1,4689.19727,5129.72363,4886.36865,-2.79041228E-06
57,2,4689.19727,4886.36865,5182.48633,-2.79041228E-06
57,3,4689.19727,5182.48633,5451.05908,-2.79041228E-06
57,4,4689.19727,5451.05908,5558.15234,-2.79041228E-06
57,5,4689.19727,5558.15234,5493.74316,-2.79041228E-06
57,6,4689.19727,5493.74316,5317.98486,-2.79041228E-06
57,7,4689.19727,5317.98486,5105.16162,-2.79041228E-06
57,8,4689.19727,5105.16162,4916.02734,-2.79041228E-06
57,9,4689.19727,4916.02734,4787.67725,-2.79041228E-06
57,10,4689.19727,4787.67725,4864.44189,-2.79041228E-06
57,11,4689.19727,4864.44189,4938.13818,-2.79041228E-06
57,12,4689.19727,4938.13818,4950.55615,-2.79041228E-06
57,13,4689.19727,4950.55615,4923.98096,-2.79041228E-06
57,14,4689.19727,4923.98096,4875.30762,-2.79041228E-06
57,15,4689.19727,4875.30762,4817.04150,-2.79041228E-06
57,16,4689.19727,4817.04150,4758.15967,-2.79041228E-06
57,17,4689.19727,4758.15967,4704.81982,-2.79041228E-06
57,18,4689.19727,4704.81982,4662.69141,-2.79041228E-06
57,19,4689.19727,4662.69141,4670.22656,-2.79041228E-06
57,20,4689.19727,4670.22656,4689.19727,-2.79041228E-06
58,1,0.00000000,4689.19727,3481.83887,-3.32304202E-02
58,2,0.00000000,3481.83887,3183.91260,-3.32304202E-02
58,3,0.00000000,3183.91260,2188.22144,-3.32304202E-02
58,4,0.00000000,2188.22144,1550.47583,-3.32304202E-02
58,5,0.00000000,1550.47583,542.130371,-3.32304202E-02
58,6,0.00000000,542.130371,0.00000000,-3.32304202E-02
58,7,0.00000000,0.00000000,0.00000000,-3.32304202E-02
58,8,0.00000000,0.00000000,0.00000000,-3.32304202E-02
58,9,0.00000000,0.00000000,0.00000000,-3.32304202E-02
58,10,0.00000000,0.00000000,0.00000000,-3.32304202E-02
58,11,0.00000000,0.00000000,0.00000000,-3.32304202E-02
58,12,0.00000000,0.00000000,0.00000000,-3.32304202E-02
58,13,0.00000000,0.00000000,0.00000000,-3.32304202E-02
58,14,0.00000000,0.00000000,0.00000000,-3.32304202E-02
58,15,0.00000000,0.00000000,0.00000000,-3.32304202E-02
58,16,0.00000000,0.00000000,0.00000000,-3.32304202E-02
58,17,0.00000000,0.00000000,0.00000000,-3.32304202E-02
58,18,0.00000000,0.00000000,0.00000000,-3.32304202E-02
58,19,0.00000000,0.00000000,0.00000000,-3.32304202E-02
58,20,0.00000000,0.00000000,0.00000000,-3.32304202E-02
