i,k,old_q,old_q_ch_in,old_q_ch_out,qlat_ch_old
1,1,649.378479,0.00000000,32.3535118,7.45119643E-04
1,2,649.378479,32.3535118,64.8655777,7.45119643E-04
1,3,649.378479,64.8655777,96.4546661,7.45119643E-04
1,4,649.378479,96.4546661,130.773499,7.45119643E-04
1,5,649.378479,130.773499,161.473541,7.45119643E-04
1,6,649.378479,161.473541,191.149811,7.45119643E-04
1,7,649.378479,191.149811,229.964172,7.45119643E-04
1,8,649.378479,229.964172,261.328369,7.45119643E-04
1,9,649.378479,261.328369,288.445496,7.45119643E-04
1,10,649.378479,288.445496,319.484924,7.45119643E-04
1,11,649.378479,319.484924,354.637634,7.45119643E-04
1,12,649.378479,354.637634,396.242523,7.45119643E-04
1,13,649.378479,396.242523,427.718353,7.45119643E-04
1,14,649.378479,427.718353,447.163574,7.45119643E-04
1,15,649.378479,447.163574,474.289429,7.45119643E-04
1,16,649.378479,474.289429,515.021973,7.45119643E-04
1,17,649.378479,515.021973,556.622986,7.45119643E-04
1,18,649.378479,556.622986,589.918579,7.45119643E-04
1,19,649.378479,589.918579,620.195618,7.45119643E-04
1,20,649.378479,620.195618,649.378479,7.45119643E-04
2,1,0.00000000,0.00000000,0.00000000,-3.80025525E-03
2,2,0.00000000,0.00000000,0.00000000,-3.80025525E-03
2,3,0.00000000,0.00000000,0.00000000,-3.80025525E-03
2,4,0.00000000,0.00000000,0.00000000,-3.80025525E-03
2,5,0.00000000,0.00000000,0.00000000,-3.80025525E-03
2,6,0.00000000,0.00000000,0.00000000,-3.80025525E-03
2,7,0.00000000,0.00000000,0.00000000,-3.80025525E-03
2,8,0.00000000,0.00000000,0.00000000,-3.80025525E-03
2,9,0.00000000,0.00000000,0.00000000,-3.80025525E-03
2,10,0.00000000,0.00000000,0.00000000,-3.80025525E-03
2,11,0.00000000,0.00000000,0.00000000,-3.80025525E-03
2,12,0.00000000,0.00000000,0.00000000,-3.80025525E-03
2,13,0.00000000,0.00000000,0.00000000,-3.80025525E-03
2,14,0.00000000,0.00000000,0.00000000,-3.80025525E-03
2,15,0.00000000,0.00000000,0.00000000,-3.80025525E-03
2,16,0.00000000,0.00000000,0.00000000,-3.80025525E-03
2,17,0.00000000,0.00000000,0.00000000,-3.80025525E-03
2,18,0.00000000,0.00000000,0.00000000,-3.80025525E-03
2,19,0.00000000,0.00000000,0.00000000,-3.80025525E-03
2,20,0.00000000,0.00000000,0.00000000,-3.80025525E-03
3,1,16.6736526,0.00000000,0.850041449,1.27075073E-05
3,2,16.6736526,0.850041449,1.70008290,1.27075073E-05
3,3,16.6736526,1.70008290,2.55012441,1.27075073E-05
3,4,16.6736526,2.55012441,3.40016580,1.27075073E-05
3,5,16.6736526,3.40016580,4.25020695,1.27075073E-05
3,6,16.6736526,4.25020695,5.10025406,1.27075073E-05
3,7,16.6736526,5.10025406,5.95024300,1.27075073E-05
3,8,16.6736526,5.95024300,6.80066347,1.27075073E-05
3,9,16.6736526,6.80066347,7.64854240,1.27075073E-05
3,10,16.6736526,7.64854240,8.50838089,1.27075073E-05
3,11,16.6736526,8.50838089,9.32337379,1.27075073E-05
3,12,16.6736526,9.32337379,10.2704706,1.27075073E-05
3,13,16.6736526,10.2704706,10.9211597,1.27075073E-05
3,14,16.6736526,10.9211597,12.0468092,1.27075073E-05
3,15,16.6736526,12.0468092,12.7097330,1.27075073E-05
3,16,16.6736526,12.7097330,13.5005217,1.27075073E-05
3,17,16.6736526,13.5005217,14.3706284,1.27075073E-05
3,18,16.6736526,14.3706284,15.9599848,1.27075073E-05
3,19,16.6736526,15.9599848,15.4186449,1.27075073E-05
3,20,16.6736526,15.4186449,16.6736526,1.27075073E-05
4,1,23.5536747,0.00000000,1.21650958,1.94909517E-05
4,2,23.5536747,1.21650958,2.25488830,1.94909517E-05
4,3,23.5536747,2.25488830,3.82549047,1.94909517E-05
4,4,23.5536747,3.82549047,4.75549173,1.94909517E-05
4,5,23.5536747,4.75549173,5.72615290,1.94909517E-05
4,6,23.5536747,5.72615290,7.08210659,1.94909517E-05
4,7,23.5536747,7.08210659,8.54866982,1.94909517E-05
4,8,23.5536747,8.54866982,9.80598640,1.94909517E-05
4,9,23.5536747,9.80598640,10.8180676,1.94909517E-05
4,10,23.5536747,10.8180676,11.7684937,1.94909517E-05
4,11,23.5536747,11.7684937,12.8518314,1.94909517E-05
4,12,23.5536747,12.8518314,14.1341801,1.94909517E-05
4,13,23.5536747,14.1341801,15.5433102,1.94909517E-05
4,14,23.5536747,15.5433102,16.9435806,1.94909517E-05
4,15,23.5536747,16.9435806,18.2235222,1.94909517E-05
4,16,23.5536747,18.2235222,19.3473816,1.94909517E-05
4,17,23.5536747,19.3473816,20.3575783,1.94909517E-05
4,18,23.5536747,20.3575783,21.3418427,1.94909517E-05
4,19,23.5536747,21.3418427,22.3889618,1.94909517E-05
4,20,23.5536747,22.3889618,23.5536747,1.94909517E-05
5,1,0.00000000,0.00000000,0.00000000,-9.89233627E-07
5,2,0.00000000,0.00000000,0.00000000,-9.89233627E-07
5,3,0.00000000,0.00000000,0.00000000,-9.89233627E-07
5,4,0.00000000,0.00000000,0.00000000,-9.89233627E-07
5,5,0.00000000,0.00000000,0.00000000,-9.89233627E-07
5,6,0.00000000,0.00000000,0.00000000,-9.89233627E-07
5,7,0.00000000,0.00000000,0.00000000,-9.89233627E-07
5,8,0.00000000,0.00000000,0.00000000,-9.89233627E-07
5,9,0.00000000,0.00000000,0.00000000,-9.89233627E-07
5,10,0.00000000,0.00000000,0.00000000,-9.89233627E-07
5,11,0.00000000,0.00000000,0.00000000,-9.89233627E-07
5,12,0.00000000,0.00000000,0.00000000,-9.89233627E-07
5,13,0.00000000,0.00000000,0.00000000,-9.89233627E-07
5,14,0.00000000,0.00000000,0.00000000,-9.89233627E-07
5,15,0.00000000,0.00000000,0.00000000,-9.89233627E-07
5,16,0.00000000,0.00000000,0.00000000,-9.89233627E-07
5,17,0.00000000,0.00000000,0.00000000,-9.89233627E-07
5,18,0.00000000,0.00000000,0.00000000,-9.89233627E-07
5,19,0.00000000,0.00000000,0.00000000,-9.89233627E-07
5,20,0.00000000,0.00000000,0.00000000,-9.89233627E-07
6,1,0.00000000,0.00000000,0.00000000,-6.21395429E-06
6,2,0.00000000,0.00000000,0.00000000,-6.21395429E-06
6,3,0.00000000,0.00000000,0.00000000,-6.21395429E-06
6,4,0.00000000,0.00000000,0.00000000,-6.21395429E-06
6,5,0.00000000,0.00000000,0.00000000,-6.21395429E-06
6,6,0.00000000,0.00000000,0.00000000,-6.21395429E-06
6,7,0.00000000,0.00000000,0.00000000,-6.21395429E-06
6,8,0.00000000,0.00000000,0.00000000,-6.21395429E-06
6,9,0.00000000,0.00000000,0.00000000,-6.21395429E-06
6,10,0.00000000,0.00000000,0.00000000,-6.21395429E-06
6,11,0.00000000,0.00000000,0.00000000,-6.21395429E-06
6,12,0.00000000,0.00000000,0.00000000,-6.21395429E-06
6,13,0.00000000,0.00000000,0.00000000,-6.21395429E-06
6,14,0.00000000,0.00000000,0.00000000,-6.21395429E-06
6,15,0.00000000,0.00000000,0.00000000,-6.21395429E-06
6,16,0.00000000,0.00000000,0.00000000,-6.21395429E-06
6,17,0.00000000,0.00000000,0.00000000,-6.21395429E-06
6,18,0.00000000,0.00000000,0.00000000,-6.21395429E-06
6,19,0.00000000,0.00000000,0.00000000,-6.21395429E-06
6,20,0.00000000,0.00000000,0.00000000,-6.21395429E-06
7,1,2.65742623E-04,0.00000000,1.53700457E-05,1.17436094E-09
7,2,2.65742623E-04,1.53700457E-05,3.15994112E-05,1.17436094E-09
7,3,2.65742623E-04,3.15994112E-05,4.41581506E-05,1.17436094E-09
7,4,2.65742623E-04,4.41581506E-05,6.43661770E-05,1.17436094E-09
7,5,2.65742623E-04,6.43661770E-05,7.79405455E-05,1.17436094E-09
7,6,2.65742623E-04,7.79405455E-05,9.00715677E-05,1.17436094E-09
7,7,2.65742623E-04,9.00715677E-05,1.06700623E-04,1.17436094E-09
7,8,2.65742623E-04,1.06700623E-04,1.26218816E-04,1.17436094E-09
7,9,2.65742623E-04,1.26218816E-04,1.35205322E-04,1.17436094E-09
7,10,2.65742623E-04,1.35205322E-04,1.78280388E-04,1.17436094E-09
7,11,2.65742623E-04,1.78280388E-04,1.34002417E-04,1.17436094E-09
7,12,2.65742623E-04,1.34002417E-04,1.89125320E-04,1.17436094E-09
7,13,2.65742623E-04,1.89125320E-04,2.25542768E-04,1.17436094E-09
7,14,2.65742623E-04,2.25542768E-04,2.17399473E-04,1.17436094E-09
7,15,2.65742623E-04,2.17399473E-04,2.11070408E-04,1.17436094E-09
7,16,2.65742623E-04,2.11070408E-04,2.46234180E-04,1.17436094E-09
7,17,2.65742623E-04,2.46234180E-04,2.35955376E-04,1.17436094E-09
7,18,2.65742623E-04,2.35955376E-04,3.44051165E-04,1.17436094E-09
7,19,2.65742623E-04,3.44051165E-04,3.03010194E-04,1.17436094E-09
7,20,2.65742623E-04,3.03010194E-04,2.65742623E-04,1.17436094E-09
8,1,0.00000000,0.00000000,0.00000000,-1.01422862E-04
8,2,0.00000000,0.00000000,0.00000000,-1.01422862E-04
8,3,0.00000000,0.00000000,0.00000000,-1.01422862E-04
8,4,0.00000000,0.00000000,0.00000000,-1.01422862E-04
8,5,0.00000000,0.00000000,0.00000000,-1.01422862E-04
8,6,0.00000000,0.00000000,0.00000000,-1.01422862E-04
8,7,0.00000000,0.00000000,0.00000000,-1.01422862E-04
8,8,0.00000000,0.00000000,0.00000000,-1.01422862E-04
8,9,0.00000000,0.00000000,0.00000000,-1.01422862E-04
8,10,0.00000000,0.00000000,0.00000000,-1.01422862E-04
8,11,0.00000000,0.00000000,0.00000000,-1.01422862E-04
8,12,0.00000000,0.00000000,0.00000000,-1.01422862E-04
8,13,0.00000000,0.00000000,0.00000000,-1.01422862E-04
8,14,0.00000000,0.00000000,0.00000000,-1.01422862E-04
8,15,0.00000000,0.00000000,0.00000000,-1.01422862E-04
8,16,0.00000000,0.00000000,0.00000000,-1.01422862E-04
8,17,0.00000000,0.00000000,0.00000000,-1.01422862E-04
8,18,0.00000000,0.00000000,0.00000000,-1.01422862E-04
8,19,0.00000000,0.00000000,0.00000000,-1.01422862E-04
8,20,0.00000000,0.00000000,0.00000000,-1.01422862E-04
9,1,0.00000000,0.00000000,0.00000000,-3.00286938E-05
9,2,0.00000000,0.00000000,0.00000000,-3.00286938E-05
9,3,0.00000000,0.00000000,0.00000000,-3.00286938E-05
9,4,0.00000000,0.00000000,0.00000000,-3.00286938E-05
9,5,0.00000000,0.00000000,0.00000000,-3.00286938E-05
9,6,0.00000000,0.00000000,0.00000000,-3.00286938E-05
9,7,0.00000000,0.00000000,0.00000000,-3.00286938E-05
9,8,0.00000000,0.00000000,0.00000000,-3.00286938E-05
9,9,0.00000000,0.00000000,0.00000000,-3.00286938E-05
9,10,0.00000000,0.00000000,0.00000000,-3.00286938E-05
9,11,0.00000000,0.00000000,0.00000000,-3.00286938E-05
9,12,0.00000000,0.00000000,0.00000000,-3.00286938E-05
9,13,0.00000000,0.00000000,0.00000000,-3.00286938E-05
9,14,0.00000000,0.00000000,0.00000000,-3.00286938E-05
9,15,0.00000000,0.00000000,0.00000000,-3.00286938E-05
9,16,0.00000000,0.00000000,0.00000000,-3.00286938E-05
9,17,0.00000000,0.00000000,0.00000000,-3.00286938E-05
9,18,0.00000000,0.00000000,0.00000000,-3.00286938E-05
9,19,0.00000000,0.00000000,0.00000000,-3.00286938E-05
9,20,0.00000000,0.00000000,0.00000000,-3.00286938E-05
10,1,24.1104298,0.00000000,1.32359433,2.49804667E-04
10,2,24.1104298,1.32359433,2.24098897,2.49804667E-04
10,3,24.1104298,2.24098897,3.53395677,2.49804667E-04
10,4,24.1104298,3.53395677,4.98295116,2.49804667E-04
10,5,24.1104298,4.98295116,6.32819700,2.49804667E-04
10,6,24.1104298,6.32819700,7.49274683,2.49804667E-04
10,7,24.1104298,7.49274683,8.54023933,2.49804667E-04
10,8,24.1104298,8.54023933,9.58007812,2.49804667E-04
10,9,24.1104298,9.58007812,10.6982594,2.49804667E-04
10,10,24.1104298,10.6982594,11.9287739,2.49804667E-04
10,11,24.1104298,11.9287739,13.2563000,2.49804667E-04
10,12,24.1104298,13.2563000,14.6348267,2.49804667E-04
10,13,24.1104298,14.6348267,16.0098343,2.49804667E-04
10,14,24.1104298,16.0098343,17.3360386,2.49804667E-04
10,15,24.1104298,17.3360386,18.5876369,2.49804667E-04
10,16,24.1104298,18.5876369,19.7608967,2.49804667E-04
10,17,24.1104298,19.7608967,20.8709278,2.49804667E-04
10,18,24.1104298,20.8709278,21.9450684,2.49804667E-04
10,19,24.1104298,21.9450684,23.0151081,2.49804667E-04
10,20,24.1104298,23.0151081,24.1104298,2.49804667E-04
11,1,5.74736357,0.00000000,0.286308944,4.85844339E-06
11,2,5.74736357,0.286308944,0.558629394,4.85844339E-06
11,3,5.74736357,0.558629394,0.892861724,4.85844339E-06
11,4,5.74736357,0.892861724,1.09149885,4.85844339E-06
11,5,5.74736357,1.09149885,1.41988981,4.85844339E-06
11,6,5.74736357,1.41988981,1.75994956,4.85844339E-06
11,7,5.74736357,1.75994956,2.01228142,4.85844339E-06
11,8,5.74736357,2.01228142,2.23841333,4.85844339E-06
11,9,5.74736357,2.23841333,2.51894116,4.85844339E-06
11,10,5.74736357,2.51894116,2.85330892,4.85844339E-06
11,11,5.74736357,2.85330892,3.18503261,4.85844339E-06
11,12,5.74736357,3.18503261,3.47039008,4.85844339E-06
11,13,5.74736357,3.47039008,3.71273041,4.85844339E-06
11,14,5.74736357,3.71273041,3.94877744,4.85844339E-06
11,15,5.74736357,3.94877744,4.21458912,4.85844339E-06
11,16,5.74736357,4.21458912,4.52131367,4.85844339E-06
11,17,5.74736357,4.52131367,4.85293961,4.85844339E-06
11,18,5.74736357,4.85293961,5.18066597,4.85844339E-06
11,19,5.74736357,5.18066597,5.48104572,4.85844339E-06
11,20,5.74736357,5.48104572,5.74736357,4.85844339E-06
12,1,0.00000000,0.00000000,0.00000000,-6.93663904E-10
12,2,0.00000000,0.00000000,0.00000000,-6.93663904E-10
12,3,0.00000000,0.00000000,0.00000000,-6.93663904E-10
12,4,0.00000000,0.00000000,0.00000000,-6.93663904E-10
12,5,0.00000000,0.00000000,0.00000000,-6.93663904E-10
12,6,0.00000000,0.00000000,0.00000000,-6.93663904E-10
12,7,0.00000000,0.00000000,0.00000000,-6.93663904E-10
12,8,0.00000000,0.00000000,0.00000000,-6.93663904E-10
12,9,0.00000000,0.00000000,0.00000000,-6.93663904E-10
12,10,0.00000000,0.00000000,0.00000000,-6.93663904E-10
12,11,0.00000000,0.00000000,0.00000000,-6.93663904E-10
12,12,0.00000000,0.00000000,0.00000000,-6.93663904E-10
12,13,0.00000000,0.00000000,0.00000000,-6.93663904E-10
12,14,0.00000000,0.00000000,0.00000000,-6.93663904E-10
12,15,0.00000000,0.00000000,0.00000000,-6.93663904E-10
12,16,0.00000000,0.00000000,0.00000000,-6.93663904E-10
12,17,0.00000000,0.00000000,0.00000000,-6.93663904E-10
12,18,0.00000000,0.00000000,0.00000000,-6.93663904E-10
12,19,0.00000000,0.00000000,0.00000000,-6.93663904E-10
12,20,0.00000000,0.00000000,0.00000000,-6.93663904E-10
13,1,0.00000000,0.00000000,0.00000000,-2.55572900E-06
13,2,0.00000000,0.00000000,0.00000000,-2.55572900E-06
13,3,0.00000000,0.00000000,0.00000000,-2.55572900E-06
13,4,0.00000000,0.00000000,0.00000000,-2.55572900E-06
13,5,0.00000000,0.00000000,0.00000000,-2.55572900E-06
13,6,0.00000000,0.00000000,0.00000000,-2.55572900E-06
13,7,0.00000000,0.00000000,0.00000000,-2.55572900E-06
13,8,0.00000000,0.00000000,0.00000000,-2.55572900E-06
13,9,0.00000000,0.00000000,0.00000000,-2.55572900E-06
13,10,0.00000000,0.00000000,0.00000000,-2.55572900E-06
13,11,0.00000000,0.00000000,0.00000000,-2.55572900E-06
13,12,0.00000000,0.00000000,0.00000000,-2.55572900E-06
13,13,0.00000000,0.00000000,0.00000000,-2.55572900E-06
13,14,0.00000000,0.00000000,0.00000000,-2.55572900E-06
13,15,0.00000000,0.00000000,0.00000000,-2.55572900E-06
13,16,0.00000000,0.00000000,0.00000000,-2.55572900E-06
13,17,0.00000000,0.00000000,0.00000000,-2.55572900E-06
13,18,0.00000000,0.00000000,0.00000000,-2.55572900E-06
13,19,0.00000000,0.00000000,0.00000000,-2.55572900E-06
13,20,0.00000000,0.00000000,0.00000000,-2.55572900E-06
14,1,73.0162888,0.00000000,9.28693867,6.85958192E-04
14,2,73.0162888,9.28693867,18.4323959,6.85958192E-04
14,3,73.0162888,18.4323959,27.2441483,6.85958192E-04
14,4,73.0162888,27.2441483,35.4791908,6.85958192E-04
14,5,73.0162888,35.4791908,42.9018326,6.85958192E-04
14,6,73.0162888,42.9018326,49.3380928,6.85958192E-04
14,7,73.0162888,49.3380928,54.7067909,6.85958192E-04
14,8,73.0162888,54.7067909,59.0225258,6.85958192E-04
14,9,73.0162888,59.0225258,62.3773727,6.85958192E-04
14,10,73.0162888,62.3773727,64.9123840,6.85958192E-04
14,11,73.0162888,64.9123840,66.7887268,6.85958192E-04
14,12,73.0162888,66.7887268,68.1647720,6.85958192E-04
14,13,73.0162888,68.1647720,69.1812744,6.85958192E-04
14,14,73.0162888,69.1812744,69.9541245,6.85958192E-04
14,15,73.0162888,69.9541245,70.5728683,6.85958192E-04
14,16,73.0162888,70.5728683,71.1028214,6.85958192E-04
14,17,73.0162888,71.1028214,71.5889206,6.85958192E-04
14,18,73.0162888,71.5889206,72.0600739,6.85958192E-04
14,19,73.0162888,72.0600739,72.5331345,6.85958192E-04
14,20,73.0162888,72.5331345,73.0162888,6.85958192E-04
15,1,12.4960709,16.6736526,17.6436539,6.16593979E-06
15,2,12.4960709,17.6436539,14.6382999,6.16593979E-06
15,3,12.4960709,14.6382999,19.4598427,6.16593979E-06
15,4,12.4960709,19.4598427,21.0338707,6.16593979E-06
15,5,12.4960709,21.0338707,17.4281082,6.16593979E-06
15,6,12.4960709,17.4281082,16.2823029,6.16593979E-06
15,7,12.4960709,16.2823029,16.9400177,6.16593979E-06
15,8,12.4960709,16.9400177,21.8991051,6.16593979E-06
15,9,12.4960709,21.8991051,16.7832451,6.16593979E-06
15,10,12.4960709,16.7832451,18.6989975,6.16593979E-06
15,11,12.4960709,18.6989975,21.9386482,6.16593979E-06
15,12,12.4960709,21.9386482,20.0692062,6.16593979E-06
15,13,12.4960709,20.0692062,13.0265512,6.16593979E-06
15,14,12.4960709,13.0265512,10.0042381,6.16593979E-06
15,15,12.4960709,10.0042381,17.3079567,6.16593979E-06
15,16,12.4960709,17.3079567,19.2031898,6.16593979E-06
15,17,12.4960709,19.2031898,26.6956577,6.16593979E-06
15,18,12.4960709,26.6956577,18.6648293,6.16593979E-06
15,19,12.4960709,18.6648293,6.79352951,6.16593979E-06
15,20,12.4960709,6.79352951,12.4960709,6.16593979E-06
16,1,0.00000000,0.00000000,0.00000000,-7.89096113E-04
16,2,0.00000000,0.00000000,0.00000000,-7.89096113E-04
16,3,0.00000000,0.00000000,0.00000000,-7.89096113E-04
16,4,0.00000000,0.00000000,0.00000000,-7.89096113E-04
16,5,0.00000000,0.00000000,0.00000000,-7.89096113E-04
16,6,0.00000000,0.00000000,0.00000000,-7.89096113E-04
16,7,0.00000000,0.00000000,0.00000000,-7.89096113E-04
16,8,0.00000000,0.00000000,0.00000000,-7.89096113E-04
16,9,0.00000000,0.00000000,0.00000000,-7.89096113E-04
16,10,0.00000000,0.00000000,0.00000000,-7.89096113E-04
16,11,0.00000000,0.00000000,0.00000000,-7.89096113E-04
16,12,0.00000000,0.00000000,0.00000000,-7.89096113E-04
16,13,0.00000000,0.00000000,0.00000000,-7.89096113E-04
16,14,0.00000000,0.00000000,0.00000000,-7.89096113E-04
16,15,0.00000000,0.00000000,0.00000000,-7.89096113E-04
16,16,0.00000000,0.00000000,0.00000000,-7.89096113E-04
16,17,0.00000000,0.00000000,0.00000000,-7.89096113E-04
16,18,0.00000000,0.00000000,0.00000000,-7.89096113E-04
16,19,0.00000000,0.00000000,0.00000000,-7.89096113E-04
16,20,0.00000000,0.00000000,0.00000000,-7.89096113E-04
17,1,0.00000000,0.00000000,0.00000000,-3.43736392E-05
17,2,0.00000000,0.00000000,0.00000000,-3.43736392E-05
17,3,0.00000000,0.00000000,0.00000000,-3.43736392E-05
17,4,0.00000000,0.00000000,0.00000000,-3.43736392E-05
17,5,0.00000000,0.00000000,0.00000000,-3.43736392E-05
17,6,0.00000000,0.00000000,0.00000000,-3.43736392E-05
17,7,0.00000000,0.00000000,0.00000000,-3.43736392E-05
17,8,0.00000000,0.00000000,0.00000000,-3.43736392E-05
17,9,0.00000000,0.00000000,0.00000000,-3.43736392E-05
17,10,0.00000000,0.00000000,0.00000000,-3.43736392E-05
17,11,0.00000000,0.00000000,0.00000000,-3.43736392E-05
17,12,0.00000000,0.00000000,0.00000000,-3.43736392E-05
17,13,0.00000000,0.00000000,0.00000000,-3.43736392E-05
17,14,0.00000000,0.00000000,0.00000000,-3.43736392E-05
17,15,0.00000000,0.00000000,0.00000000,-3.43736392E-05
17,16,0.00000000,0.00000000,0.00000000,-3.43736392E-05
17,17,0.00000000,0.00000000,0.00000000,-3.43736392E-05
17,18,0.00000000,0.00000000,0.00000000,-3.43736392E-05
17,19,0.00000000,0.00000000,0.00000000,-3.43736392E-05
17,20,0.00000000,0.00000000,0.00000000,-3.43736392E-05
18,1,8.29221916,5.74736357,5.85291386,1.37870156E-05
18,2,8.29221916,5.85291386,5.98774862,1.37870156E-05
18,3,8.29221916,5.98774862,6.12253857,1.37870156E-05
18,4,8.29221916,6.12253857,6.26218748,1.37870156E-05
18,5,8.29221916,6.26218748,6.40782213,1.37870156E-05
18,6,8.29221916,6.40782213,6.55315733,1.37870156E-05
18,7,8.29221916,6.55315733,6.68994427,1.37870156E-05
18,8,8.29221916,6.68994427,6.81284666,1.37870156E-05
18,9,8.29221916,6.81284666,6.92136335,1.37870156E-05
18,10,8.29221916,6.92136335,7.01931620,1.37870156E-05
18,11,8.29221916,7.01931620,7.11303711,1.37870156E-05
18,12,8.29221916,7.11303711,7.20932007,1.37870156E-05
18,13,8.29221916,7.20932007,7.31381226,1.37870156E-05
18,14,8.29221916,7.31381226,7.43577623,1.37870156E-05
18,15,8.29221916,7.43577623,7.55197477,1.37870156E-05
18,16,8.29221916,7.55197477,7.67635012,1.37870156E-05
18,17,8.29221916,7.67635012,7.86931849,1.37870156E-05
18,18,8.29221916,7.86931849,8.05675125,1.37870156E-05
18,19,8.29221916,8.05675125,8.17784595,1.37870156E-05
18,20,8.29221916,8.17784595,8.29221916,1.37870156E-05
19,1,0.136360228,0.00000000,6.79913769E-03,2.13462229E-07
19,2,0.136360228,6.79913769E-03,1.35982735E-02,2.13462229E-07
19,3,0.136360228,1.35982735E-02,2.03974359E-02,2.13462229E-07
19,4,0.136360228,2.03974359E-02,2.71963254E-02,2.13462229E-07
19,5,0.136360228,2.71963254E-02,3.39972302E-02,2.13462229E-07
19,6,0.136360228,3.39972302E-02,4.07873280E-02,2.13462229E-07
19,7,0.136360228,4.07873280E-02,4.76200320E-02,2.13462229E-07
19,8,0.136360228,4.76200320E-02,5.43297753E-02,2.13462229E-07
19,9,0.136360228,5.43297753E-02,6.12901859E-02,2.13462229E-07
19,10,0.136360228,6.12901859E-02,6.79288581E-02,2.13462229E-07
19,11,0.136360228,6.79288581E-02,7.47081563E-02,2.13462229E-07
19,12,0.136360228,7.47081563E-02,8.17845538E-02,2.13462229E-07
19,13,0.136360228,8.17845538E-02,8.83476287E-02,2.13462229E-07
19,14,0.136360228,8.83476287E-02,9.49554220E-02,2.13462229E-07
19,15,0.136360228,9.49554220E-02,0.102095030,2.13462229E-07
19,16,0.136360228,0.102095030,0.109064557,2.13462229E-07
19,17,0.136360228,0.109064557,0.115496479,2.13462229E-07
19,18,0.136360228,0.115496479,0.122031339,2.13462229E-07
19,19,0.136360228,0.122031339,0.129132688,2.13462229E-07
19,20,0.136360228,0.129132688,0.136360228,2.13462229E-07
20,1,45.8378334,36.6064987,36.7434425,2.83537616E-07
20,2,45.8378334,36.7434425,37.7053871,2.83537616E-07
20,3,45.8378334,37.7053871,39.5165482,2.83537616E-07
20,4,45.8378334,39.5165482,42.0563965,2.83537616E-07
20,5,45.8378334,42.0563965,44.8612862,2.83537616E-07
20,6,45.8378334,44.8612862,47.4042854,2.83537616E-07
20,7,45.8378334,47.4042854,49.3117905,2.83537616E-07
20,8,45.8378334,49.3117905,50.4423676,2.83537616E-07
20,9,45.8378334,50.4423676,50.8452606,2.83537616E-07
20,10,45.8378334,50.8452606,50.6885033,2.83537616E-07
20,11,45.8378334,50.6885033,50.1804276,2.83537616E-07
20,12,45.8378334,50.1804276,49.5143890,2.83537616E-07
20,13,45.8378334,49.5143890,48.8389778,2.83537616E-07
20,14,45.8378334,48.8389778,48.2456627,2.83537616E-07
20,15,45.8378334,48.2456627,47.7729454,2.83537616E-07
20,16,45.8378334,47.7729454,47.4066429,2.83537616E-07
20,17,45.8378334,47.4066429,47.1008682,2.83537616E-07
20,18,45.8378334,47.1008682,46.7896271,2.83537616E-07
20,19,45.8378334,46.7896271,46.3940811,2.83537616E-07
20,20,45.8378334,46.3940811,45.8378334,2.83537616E-07
21,1,3.89885259,0.00000000,0.405105054,4.87920952E-05
21,2,3.89885259,0.405105054,0.689113021,4.87920952E-05
21,3,3.89885259,0.689113021,0.489986688,4.87920952E-05
21,4,3.89885259,0.489986688,0.298320144,4.87920952E-05
21,5,3.89885259,0.298320144,0.496149033,4.87920952E-05
21,6,3.89885259,0.496149033,1.13161480,4.87920952E-05
21,7,3.89885259,1.13161480,1.68171299,4.87920952E-05
21,8,3.89885259,1.68171299,2.15312195,4.87920952E-05
21,9,3.89885259,2.15312195,2.55369186,4.87920952E-05
21,10,3.89885259,2.55369186,2.90954971,4.87920952E-05
21,11,3.89885259,2.90954971,3.31342697,4.87920952E-05
21,12,3.89885259,3.31342697,3.68104315,4.87920952E-05
21,13,3.89885259,3.68104315,3.96314788,4.87920952E-05
21,14,3.89885259,3.96314788,4.13970804,4.87920952E-05
21,15,3.89885259,4.13970804,4.21314573,4.87920952E-05
21,16,3.89885259,4.21314573,4.20160103,4.87920952E-05
21,17,3.89885259,4.20160103,4.13276815,4.87920952E-05
21,18,3.89885259,4.13276815,4.03857136,4.87920952E-05
21,19,3.89885259,4.03857136,3.95099616,4.87920952E-05
21,20,3.89885259,3.95099616,3.89885259,4.87920952E-05
22,1,332.331207,8.29221916,23.9401283,6.84029597E-04
22,2,332.331207,23.9401283,40.1904449,6.84029597E-04
22,3,332.331207,40.1904449,59.0366745,6.84029597E-04
22,4,332.331207,59.0366745,75.9801941,6.84029597E-04
22,5,332.331207,75.9801941,88.3814392,6.84029597E-04
22,6,332.331207,88.3814392,100.576416,6.84029597E-04
22,7,332.331207,100.576416,117.336342,6.84029597E-04
22,8,332.331207,117.336342,133.651993,6.84029597E-04
22,9,332.331207,133.651993,154.011780,6.84029597E-04
22,10,332.331207,154.011780,175.335068,6.84029597E-04
22,11,332.331207,175.335068,194.334518,6.84029597E-04
22,12,332.331207,194.334518,209.945831,6.84029597E-04
22,13,332.331207,209.945831,222.620071,6.84029597E-04
22,14,332.331207,222.620071,232.107178,6.84029597E-04
22,15,332.331207,232.107178,242.914108,6.84029597E-04
22,16,332.331207,242.914108,257.342346,6.84029597E-04
22,17,332.331207,257.342346,275.005249,6.84029597E-04
22,18,332.331207,275.005249,294.274658,6.84029597E-04
22,19,332.331207,294.274658,313.637848,6.84029597E-04
22,20,332.331207,313.637848,332.331207,6.84029597E-04
23,1,0.00000000,0.136360228,0.00000000,-7.97410612E-05
23,2,0.00000000,0.00000000,0.00000000,-7.97410612E-05
23,3,0.00000000,0.00000000,0.00000000,-7.97410612E-05
23,4,0.00000000,0.00000000,0.00000000,-7.97410612E-05
23,5,0.00000000,0.00000000,0.00000000,-7.97410612E-05
23,6,0.00000000,0.00000000,0.00000000,-7.97410612E-05
23,7,0.00000000,0.00000000,0.00000000,-7.97410612E-05
23,8,0.00000000,0.00000000,0.00000000,-7.97410612E-05
23,9,0.00000000,0.00000000,0.00000000,-7.97410612E-05
23,10,0.00000000,0.00000000,0.00000000,-7.97410612E-05
23,11,0.00000000,0.00000000,0.00000000,-7.97410612E-05
23,12,0.00000000,0.00000000,0.00000000,-7.97410612E-05
23,13,0.00000000,0.00000000,0.00000000,-7.97410612E-05
23,14,0.00000000,0.00000000,0.00000000,-7.97410612E-05
23,15,0.00000000,0.00000000,0.00000000,-7.97410612E-05
23,16,0.00000000,0.00000000,0.00000000,-7.97410612E-05
23,17,0.00000000,0.00000000,0.00000000,-7.97410612E-05
23,18,0.00000000,0.00000000,0.00000000,-7.97410612E-05
23,19,0.00000000,0.00000000,0.00000000,-7.97410612E-05
23,20,0.00000000,0.00000000,0.00000000,-7.97410612E-05
24,1,2.92431259,3.89885259,3.09129572,-1.84620035E-07
24,2,2.92431259,3.09129572,5.76331329,-1.84620035E-07
24,3,2.92431259,5.76331329,4.16161394,-1.84620035E-07
24,4,2.92431259,4.16161394,4.93115425,-1.84620035E-07
24,5,2.92431259,4.93115425,6.75532913,-1.84620035E-07
24,6,2.92431259,6.75532913,5.61075354,-1.84620035E-07
24,7,2.92431259,5.61075354,4.48171043,-1.84620035E-07
24,8,2.92431259,4.48171043,4.11446857,-1.84620035E-07
24,9,2.92431259,4.11446857,3.04912853,-1.84620035E-07
24,10,2.92431259,3.04912853,2.90636444,-1.84620035E-07
24,11,2.92431259,2.90636444,5.01508474,-1.84620035E-07
24,12,2.92431259,5.01508474,6.48827410,-1.84620035E-07
24,13,2.92431259,6.48827410,6.37755775,-1.84620035E-07
24,14,2.92431259,6.37755775,5.96371555,-1.84620035E-07
24,15,2.92431259,5.96371555,5.68739605,-1.84620035E-07
24,16,2.92431259,5.68739605,4.55081177,-1.84620035E-07
24,17,2.92431259,4.55081177,3.43391323,-1.84620035E-07
24,18,2.92431259,3.43391323,2.20138264,-1.84620035E-07
24,19,2.92431259,2.20138264,2.23874760,-1.84620035E-07
24,20,2.92431259,2.23874760,2.92431259,-1.84620035E-07
25,1,359.077057,332.331207,332.812408,1.96493897E-06
25,2,359.077057,332.812408,334.588501,1.96493897E-06
25,3,359.077057,334.588501,335.804321,1.96493897E-06
25,4,359.077057,335.804321,329.474518,1.96493897E-06
25,5,359.077057,329.474518,343.696655,1.96493897E-06
25,6,359.077057,343.696655,342.682892,1.96493897E-06
25,7,359.077057,342.682892,331.182587,1.96493897E-06
25,8,359.077057,331.182587,313.539948,1.96493897E-06
25,9,359.077057,313.539948,325.494568,1.96493897E-06
25,10,359.077057,325.494568,359.735626,1.96493897E-06
25,11,359.077057,359.735626,365.228241,1.96493897E-06
25,12,359.077057,365.228241,334.084320,1.96493897E-06
25,13,359.077057,334.084320,333.102020,1.96493897E-06
25,14,359.077057,333.102020,300.777954,1.96493897E-06
25,15,359.077057,300.777954,291.651520,1.96493897E-06
25,16,359.077057,291.651520,332.714142,1.96493897E-06
25,17,359.077057,332.714142,353.127808,1.96493897E-06
25,18,359.077057,353.127808,403.291626,1.96493897E-06
25,19,359.077057,403.291626,425.248230,1.96493897E-06
25,20,359.077057,425.248230,359.077057,1.96493897E-06
26,1,184.715698,0.00000000,9.18009949,1.44179008E-04
26,2,184.715698,9.18009949,18.3601990,1.44179008E-04
26,3,184.715698,18.3601990,27.5403061,1.44179008E-04
26,4,184.715698,27.5403061,36.7202988,1.44179008E-04
26,5,184.715698,36.7202988,45.9012108,1.44179008E-04
26,6,184.715698,45.9012108,55.0769882,1.44179008E-04
26,7,184.715698,55.0769882,64.2738190,1.44179008E-04
26,8,184.715698,64.2738190,73.4068451,1.44179008E-04
26,9,184.715698,73.4068451,82.6812210,1.44179008E-04
26,10,184.715698,82.6812210,91.7301865,1.44179008E-04
26,11,184.715698,91.7301865,101.052818,1.44179008E-04
26,12,184.715698,101.052818,110.003578,1.44179008E-04
26,13,184.715698,110.003578,119.710503,1.44179008E-04
26,14,184.715698,119.710503,128.163483,1.44179008E-04
26,15,184.715698,128.163483,137.403961,1.44179008E-04
26,16,184.715698,137.403961,147.767273,1.44179008E-04
26,17,184.715698,147.767273,156.029724,1.44179008E-04
26,18,184.715698,156.029724,164.006134,1.44179008E-04
26,19,184.715698,164.006134,174.711060,1.44179008E-04
26,20,184.715698,174.711060,184.715698,1.44179008E-04
27,1,0.00000000,2.92431259,0.00000000,-4.02929989E-04
27,2,0.00000000,0.00000000,0.00000000,-4.02929989E-04
27,3,0.00000000,0.00000000,0.00000000,-4.02929989E-04
27,4,0.00000000,0.00000000,0.00000000,-4.02929989E-04
27,5,0.00000000,0.00000000,0.00000000,-4.02929989E-04
27,6,0.00000000,0.00000000,0.00000000,-4.02929989E-04
27,7,0.00000000,0.00000000,0.00000000,-4.02929989E-04
27,8,0.00000000,0.00000000,0.00000000,-4.02929989E-04
27,9,0.00000000,0.00000000,0.00000000,-4.02929989E-04
27,10,0.00000000,0.00000000,0.00000000,-4.02929989E-04
27,11,0.00000000,0.00000000,0.00000000,-4.02929989E-04
27,12,0.00000000,0.00000000,0.00000000,-4.02929989E-04
27,13,0.00000000,0.00000000,0.00000000,-4.02929989E-04
27,14,0.00000000,0.00000000,0.00000000,-4.02929989E-04
27,15,0.00000000,0.00000000,0.00000000,-4.02929989E-04
27,16,0.00000000,0.00000000,0.00000000,-4.02929989E-04
27,17,0.00000000,0.00000000,0.00000000,-4.02929989E-04
27,18,0.00000000,0.00000000,0.00000000,-4.02929989E-04
27,19,0.00000000,0.00000000,0.00000000,-4.02929989E-04
27,20,0.00000000,0.00000000,0.00000000,-4.02929989E-04
28,1,72.8566055,359.077057,277.298004,-1.44362202E-04
28,2,72.8566055,277.298004,338.323425,-1.44362202E-04
28,3,72.8566055,338.323425,247.030609,-1.44362202E-04
28,4,72.8566055,247.030609,342.779144,-1.44362202E-04
28,5,72.8566055,342.779144,266.539612,-1.44362202E-04
28,6,72.8566055,266.539612,249.199158,-1.44362202E-04
28,7,72.8566055,249.199158,291.658447,-1.44362202E-04
28,8,72.8566055,291.658447,257.652557,-1.44362202E-04
28,9,72.8566055,257.652557,219.389893,-1.44362202E-04
28,10,72.8566055,219.389893,213.558731,-1.44362202E-04
28,11,72.8566055,213.558731,212.822205,-1.44362202E-04
28,12,72.8566055,212.822205,194.880325,-1.44362202E-04
28,13,72.8566055,194.880325,190.620773,-1.44362202E-04
28,14,72.8566055,190.620773,168.291336,-1.44362202E-04
28,15,72.8566055,168.291336,198.622208,-1.44362202E-04
28,16,72.8566055,198.622208,213.451569,-1.44362202E-04
28,17,72.8566055,213.451569,187.480225,-1.44362202E-04
28,18,72.8566055,187.480225,140.769974,-1.44362202E-04
28,19,72.8566055,140.769974,95.8478851,-1.44362202E-04
28,20,72.8566055,95.8478851,72.8566055,-1.44362202E-04
29,1,184.659210,184.715958,185.087280,7.33173147E-06
29,2,184.659210,185.087280,185.187576,7.33173147E-06
29,3,184.659210,185.187576,184.996841,7.33173147E-06
29,4,184.659210,184.996841,184.923462,7.33173147E-06
29,5,184.659210,184.923462,184.835678,7.33173147E-06
29,6,184.659210,184.835678,184.710327,7.33173147E-06
29,7,184.659210,184.710327,184.376328,7.33173147E-06
29,8,184.659210,184.376328,183.892807,7.33173147E-06
29,9,184.659210,183.892807,183.428818,7.33173147E-06
29,10,184.659210,183.428818,183.066650,7.33173147E-06
29,11,184.659210,183.066650,182.859268,7.33173147E-06
29,12,184.659210,182.859268,182.742599,7.33173147E-06
29,13,184.659210,182.742599,182.846634,7.33173147E-06
29,14,184.659210,182.846634,183.141434,7.33173147E-06
29,15,184.659210,183.141434,183.484680,7.33173147E-06
29,16,184.659210,183.484680,183.776932,7.33173147E-06
29,17,184.659210,183.776932,184.043762,7.33173147E-06
29,18,184.659210,184.043762,184.195801,7.33173147E-06
29,19,184.659210,184.195801,184.417908,7.33173147E-06
29,20,184.659210,184.417908,184.659210,7.33173147E-06
30,1,6.48743391,0.00000000,0.326208353,9.95007758E-06
30,2,6.48743391,0.326208353,0.642961264,9.95007758E-06
30,3,6.48743391,0.642961264,0.990759134,9.95007758E-06
30,4,6.48743391,0.990759134,1.29544473,9.95007758E-06
30,5,6.48743391,1.29544473,1.60960162,9.95007758E-06
30,6,6.48743391,1.60960162,1.95079815,9.95007758E-06
30,7,6.48743391,1.95079815,2.29286003,9.95007758E-06
30,8,6.48743391,2.29286003,2.61485004,9.95007758E-06
30,9,6.48743391,2.61485004,2.92160702,9.95007758E-06
30,10,6.48743391,2.92160702,3.23156834,9.95007758E-06
30,11,6.48743391,3.23156834,3.55753183,9.95007758E-06
30,12,6.48743391,3.55753183,3.89812899,9.95007758E-06
30,13,6.48743391,3.89812899,4.24181604,9.95007758E-06
30,14,6.48743391,4.24181604,4.57636595,9.95007758E-06
30,15,6.48743391,4.57636595,4.89634609,9.95007758E-06
30,16,6.48743391,4.89634609,5.20501757,9.95007758E-06
30,17,6.48743391,5.20501757,5.51127386,9.95007758E-06
30,18,6.48743391,5.51127386,5.82445669,9.95007758E-06
30,19,6.48743391,5.82445669,6.14996624,9.95007758E-06
30,20,6.48743391,6.14996624,6.48743391,9.95007758E-06
31,1,232.800217,208.212891,209.447205,5.39968205E-05
31,2,232.800217,209.447205,210.150909,5.39968205E-05
31,3,232.800217,210.150909,215.686935,5.39968205E-05
31,4,232.800217,215.686935,206.963150,5.39968205E-05
31,5,232.800217,206.963150,221.171921,5.39968205E-05
31,6,232.800217,221.171921,221.328400,5.39968205E-05
31,7,232.800217,221.328400,208.497940,5.39968205E-05
31,8,232.800217,208.497940,218.543488,5.39968205E-05
31,9,232.800217,218.543488,234.975220,5.39968205E-05
31,10,232.800217,234.975220,223.151108,5.39968205E-05
31,11,232.800217,223.151108,217.032898,5.39968205E-05
31,12,232.800217,217.032898,222.056854,5.39968205E-05
31,13,232.800217,222.056854,224.985504,5.39968205E-05
31,14,232.800217,224.985504,232.349701,5.39968205E-05
31,15,232.800217,232.349701,234.028336,5.39968205E-05
31,16,232.800217,234.028336,228.296768,5.39968205E-05
31,17,232.800217,228.296768,222.044220,5.39968205E-05
31,18,232.800217,222.044220,221.251831,5.39968205E-05
31,19,232.800217,221.251831,226.165237,5.39968205E-05
31,20,232.800217,226.165237,232.800217,5.39968205E-05
32,1,12548.7217,79.5037231,60.9391708,-1.29605894E-06
32,2,12548.7217,60.9391708,43.3654861,-1.29605894E-06
32,3,12548.7217,43.3654861,28.4884415,-1.29605894E-06
32,4,12548.7217,28.4884415,17.9732437,-1.29605894E-06
32,5,12548.7217,17.9732437,12.2363043,-1.29605894E-06
32,6,12548.7217,12.2363043,10.4396801,-1.29605894E-06
32,7,12548.7217,10.4396801,11.9466639,-1.29605894E-06
32,8,12548.7217,11.9466639,18.2248096,-1.29605894E-06
32,9,12548.7217,18.2248096,34.8623276,-1.29605894E-06
32,10,12548.7217,34.8623276,74.3572006,-1.29605894E-06
32,11,12548.7217,74.3572006,160.220032,-1.29605894E-06
32,12,12548.7217,160.220032,331.875793,-1.29605894E-06
32,13,12548.7217,331.875793,648.520630,-1.29605894E-06
32,14,12548.7217,648.520630,1188.97571,-1.29605894E-06
32,15,12548.7217,1188.97571,2044.28796,-1.29605894E-06
32,16,12548.7217,2044.28796,3301.09961,-1.29605894E-06
32,17,12548.7217,3301.09961,5016.99561,-1.29605894E-06
32,18,12548.7217,5016.99561,7193.43652,-1.29605894E-06
32,19,12548.7217,7193.43652,9755.55762,-1.29605894E-06
32,20,12548.7217,9755.55762,12548.7217,-1.29605894E-06
33,1,219.581696,232.800217,234.181076,-8.35124592E-05
33,2,219.581696,234.181076,234.233398,-8.35124592E-05
33,3,219.581696,234.233398,232.882034,-8.35124592E-05
33,4,219.581696,232.882034,230.282715,-8.35124592E-05
33,5,219.581696,230.282715,226.790695,-8.35124592E-05
33,6,219.581696,226.790695,222.879562,-8.35124592E-05
33,7,219.581696,222.879562,219.049240,-8.35124592E-05
33,8,219.581696,219.049240,215.743042,-8.35124592E-05
33,9,219.581696,215.743042,213.288696,-8.35124592E-05
33,10,219.581696,213.288696,211.865814,-8.35124592E-05
33,11,219.581696,211.865814,211.499649,-8.35124592E-05
33,12,219.581696,211.499649,212.076309,-8.35124592E-05
33,13,219.581696,212.076309,213.374619,-8.35124592E-05
33,14,219.581696,213.374619,215.105850,-8.35124592E-05
33,15,219.581696,215.105850,216.956177,-8.35124592E-05
33,16,219.581696,216.956177,218.626511,-8.35124592E-05
33,17,219.581696,218.626511,219.864838,-8.35124592E-05
33,18,219.581696,219.864838,220.489182,-8.35124592E-05
33,19,219.581696,220.489182,220.399628,-8.35124592E-05
33,20,219.581696,220.399628,219.581696,-8.35124592E-05
34,1,21862.2207,12548.7217,13135.1865,-2.03478953E-06
34,2,21862.2207,13135.1865,13720.7637,-2.03478953E-06
34,3,21862.2207,13720.7637,14303.2520,-2.03478953E-06
34,4,21862.2207,14303.2520,14880.4365,-2.03478953E-06
34,5,21862.2207,14880.4365,15450.1162,-2.03478953E-06
34,6,21862.2207,15450.1162,16010.1162,-2.03478953E-06
34,7,21862.2207,16010.1162,16558.3164,-2.03478953E-06
34,8,21862.2207,16558.3164,17092.6660,-2.03478953E-06
34,9,21862.2207,17092.6660,17611.2207,-2.03478953E-06
34,10,21862.2207,17611.2207,18112.1426,-2.03478953E-06
34,11,21862.2207,18112.1426,18593.7344,-2.03478953E-06
34,12,21862.2207,18593.7344,19054.4473,-2.03478953E-06
34,13,21862.2207,19054.4473,19492.8984,-2.03478953E-06
34,14,21862.2207,19492.8984,19907.8809,-2.03478953E-06
34,15,21862.2207,19907.8809,20298.3809,-2.03478953E-06
34,16,21862.2207,20298.3809,20663.5840,-2.03478953E-06
34,17,21862.2207,20663.5840,21002.8711,-2.03478953E-06
34,18,21862.2207,21002.8711,21315.8398,-2.03478953E-06
34,19,21862.2207,21315.8398,21602.2871,-2.03478953E-06
34,20,21862.2207,21602.2871,21862.2207,-2.03478953E-06
35,1,21938.2559,21862.2207,21857.4043,-2.57337722E-03
35,2,21938.2559,21857.4043,21852.3633,-2.57337722E-03
35,3,21938.2559,21852.3633,21848.7734,-2.57337722E-03
35,4,21938.2559,21848.7734,21837.2559,-2.57337722E-03
35,5,21938.2559,21837.2559,21852.6875,-2.57337722E-03
35,6,21938.2559,21852.6875,21829.0508,-2.57337722E-03
35,7,21938.2559,21829.0508,21761.4141,-2.57337722E-03
35,8,21938.2559,21761.4141,21960.1387,-2.57337722E-03
35,9,21938.2559,21960.1387,21799.1934,-2.57337722E-03
35,10,21938.2559,21799.1934,21644.6543,-2.57337722E-03
35,11,21938.2559,21644.6543,21825.1523,-2.57337722E-03
35,12,21938.2559,21825.1523,22009.1387,-2.57337722E-03
35,13,21938.2559,22009.1387,21863.6172,-2.57337722E-03
35,14,21938.2559,21863.6172,21607.3613,-2.57337722E-03
35,15,21938.2559,21607.3613,21738.3672,-2.57337722E-03
35,16,21938.2559,21738.3672,21751.0117,-2.57337722E-03
35,17,21938.2559,21751.0117,21743.1191,-2.57337722E-03
35,18,21938.2559,21743.1191,21867.8672,-2.57337722E-03
35,19,21938.2559,21867.8672,21994.7578,-2.57337722E-03
35,20,21938.2559,21994.7578,21938.2559,-2.57337722E-03
36,1,55845.0156,22011.1133,22388.2168,-2.24899213E-05
36,2,55845.0156,22388.2168,22748.4082,-2.24899213E-05
36,3,55845.0156,22748.4082,23090.3906,-2.24899213E-05
36,4,55845.0156,23090.3906,23414.2637,-2.24899213E-05
36,5,55845.0156,23414.2637,23721.5879,-2.24899213E-05
36,6,55845.0156,23721.5879,24018.2715,-2.24899213E-05
36,7,55845.0156,24018.2715,24317.9082,-2.24899213E-05
36,8,55845.0156,24317.9082,24644.5332,-2.24899213E-05
36,9,55845.0156,24644.5332,25034.4766,-2.24899213E-05
36,10,55845.0156,25034.4766,25537.3574,-2.24899213E-05
36,11,55845.0156,25537.3574,26216.2793,-2.24899213E-05
36,12,55845.0156,26216.2793,27147.4043,-2.24899213E-05
36,13,55845.0156,27147.4043,28418.8848,-2.24899213E-05
36,14,55845.0156,28418.8848,30129.3008,-2.24899213E-05
36,15,55845.0156,30129.3008,32385.5684,-2.24899213E-05
36,16,55845.0156,32385.5684,35300.4609,-2.24899213E-05
36,17,55845.0156,35300.4609,38989.7773,-2.24899213E-05
36,18,55845.0156,38989.7773,43569.3516,-2.24899213E-05
36,19,55845.0156,43569.3516,49152.0703,-2.24899213E-05
36,20,55845.0156,49152.0703,55845.0156,-2.24899213E-05
37,1,777826.688,55845.0156,67249.0156,-1.97389905E-04
37,2,777826.688,67249.0156,81365.6406,-1.97389905E-04
37,3,777826.688,81365.6406,98428.0234,-1.97389905E-04
37,4,777826.688,98428.0234,118611.945,-1.97389905E-04
37,5,777826.688,118611.945,142031.859,-1.97389905E-04
37,6,777826.688,142031.859,168740.844,-1.97389905E-04
37,7,777826.688,168740.844,198732.938,-1.97389905E-04
37,8,777826.688,198732.938,231946.312,-1.97389905E-04
37,9,777826.688,231946.312,268265.031,-1.97389905E-04
37,10,777826.688,268265.031,307518.875,-1.97389905E-04
37,11,777826.688,307518.875,349480.250,-1.97389905E-04
37,12,777826.688,349480.250,393859.375,-1.97389905E-04
37,13,777826.688,393859.375,440297.938,-1.97389905E-04
37,14,777826.688,440297.938,488364.281,-1.97389905E-04
37,15,777826.688,488364.281,537550.500,-1.97389905E-04
37,16,777826.688,537550.500,587274.312,-1.97389905E-04
37,17,777826.688,587274.312,636885.438,-1.97389905E-04
37,18,777826.688,636885.438,685678.500,-1.97389905E-04
37,19,777826.688,685678.500,732911.000,-1.97389905E-04
37,20,777826.688,732911.000,777826.688,-1.97389905E-04
38,1,286836.469,777826.688,850264.688,-3.54350632E-05
38,2,286836.469,850264.688,910387.188,-3.54350632E-05
38,3,286836.469,910387.188,955044.688,-3.54350632E-05
38,4,286836.469,955044.688,982077.938,-3.54350632E-05
38,5,286836.469,982077.938,990583.562,-3.54350632E-05
38,6,286836.469,990583.562,981033.625,-3.54350632E-05
38,7,286836.469,981033.625,955194.125,-3.54350632E-05
38,8,286836.469,955194.125,915845.812,-3.54350632E-05
38,9,286836.469,915845.812,866364.125,-3.54350632E-05
38,10,286836.469,866364.125,810253.000,-3.54350632E-05
38,11,286836.469,810253.000,750721.062,-3.54350632E-05
38,12,286836.469,750721.062,690373.562,-3.54350632E-05
38,13,286836.469,690373.562,631058.812,-3.54350632E-05
38,14,286836.469,631058.812,573876.125,-3.54350632E-05
38,15,286836.469,573876.125,519313.125,-3.54350632E-05
38,16,286836.469,519313.125,467463.062,-3.54350632E-05
38,17,286836.469,467463.062,418256.250,-3.54350632E-05
38,18,286836.469,418256.250,371652.312,-3.54350632E-05
38,19,286836.469,371652.312,327754.562,-3.54350632E-05
38,20,286836.469,327754.562,286836.469,-3.54350632E-05
39,1,71718.4844,286836.469,257748.000,-4.07564542E-08
39,2,71718.4844,257748.000,230859.219,-4.07564542E-08
39,3,71718.4844,230859.219,206323.109,-4.07564542E-08
39,4,71718.4844,206323.109,184248.203,-4.07564542E-08
39,5,71718.4844,184248.203,164687.500,-4.07564542E-08
39,6,71718.4844,164687.500,147627.938,-4.07564542E-08
39,7,71718.4844,147627.938,132984.859,-4.07564542E-08
39,8,71718.4844,132984.859,120606.453,-4.07564542E-08
39,9,71718.4844,120606.453,110287.680,-4.07564542E-08
39,10,71718.4844,110287.680,101790.031,-4.07564542E-08
39,11,71718.4844,101790.031,94863.0469,-4.07564542E-08
39,12,71718.4844,94863.0469,89262.9062,-4.07564542E-08
39,13,71718.4844,89262.9062,84766.6094,-4.07564542E-08
39,14,71718.4844,84766.6094,81180.6016,-4.07564542E-08
39,15,71718.4844,81180.6016,78344.1094,-4.07564542E-08
39,16,71718.4844,78344.1094,76128.1016,-4.07564542E-08
39,17,71718.4844,76128.1016,74431.0469,-4.07564542E-08
39,18,71718.4844,74431.0469,73172.7812,-4.07564542E-08
39,19,71718.4844,73172.7812,72287.7656,-4.07564542E-08
39,20,71718.4844,72287.7656,71718.4844,-4.07564542E-08
40,1,79786.0234,71718.4844,72191.4375,7.74389803E-02
40,2,79786.0234,72191.4375,72680.7188,7.74389803E-02
40,3,79786.0234,72680.7188,73182.8984,7.74389803E-02
40,4,79786.0234,73182.8984,73693.7188,7.74389803E-02
40,5,79786.0234,73693.7188,74208.3047,7.74389803E-02
40,6,79786.0234,74208.3047,74721.4141,7.74389803E-02
40,7,79786.0234,74721.4141,75227.7344,7.74389803E-02
40,8,79786.0234,75227.7344,75722.1641,7.74389803E-02
40,9,79786.0234,75722.1641,76200.0859,7.74389803E-02
40,10,79786.0234,76200.0859,76657.5547,7.74389803E-02
40,11,79786.0234,76657.5547,77091.3906,7.74389803E-02
40,12,79786.0234,77091.3906,77499.2578,7.74389803E-02
40,13,79786.0234,77499.2578,77879.6562,7.74389803E-02
40,14,79786.0234,77879.6562,78231.8516,7.74389803E-02
40,15,79786.0234,78231.8516,78555.7891,7.74389803E-02
40,16,79786.0234,78555.7891,78852.0391,7.74389803E-02
40,17,79786.0234,78852.0391,79121.6094,7.74389803E-02
40,18,79786.0234,79121.6094,79365.9375,7.74389803E-02
40,19,79786.0234,79365.9375,79586.7500,7.74389803E-02
40,20,79786.0234,79586.7500,79786.0234,7.74389803E-02
41,1,77722.6016,79786.0234,79406.6250,-4.51296302E-07
41,2,77722.6016,79406.6250,79014.3906,-4.51296302E-07
41,3,77722.6016,79014.3906,78613.6172,-4.51296302E-07
41,4,77722.6016,78613.6172,78209.5156,-4.51296302E-07
41,5,77722.6016,78209.5156,77808.0938,-4.51296302E-07
41,6,77722.6016,77808.0938,77416.0781,-4.51296302E-07
41,7,77722.6016,77416.0781,77040.7656,-4.51296302E-07
41,8,77722.6016,77040.7656,76689.9062,-4.51296302E-07
41,9,77722.6016,76689.9062,76371.6328,-4.51296302E-07
41,10,77722.6016,76371.6328,76094.4219,-4.51296302E-07
41,11,77722.6016,76094.4219,75867.0625,-4.51296302E-07
41,12,77722.6016,75867.0625,75698.6953,-4.51296302E-07
41,13,77722.6016,75698.6953,75598.8359,-4.51296302E-07
41,14,77722.6016,75598.8359,75577.4531,-4.51296302E-07
41,15,77722.6016,75577.4531,75645.0156,-4.51296302E-07
41,16,77722.6016,75645.0156,75812.5547,-4.51296302E-07
41,17,77722.6016,75812.5547,76091.6797,-4.51296302E-07
41,18,77722.6016,76091.6797,76494.5625,-4.51296302E-07
41,19,77722.6016,76494.5625,77033.8438,-4.51296302E-07
41,20,77722.6016,77033.8438,77722.6016,-4.51296302E-07
42,1,98752.3438,77722.6016,78175.2656,8.12523009E-04
42,2,98752.3438,78175.2656,78679.4844,8.12523009E-04
42,3,98752.3438,78679.4844,79237.4766,8.12523009E-04
42,4,98752.3438,79237.4766,79851.4375,8.12523009E-04
42,5,98752.3438,79851.4375,80523.5312,8.12523009E-04
42,6,98752.3438,80523.5312,81255.8594,8.12523009E-04
42,7,98752.3438,81255.8594,82050.4609,8.12523009E-04
42,8,98752.3438,82050.4609,82909.3047,8.12523009E-04
42,9,98752.3438,82909.3047,83834.2422,8.12523009E-04
42,10,98752.3438,83834.2422,84827.0156,8.12523009E-04
42,11,98752.3438,84827.0156,85889.2344,8.12523009E-04
42,12,98752.3438,85889.2344,87022.3750,8.12523009E-04
42,13,98752.3438,87022.3750,88227.7188,8.12523009E-04
42,14,98752.3438,88227.7188,89506.3828,8.12523009E-04
42,15,98752.3438,89506.3828,90859.2344,8.12523009E-04
42,16,98752.3438,90859.2344,92287.0078,8.12523009E-04
42,17,98752.3438,92287.0078,93790.1250,8.12523009E-04
42,18,98752.3438,93790.1250,95368.8125,8.12523009E-04
42,19,98752.3438,95368.8125,97022.9844,8.12523009E-04
42,20,98752.3438,97022.9844,98752.3438,8.12523009E-04
43,1,146546.812,98752.3438,111266.516,9.45417582E-07
43,2,146546.812,111266.516,125621.867,9.45417582E-07
43,3,146546.812,125621.867,140872.781,9.45417582E-07
43,4,146546.812,140872.781,155910.750,9.45417582E-07
43,5,146546.812,155910.750,169625.453,9.45417582E-07
43,6,146546.812,169625.453,181059.234,9.45417582E-07
43,7,146546.812,181059.234,189526.797,9.45417582E-07
43,8,146546.812,189526.797,194682.203,9.45417582E-07
43,9,146546.812,194682.203,196529.109,9.45417582E-07
43,10,146546.812,196529.109,195380.250,9.45417582E-07
43,11,146546.812,195380.250,191781.188,9.45417582E-07
43,12,146546.812,191781.188,186415.219,9.45417582E-07
43,13,146546.812,186415.219,180006.891,9.45417582E-07
43,14,146546.812,180006.891,173237.281,9.45417582E-07
43,15,146546.812,173237.281,166680.109,9.45417582E-07
43,16,146546.812,166680.109,160762.141,9.45417582E-07
43,17,146546.812,160762.141,155747.781,9.45417582E-07
43,18,146546.812,155747.781,151744.156,9.45417582E-07
43,19,146546.812,151744.156,148722.031,9.45417582E-07
43,20,146546.812,148722.031,146546.812,9.45417582E-07
44,1,142429.391,146546.812,146187.141,3.82266217E-03
44,2,142429.391,146187.141,145857.000,3.82266217E-03
44,3,142429.391,145857.000,145554.391,3.82266217E-03
44,4,142429.391,145554.391,145277.141,3.82266217E-03
44,5,142429.391,145277.141,145023.078,3.82266217E-03
44,6,142429.391,145023.078,144789.891,3.82266217E-03
44,7,142429.391,144789.891,144575.297,3.82266217E-03
44,8,142429.391,144575.297,144376.922,3.82266217E-03
44,9,142429.391,144376.922,144192.422,3.82266217E-03
44,10,142429.391,144192.422,144019.453,3.82266217E-03
44,11,142429.391,144019.453,143855.641,3.82266217E-03
44,12,142429.391,143855.641,143698.688,3.82266217E-03
44,13,142429.391,143698.688,143546.297,3.82266217E-03
44,14,142429.391,143546.297,143396.219,3.82266217E-03
44,15,142429.391,143396.219,143246.344,3.82266217E-03
44,16,142429.391,143246.344,143094.547,3.82266217E-03
44,17,142429.391,143094.547,142938.812,3.82266217E-03
44,18,142429.391,142938.812,142777.266,3.82266217E-03
44,19,142429.391,142777.266,142608.031,3.82266217E-03
44,20,142429.391,142608.031,142429.391,3.82266217E-03
45,1,118255.031,142429.391,141866.578,-1.54509610E-06
45,2,118255.031,141866.578,141214.062,-1.54509610E-06
45,3,118255.031,141214.062,140457.578,-1.54509610E-06
45,4,118255.031,140457.578,139587.859,-1.54509610E-06
45,5,118255.031,139587.859,138600.672,-1.54509610E-06
45,6,118255.031,138600.672,137496.531,-1.54509610E-06
45,7,118255.031,137496.531,136280.562,-1.54509610E-06
45,8,118255.031,136280.562,134962.047,-1.54509610E-06
45,9,118255.031,134962.047,133554.172,-1.54509610E-06
45,10,118255.031,133554.172,132073.531,-1.54509610E-06
45,11,118255.031,132073.531,130539.664,-1.54509610E-06
45,12,118255.031,130539.664,128974.516,-1.54509610E-06
45,13,118255.031,128974.516,127401.766,-1.54509610E-06
45,14,118255.031,127401.766,125846.281,-1.54509610E-06
45,15,118255.031,125846.281,124333.430,-1.54509610E-06
45,16,118255.031,124333.430,122888.461,-1.54509610E-06
45,17,118255.031,122888.461,121535.914,-1.54509610E-06
45,18,118255.031,121535.914,120298.961,-1.54509610E-06
45,19,118255.031,120298.961,119198.992,-1.54509610E-06
45,20,118255.031,119198.992,118255.031,-1.54509610E-06
46,1,116283.531,118255.031,118004.914,-2.15981473E-07
46,2,116283.531,118004.914,117770.719,-2.15981473E-07
46,3,116283.531,117770.719,117552.594,-2.15981473E-07
46,4,116283.531,117552.594,117350.664,-2.15981473E-07
46,5,116283.531,117350.664,117164.984,-2.15981473E-07
46,6,116283.531,117164.984,116995.570,-2.15981473E-07
46,7,116283.531,116995.570,116842.438,-2.15981473E-07
46,8,116283.531,116842.438,116705.508,-2.15981473E-07
46,9,116283.531,116705.508,116584.719,-2.15981473E-07
46,10,116283.531,116584.719,116479.992,-2.15981473E-07
46,11,116283.531,116479.992,116391.180,-2.15981473E-07
46,12,116283.531,116391.180,116318.180,-2.15981473E-07
46,13,116283.531,116318.180,116260.828,-2.15981473E-07
46,14,116283.531,116260.828,116218.969,-2.15981473E-07
46,15,116283.531,116218.969,116192.430,-2.15981473E-07
46,16,116283.531,116192.430,116181.047,-2.15981473E-07
46,17,116283.531,116181.047,116184.648,-2.15981473E-07
46,18,116283.531,116184.648,116203.055,-2.15981473E-07
46,19,116283.531,116203.055,116236.070,-2.15981473E-07
46,20,116283.531,116236.070,116283.531,-2.15981473E-07
47,1,116349.156,116329.367,116325.820,-7.78210142E-06
47,2,116349.156,116325.820,116321.867,-7.78210142E-06
47,3,116349.156,116321.867,116321.305,-7.78210142E-06
47,4,116349.156,116321.305,116328.398,-7.78210142E-06
47,5,116349.156,116328.398,116322.695,-7.78210142E-06
47,6,116349.156,116322.695,116320.484,-7.78210142E-06
47,7,116349.156,116320.484,116302.516,-7.78210142E-06
47,8,116349.156,116302.516,116292.812,-7.78210142E-06
47,9,116349.156,116292.812,116287.023,-7.78210142E-06
47,10,116349.156,116287.023,116298.836,-7.78210142E-06
47,11,116349.156,116298.836,116315.281,-7.78210142E-06
47,12,116349.156,116315.281,116323.414,-7.78210142E-06
47,13,116349.156,116323.414,116324.039,-7.78210142E-06
47,14,116349.156,116324.039,116342.617,-7.78210142E-06
47,15,116349.156,116342.617,116363.695,-7.78210142E-06
47,16,116349.156,116363.695,116375.430,-7.78210142E-06
47,17,116349.156,116375.430,116357.258,-7.78210142E-06
47,18,116349.156,116357.258,116347.695,-7.78210142E-06
47,19,116349.156,116347.695,116332.062,-7.78210142E-06
47,20,116349.156,116332.062,116349.156,-7.78210142E-06
48,1,116256.266,116349.156,116352.188,-2.64485512E-04
48,2,116256.266,116352.188,116339.891,-2.64485512E-04
48,3,116256.266,116339.891,116302.539,-2.64485512E-04
48,4,116256.266,116302.539,116260.727,-2.64485512E-04
48,5,116256.266,116260.727,116252.359,-2.64485512E-04
48,6,116256.266,116252.359,116286.203,-2.64485512E-04
48,7,116256.266,116286.203,116289.102,-2.64485512E-04
48,8,116256.266,116289.102,116287.156,-2.64485512E-04
48,9,116256.266,116287.156,116274.648,-2.64485512E-04
48,10,116256.266,116274.648,116270.898,-2.64485512E-04
48,11,116256.266,116270.898,116240.508,-2.64485512E-04
48,12,116256.266,116240.508,116257.961,-2.64485512E-04
48,13,116256.266,116257.961,116299.617,-2.64485512E-04
48,14,116256.266,116299.617,116270.133,-2.64485512E-04
48,15,116256.266,116270.133,116260.117,-2.64485512E-04
48,16,116256.266,116260.117,116276.016,-2.64485512E-04
48,17,116256.266,116276.016,116243.961,-2.64485512E-04
48,18,116256.266,116243.961,116266.203,-2.64485512E-04
48,19,116256.266,116266.203,116297.867,-2.64485512E-04
48,20,116256.266,116297.867,116256.266,-2.64485512E-04
49,1,115881.742,116256.266,116223.531,2.22206424E-07
49,2,115881.742,116223.531,116184.477,2.22206424E-07
49,3,115881.742,116184.477,116317.359,2.22206424E-07
49,4,115881.742,116317.359,115819.062,2.22206424E-07
49,5,115881.742,115819.062,116960.539,2.22206424E-07
49,6,115881.742,116960.539,115820.273,2.22206424E-07
49,7,115881.742,115820.273,115888.312,2.22206424E-07
49,8,115881.742,115888.312,116436.000,2.22206424E-07
49,9,115881.742,116436.000,116592.773,2.22206424E-07
49,10,115881.742,116592.773,115951.062,2.22206424E-07
49,11,115881.742,115951.062,115029.406,2.22206424E-07
49,12,115881.742,115029.406,116932.492,2.22206424E-07
49,13,115881.742,116932.492,117098.570,2.22206424E-07
49,14,115881.742,117098.570,116458.578,2.22206424E-07
49,15,115881.742,116458.578,115445.180,2.22206424E-07
49,16,115881.742,115445.180,114765.602,2.22206424E-07
49,17,115881.742,114765.602,118238.867,2.22206424E-07
49,18,115881.742,118238.867,116370.727,2.22206424E-07
49,19,115881.742,116370.727,115250.898,2.22206424E-07
49,20,115881.742,115250.898,115881.742,2.22206424E-07
50,1,121712.797,116101.320,117090.578,2.21265685E-02
50,2,121712.797,117090.578,117270.930,2.21265685E-02
50,3,121712.797,117270.930,117311.031,2.21265685E-02
50,4,121712.797,117311.031,118585.273,2.21265685E-02
50,5,121712.797,118585.273,117698.469,2.21265685E-02
50,6,121712.797,117698.469,117623.141,2.21265685E-02
50,7,121712.797,117623.141,118860.336,2.21265685E-02
50,8,121712.797,118860.336,119668.141,2.21265685E-02
50,9,121712.797,119668.141,119888.461,2.21265685E-02
50,10,121712.797,119888.461,119992.125,2.21265685E-02
50,11,121712.797,119992.125,121109.445,2.21265685E-02
50,12,121712.797,121109.445,121729.516,2.21265685E-02
50,13,121712.797,121729.516,120465.609,2.21265685E-02
50,14,121712.797,120465.609,119260.320,2.21265685E-02
50,15,121712.797,119260.320,120242.094,2.21265685E-02
50,16,121712.797,120242.094,123436.273,2.21265685E-02
50,17,121712.797,123436.273,125351.305,2.21265685E-02
50,18,121712.797,125351.305,124989.750,2.21265685E-02
50,19,121712.797,124989.750,122111.703,2.21265685E-02
50,20,121712.797,122111.703,121712.797,2.21265685E-02
51,1,123025.703,121712.797,121307.133,-6.89937006E-05
51,2,123025.703,121307.133,123744.516,-6.89937006E-05
51,3,123025.703,123744.516,124436.922,-6.89937006E-05
51,4,123025.703,124436.922,124018.867,-6.89937006E-05
51,5,123025.703,124018.867,124646.734,-6.89937006E-05
51,6,123025.703,124646.734,124927.953,-6.89937006E-05
51,7,123025.703,124927.953,123352.859,-6.89937006E-05
51,8,123025.703,123352.859,123070.109,-6.89937006E-05
51,9,123025.703,123070.109,122149.500,-6.89937006E-05
51,10,123025.703,122149.500,120904.242,-6.89937006E-05
51,11,123025.703,120904.242,122187.672,-6.89937006E-05
51,12,123025.703,122187.672,124672.688,-6.89937006E-05
51,13,123025.703,124672.688,125239.203,-6.89937006E-05
51,14,123025.703,125239.203,125204.578,-6.89937006E-05
51,15,123025.703,125204.578,125337.867,-6.89937006E-05
51,16,123025.703,125337.867,124129.969,-6.89937006E-05
51,17,123025.703,124129.969,121542.516,-6.89937006E-05
51,18,123025.703,121542.516,120171.805,-6.89937006E-05
51,19,123025.703,120171.805,121145.914,-6.89937006E-05
51,20,123025.703,121145.914,123025.703,-6.89937006E-05
52,1,124095.664,123675.078,125295.703,-7.66247918E-04
52,2,124095.664,125295.703,125916.188,-7.66247918E-04
52,3,124095.664,125916.188,125814.438,-7.66247918E-04
52,4,124095.664,125814.438,124677.680,-7.66247918E-04
52,5,124095.664,124677.680,123428.258,-7.66247918E-04
52,6,124095.664,123428.258,122989.523,-7.66247918E-04
52,7,124095.664,122989.523,122891.453,-7.66247918E-04
52,8,124095.664,122891.453,122277.344,-7.66247918E-04
52,9,124095.664,122277.344,122071.211,-7.66247918E-04
52,10,124095.664,122071.211,123413.945,-7.66247918E-04
52,11,124095.664,123413.945,125385.672,-7.66247918E-04
52,12,124095.664,125385.672,126393.625,-7.66247918E-04
52,13,124095.664,126393.625,126082.922,-7.66247918E-04
52,14,124095.664,126082.922,125091.406,-7.66247918E-04
52,15,124095.664,125091.406,123857.102,-7.66247918E-04
52,16,124095.664,123857.102,122365.898,-7.66247918E-04
52,17,124095.664,122365.898,121395.719,-7.66247918E-04
52,18,124095.664,121395.719,121905.195,-7.66247918E-04
52,19,124095.664,121905.195,123061.125,-7.66247918E-04
52,20,124095.664,123061.125,124095.664,-7.66247918E-04
53,1,127836.000,124095.664,124109.023,3.13798115E-02
53,2,127836.000,124109.023,124344.289,3.13798115E-02
53,3,127836.000,124344.289,124598.078,3.13798115E-02
53,4,127836.000,124598.078,124886.305,3.13798115E-02
53,5,127836.000,124886.305,125088.734,3.13798115E-02
53,6,127836.000,125088.734,125162.797,3.13798115E-02
53,7,127836.000,125162.797,125172.867,3.13798115E-02
53,8,127836.000,125172.867,125208.234,3.13798115E-02
53,9,127836.000,125208.234,125324.711,3.13798115E-02
53,10,127836.000,125324.711,125527.094,3.13798115E-02
53,11,127836.000,125527.094,125792.805,3.13798115E-02
53,12,127836.000,125792.805,126087.406,3.13798115E-02
53,13,127836.000,126087.406,126380.547,3.13798115E-02
53,14,127836.000,126380.547,126660.227,3.13798115E-02
53,15,127836.000,126660.227,126917.484,3.13798115E-02
53,16,127836.000,126917.484,127149.438,3.13798115E-02
53,17,127836.000,127149.438,127353.164,3.13798115E-02
53,18,127836.000,127353.164,127531.758,3.13798115E-02
53,19,127836.000,127531.758,127691.336,3.13798115E-02
53,20,127836.000,127691.336,127836.000,3.13798115E-02
54,1,121930.219,127836.000,128016.430,-2.86616362E-03
54,2,121930.219,128016.430,128268.750,-2.86616362E-03
54,3,121930.219,128268.750,128458.586,-2.86616362E-03
54,4,121930.219,128458.586,128405.711,-2.86616362E-03
54,5,121930.219,128405.711,128081.859,-2.86616362E-03
54,6,121930.219,128081.859,127625.008,-2.86616362E-03
54,7,121930.219,127625.008,127151.859,-2.86616362E-03
54,8,121930.219,127151.859,126489.430,-2.86616362E-03
54,9,121930.219,126489.430,125585.742,-2.86616362E-03
54,10,121930.219,125585.742,124295.117,-2.86616362E-03
54,11,121930.219,124295.117,124309.047,-2.86616362E-03
54,12,121930.219,124309.047,123290.391,-2.86616362E-03
54,13,121930.219,123290.391,124100.320,-2.86616362E-03
54,14,121930.219,124100.320,124466.492,-2.86616362E-03
54,15,121930.219,124466.492,124228.492,-2.86616362E-03
54,16,121930.219,124228.492,124402.086,-2.86616362E-03
54,17,121930.219,124402.086,124378.820,-2.86616362E-03
54,18,121930.219,124378.820,123500.961,-2.86616362E-03
54,19,121930.219,123500.961,122419.609,-2.86616362E-03
54,20,121930.219,122419.609,121930.219,-2.86616362E-03
55,1,127415.078,121930.219,122033.055,-6.50258735E-03
55,2,127415.078,122033.055,122145.953,-6.50258735E-03
55,3,127415.078,122145.953,121964.977,-6.50258735E-03
55,4,127415.078,121964.977,121691.070,-6.50258735E-03
55,5,127415.078,121691.070,121679.055,-6.50258735E-03
55,6,127415.078,121679.055,122425.977,-6.50258735E-03
55,7,127415.078,122425.977,123086.125,-6.50258735E-03
55,8,127415.078,123086.125,124547.836,-6.50258735E-03
55,9,127415.078,124547.836,124697.188,-6.50258735E-03
55,10,127415.078,124697.188,125259.617,-6.50258735E-03
55,11,127415.078,125259.617,125903.938,-6.50258735E-03
55,12,127415.078,125903.938,126007.062,-6.50258735E-03
55,13,127415.078,126007.062,126258.664,-6.50258735E-03
55,14,127415.078,126258.664,126982.789,-6.50258735E-03
55,15,127415.078,126982.789,127486.172,-6.50258735E-03
55,16,127415.078,127486.172,127247.102,-6.50258735E-03
55,17,127415.078,127247.102,126662.062,-6.50258735E-03
55,18,127415.078,126662.062,126456.695,-6.50258735E-03
55,19,127415.078,126456.695,126844.438,-6.50258735E-03
55,20,127415.078,126844.438,127415.078,-6.50258735E-03
56,1,121873.391,127415.078,127678.570,9.16666831E-05
56,2,121873.391,127678.570,127039.023,9.16666831E-05
56,3,121873.391,127039.023,125761.641,9.16666831E-05
56,4,121873.391,125761.641,124085.008,9.16666831E-05
56,5,121873.391,124085.008,122214.148,9.16666831E-05
56,6,121873.391,122214.148,120261.562,9.16666831E-05
56,7,121873.391,120261.562,119803.328,9.16666831E-05
56,8,121873.391,119803.328,119636.852,9.16666831E-05
56,9,121873.391,119636.852,121870.492,9.16666831E-05
56,10,121873.391,121870.492,123390.391,9.16666831E-05
56,11,121873.391,123390.391,123534.680,9.16666831E-05
56,12,121873.391,123534.680,123350.039,9.16666831E-05
56,13,121873.391,123350.039,122604.102,9.16666831E-05
56,14,121873.391,122604.102,121403.344,9.16666831E-05
56,15,121873.391,121403.344,121225.258,9.16666831E-05
56,16,121873.391,121225.258,122275.625,9.16666831E-05
56,17,121873.391,122275.625,123545.188,9.16666831E-05
56,18,121873.391,123545.188,123838.508,9.16666831E-05
56,19,121873.391,123838.508,123081.742,9.16666831E-05
56,20,121873.391,123081.742,121873.391,9.16666831E-05
57,1,122023.648,121873.391,121493.203,-4.39239074E-07
57,2,122023.648,121493.203,121266.203,-4.39239074E-07
57,3,122023.648,121266.203,121471.641,-4.39239074E-07
57,4,122023.648,121471.641,121965.281,-4.39239074E-07
57,5,122023.648,121965.281,123190.625,-4.39239074E-07
57,6,122023.648,123190.625,124965.398,-4.39239074E-07
57,7,122023.648,124965.398,126873.258,-4.39239074E-07
57,8,122023.648,126873.258,127992.625,-4.39239074E-07
57,9,122023.648,127992.625,128251.430,-4.39239074E-07
57,10,122023.648,128251.430,127472.688,-4.39239074E-07
57,11,122023.648,127472.688,126312.484,-4.39239074E-07
57,12,122023.648,126312.484,125657.539,-4.39239074E-07
57,13,122023.648,125657.539,125647.539,-4.39239074E-07
57,14,122023.648,125647.539,125709.016,-4.39239074E-07
57,15,122023.648,125709.016,125717.344,-4.39239074E-07
57,16,122023.648,125717.344,125789.266,-4.39239074E-07
57,17,122023.648,125789.266,125153.000,-4.39239074E-07
57,18,122023.648,125153.000,124556.570,-4.39239074E-07
57,19,122023.648,124556.570,123326.875,-4.39239074E-07
57,20,122023.648,123326.875,122023.648,-4.39239074E-07
58,1,122525.195,122023.648,120242.641,3.76635406E-04
58,2,122525.195,120242.641,125371.125,3.76635406E-04
58,3,122525.195,125371.125,127128.930,3.76635406E-04
58,4,122525.195,127128.930,120431.922,3.76635406E-04
58,5,122525.195,120431.922,120356.078,3.76635406E-04
58,6,122525.195,120356.078,127250.250,3.76635406E-04
58,7,122525.195,127250.250,128261.070,3.76635406E-04
58,8,122525.195,128261.070,126207.500,3.76635406E-04
58,9,122525.195,126207.500,128374.836,3.76635406E-04
58,10,122525.195,128374.836,124308.445,3.76635406E-04
58,11,122525.195,124308.445,116995.453,3.76635406E-04
58,12,122525.195,116995.453,120414.430,3.76635406E-04
58,13,122525.195,120414.430,129396.305,3.76635406E-04
58,14,122525.195,129396.305,127281.375,3.76635406E-04
58,15,122525.195,127281.375,118689.867,3.76635406E-04
58,16,122525.195,118689.867,120289.977,3.76635406E-04
58,17,122525.195,120289.977,128805.055,3.76635406E-04
58,18,122525.195,128805.055,129404.391,3.76635406E-04
58,19,122525.195,129404.391,124158.516,3.76635406E-04
58,20,122525.195,124158.516,122525.195,3.76635406E-04
