i,k,old_q,old_q_ch_in,old_q_ch_out,qlat_ch_old
1,1,52.2532043,0.00000000,2.59206772,5.96500540E-05
1,2,52.2532043,2.59206772,5.16637135,5.96500540E-05
1,3,52.2532043,5.16637135,7.86201906,5.96500540E-05
1,4,52.2532043,7.86201906,10.0965176,5.96500540E-05
1,5,52.2532043,10.0965176,13.3578606,5.96500540E-05
1,6,52.2532043,13.3578606,15.3928432,5.96500540E-05
1,7,52.2532043,15.3928432,17.8070202,5.96500540E-05
1,8,52.2532043,17.8070202,20.9297810,5.96500540E-05
1,9,52.2532043,20.9297810,23.6817169,5.96500540E-05
1,10,52.2532043,23.6817169,25.8356152,5.96500540E-05
1,11,52.2532043,25.8356152,28.0916290,5.96500540E-05
1,12,52.2532043,28.0916290,30.8867912,5.96500540E-05
1,13,52.2532043,30.8867912,33.9329796,5.96500540E-05
1,14,52.2532043,33.9329796,36.7082710,5.96500540E-05
1,15,52.2532043,36.7082710,39.0418129,5.96500540E-05
1,16,52.2532043,39.0418129,41.2029839,5.96500540E-05
1,17,52.2532043,41.2029839,43.5789680,5.96500540E-05
1,18,52.2532043,43.5789680,46.3351707,5.96500540E-05
1,19,52.2532043,46.3351707,49.3264503,5.96500540E-05
1,20,52.2532043,49.3264503,52.2532043,5.96500540E-05
2,1,1335.03967,0.00000000,67.2915497,2.70050718E-03
2,2,1335.03967,67.2915497,133.700027,2.70050718E-03
2,3,1335.03967,133.700027,200.023773,2.70050718E-03
2,4,1335.03967,200.023773,268.130920,2.70050718E-03
2,5,1335.03967,268.130920,336.590942,2.70050718E-03
2,6,1335.03967,336.590942,403.692139,2.70050718E-03
2,7,1335.03967,403.692139,469.250000,2.70050718E-03
2,8,1335.03967,469.250000,534.353394,2.70050718E-03
2,9,1335.03967,534.353394,600.292847,2.70050718E-03
2,10,1335.03967,600.292847,667.727600,2.70050718E-03
2,11,1335.03967,667.727600,736.453125,2.70050718E-03
2,12,1335.03967,736.453125,805.662170,2.70050718E-03
2,13,1335.03967,805.662170,874.401245,2.70050718E-03
2,14,1335.03967,874.401245,941.976013,2.70050718E-03
2,15,1335.03967,941.976013,1008.17023,2.70050718E-03
2,16,1335.03967,1008.17023,1073.25159,2.70050718E-03
2,17,1335.03967,1073.25159,1137.82349,2.70050718E-03
2,18,1335.03967,1137.82349,1202.60608,2.70050718E-03
2,19,1335.03967,1202.60608,1268.22156,2.70050718E-03
2,20,1335.03967,1268.22156,1335.03967,2.70050718E-03
3,1,0.00000000,0.00000000,0.00000000,-3.58398065E-05
3,2,0.00000000,0.00000000,0.00000000,-3.58398065E-05
3,3,0.00000000,0.00000000,0.00000000,-3.58398065E-05
3,4,0.00000000,0.00000000,0.00000000,-3.58398065E-05
3,5,0.00000000,0.00000000,0.00000000,-3.58398065E-05
3,6,0.00000000,0.00000000,0.00000000,-3.58398065E-05
3,7,0.00000000,0.00000000,0.00000000,-3.58398065E-05
3,8,0.00000000,0.00000000,0.00000000,-3.58398065E-05
3,9,0.00000000,0.00000000,0.00000000,-3.58398065E-05
3,10,0.00000000,0.00000000,0.00000000,-3.58398065E-05
3,11,0.00000000,0.00000000,0.00000000,-3.58398065E-05
3,12,0.00000000,0.00000000,0.00000000,-3.58398065E-05
3,13,0.00000000,0.00000000,0.00000000,-3.58398065E-05
3,14,0.00000000,0.00000000,0.00000000,-3.58398065E-05
3,15,0.00000000,0.00000000,0.00000000,-3.58398065E-05
3,16,0.00000000,0.00000000,0.00000000,-3.58398065E-05
3,17,0.00000000,0.00000000,0.00000000,-3.58398065E-05
3,18,0.00000000,0.00000000,0.00000000,-3.58398065E-05
3,19,0.00000000,0.00000000,0.00000000,-3.58398065E-05
3,20,0.00000000,0.00000000,0.00000000,-3.58398065E-05
4,1,43.5675697,0.00000000,2.25019503,3.60526938E-05
4,2,43.5675697,2.25019503,4.17089939,3.60526938E-05
4,3,43.5675697,4.17089939,7.07606459,3.60526938E-05
4,4,43.5675697,7.07606459,8.79629898,3.60526938E-05
4,5,43.5675697,8.79629898,10.5917454,3.60526938E-05
4,6,43.5675697,10.5917454,13.0998764,3.60526938E-05
4,7,43.5675697,13.0998764,15.8125935,3.60526938E-05
4,8,43.5675697,15.8125935,18.1382713,3.60526938E-05
4,9,43.5675697,18.1382713,20.0103245,3.60526938E-05
4,10,43.5675697,20.0103245,21.7683449,3.60526938E-05
4,11,43.5675697,21.7683449,23.7722130,3.60526938E-05
4,12,43.5675697,23.7722130,26.1441822,3.60526938E-05
4,13,43.5675697,26.1441822,28.7506809,3.60526938E-05
4,14,43.5675697,28.7506809,31.3407841,3.60526938E-05
4,15,43.5675697,31.3407841,33.7082977,3.60526938E-05
4,16,43.5675697,33.7082977,35.7871437,3.60526938E-05
4,17,43.5675697,35.7871437,37.6557159,3.60526938E-05
4,18,43.5675697,37.6557159,39.4763222,3.60526938E-05
4,19,43.5675697,39.4763222,41.4131775,3.60526938E-05
4,20,43.5675697,41.4131775,43.5675697,3.60526938E-05
5,1,0.170761839,0.00000000,8.47206637E-03,1.44289572E-07
5,2,0.170761839,8.47206637E-03,1.69427171E-02,1.44289572E-07
5,3,0.170761839,1.69427171E-02,2.54293922E-02,1.44289572E-07
5,4,0.170761839,2.54293922E-02,3.38078290E-02,1.44289572E-07
5,5,0.170761839,3.38078290E-02,4.26674709E-02,1.44289572E-07
5,6,0.170761839,4.26674709E-02,5.00709414E-02,1.44289572E-07
5,7,0.170761839,5.00709414E-02,6.04375303E-02,1.44289572E-07
5,8,0.170761839,6.04375303E-02,6.70792162E-02,1.44289572E-07
5,9,0.170761839,6.70792162E-02,7.56809339E-02,1.44289572E-07
5,10,0.170761839,7.56809339E-02,8.57188627E-02,1.44289572E-07
5,11,0.170761839,8.57188627E-02,9.35519636E-02,1.44289572E-07
5,12,0.170761839,9.35519636E-02,0.100642852,1.44289572E-07
5,13,0.170761839,0.100642852,0.109564073,1.44289572E-07
5,14,0.170761839,0.109564073,0.119449601,1.44289572E-07
5,15,0.170761839,0.119449601,0.128087461,1.44289572E-07
5,16,0.170761839,0.128087461,0.135312587,1.44289572E-07
5,17,0.170761839,0.135312587,0.142816037,1.44289572E-07
5,18,0.170761839,0.142816037,0.151754022,1.44289572E-07
5,19,0.170761839,0.151754022,0.161541358,1.44289572E-07
5,20,0.170761839,0.161541358,0.170761839,1.44289572E-07
6,1,0.00000000,0.00000000,0.00000000,-1.22571899E-08
6,2,0.00000000,0.00000000,0.00000000,-1.22571899E-08
6,3,0.00000000,0.00000000,0.00000000,-1.22571899E-08
6,4,0.00000000,0.00000000,0.00000000,-1.22571899E-08
6,5,0.00000000,0.00000000,0.00000000,-1.22571899E-08
6,6,0.00000000,0.00000000,0.00000000,-1.22571899E-08
6,7,0.00000000,0.00000000,0.00000000,-1.22571899E-08
6,8,0.00000000,0.00000000,0.00000000,-1.22571899E-08
6,9,0.00000000,0.00000000,0.00000000,-1.22571899E-08
6,10,0.00000000,0.00000000,0.00000000,-1.22571899E-08
6,11,0.00000000,0.00000000,0.00000000,-1.22571899E-08
6,12,0.00000000,0.00000000,0.00000000,-1.22571899E-08
6,13,0.00000000,0.00000000,0.00000000,-1.22571899E-08
6,14,0.00000000,0.00000000,0.00000000,-1.22571899E-08
6,15,0.00000000,0.00000000,0.00000000,-1.22571899E-08
6,16,0.00000000,0.00000000,0.00000000,-1.22571899E-08
6,17,0.00000000,0.00000000,0.00000000,-1.22571899E-08
6,18,0.00000000,0.00000000,0.00000000,-1.22571899E-08
6,19,0.00000000,0.00000000,0.00000000,-1.22571899E-08
6,20,0.00000000,0.00000000,0.00000000,-1.22571899E-08
7,1,0.00000000,0.00000000,0.00000000,-1.92351357E-10
7,2,0.00000000,0.00000000,0.00000000,-1.92351357E-10
7,3,0.00000000,0.00000000,0.00000000,-1.92351357E-10
7,4,0.00000000,0.00000000,0.00000000,-1.92351357E-10
7,5,0.00000000,0.00000000,0.00000000,-1.92351357E-10
7,6,0.00000000,0.00000000,0.00000000,-1.92351357E-10
7,7,0.00000000,0.00000000,0.00000000,-1.92351357E-10
7,8,0.00000000,0.00000000,0.00000000,-1.92351357E-10
7,9,0.00000000,0.00000000,0.00000000,-1.92351357E-10
7,10,0.00000000,0.00000000,0.00000000,-1.92351357E-10
7,11,0.00000000,0.00000000,0.00000000,-1.92351357E-10
7,12,0.00000000,0.00000000,0.00000000,-1.92351357E-10
7,13,0.00000000,0.00000000,0.00000000,-1.92351357E-10
7,14,0.00000000,0.00000000,0.00000000,-1.92351357E-10
7,15,0.00000000,0.00000000,0.00000000,-1.92351357E-10
7,16,0.00000000,0.00000000,0.00000000,-1.92351357E-10
7,17,0.00000000,0.00000000,0.00000000,-1.92351357E-10
7,18,0.00000000,0.00000000,0.00000000,-1.92351357E-10
7,19,0.00000000,0.00000000,0.00000000,-1.92351357E-10
7,20,0.00000000,0.00000000,0.00000000,-1.92351357E-10
8,1,0.00000000,0.00000000,0.00000000,-2.10497039E-03
8,2,0.00000000,0.00000000,0.00000000,-2.10497039E-03
8,3,0.00000000,0.00000000,0.00000000,-2.10497039E-03
8,4,0.00000000,0.00000000,0.00000000,-2.10497039E-03
8,5,0.00000000,0.00000000,0.00000000,-2.10497039E-03
8,6,0.00000000,0.00000000,0.00000000,-2.10497039E-03
8,7,0.00000000,0.00000000,0.00000000,-2.10497039E-03
8,8,0.00000000,0.00000000,0.00000000,-2.10497039E-03
8,9,0.00000000,0.00000000,0.00000000,-2.10497039E-03
8,10,0.00000000,0.00000000,0.00000000,-2.10497039E-03
8,11,0.00000000,0.00000000,0.00000000,-2.10497039E-03
8,12,0.00000000,0.00000000,0.00000000,-2.10497039E-03
8,13,0.00000000,0.00000000,0.00000000,-2.10497039E-03
8,14,0.00000000,0.00000000,0.00000000,-2.10497039E-03
8,15,0.00000000,0.00000000,0.00000000,-2.10497039E-03
8,16,0.00000000,0.00000000,0.00000000,-2.10497039E-03
8,17,0.00000000,0.00000000,0.00000000,-2.10497039E-03
8,18,0.00000000,0.00000000,0.00000000,-2.10497039E-03
8,19,0.00000000,0.00000000,0.00000000,-2.10497039E-03
8,20,0.00000000,0.00000000,0.00000000,-2.10497039E-03
9,1,0.402013391,0.00000000,2.21820250E-02,3.16370733E-06
9,2,0.402013391,2.21820250E-02,3.71185169E-02,3.16370733E-06
9,3,0.402013391,3.71185169E-02,5.94353676E-02,3.16370733E-06
9,4,0.402013391,5.94353676E-02,8.41066763E-02,3.16370733E-06
9,5,0.402013391,8.41066763E-02,0.106245689,3.16370733E-06
9,6,0.402013391,0.106245689,0.124946348,3.16370733E-06
9,7,0.402013391,0.124946348,0.141899258,3.16370733E-06
9,8,0.402013391,0.141899258,0.159313500,3.16370733E-06
9,9,0.402013391,0.159313500,0.178619862,3.16370733E-06
9,10,0.402013391,0.178619862,0.200096399,3.16370733E-06
9,11,0.402013391,0.200096399,0.223102927,3.16370733E-06
9,12,0.402013391,0.223102927,0.246562243,3.16370733E-06
9,13,0.402013391,0.246562243,0.269425303,3.16370733E-06
9,14,0.402013391,0.269425303,0.290983289,3.16370733E-06
9,15,0.402013391,0.290983289,0.310995281,3.16370733E-06
9,16,0.402013391,0.310995281,0.329657882,3.16370733E-06
9,17,0.402013391,0.329657882,0.347474992,3.16370733E-06
9,18,0.402013391,0.347474992,0.365087599,3.16370733E-06
9,19,0.402013391,0.365087599,0.383111179,3.16370733E-06
9,20,0.402013391,0.383111179,0.402013391,3.16370733E-06
10,1,0.00000000,0.00000000,0.00000000,-9.19442464E-05
10,2,0.00000000,0.00000000,0.00000000,-9.19442464E-05
10,3,0.00000000,0.00000000,0.00000000,-9.19442464E-05
10,4,0.00000000,0.00000000,0.00000000,-9.19442464E-05
10,5,0.00000000,0.00000000,0.00000000,-9.19442464E-05
10,6,0.00000000,0.00000000,0.00000000,-9.19442464E-05
10,7,0.00000000,0.00000000,0.00000000,-9.19442464E-05
10,8,0.00000000,0.00000000,0.00000000,-9.19442464E-05
10,9,0.00000000,0.00000000,0.00000000,-9.19442464E-05
10,10,0.00000000,0.00000000,0.00000000,-9.19442464E-05
10,11,0.00000000,0.00000000,0.00000000,-9.19442464E-05
10,12,0.00000000,0.00000000,0.00000000,-9.19442464E-05
10,13,0.00000000,0.00000000,0.00000000,-9.19442464E-05
10,14,0.00000000,0.00000000,0.00000000,-9.19442464E-05
10,15,0.00000000,0.00000000,0.00000000,-9.19442464E-05
10,16,0.00000000,0.00000000,0.00000000,-9.19442464E-05
10,17,0.00000000,0.00000000,0.00000000,-9.19442464E-05
10,18,0.00000000,0.00000000,0.00000000,-9.19442464E-05
10,19,0.00000000,0.00000000,0.00000000,-9.19442464E-05
10,20,0.00000000,0.00000000,0.00000000,-9.19442464E-05
11,1,6.08966208,0.00000000,0.302736938,5.18986553E-06
11,2,6.08966208,0.302736938,0.623552442,5.18986553E-06
11,3,6.08966208,0.623552442,0.868640900,5.18986553E-06
11,4,6.08966208,0.868640900,1.26728797,5.18986553E-06
11,5,6.08966208,1.26728797,1.54000330,5.18986553E-06
11,6,6.08966208,1.54000330,1.77734089,5.18986553E-06
11,7,6.08966208,1.77734089,2.09047484,5.18986553E-06
11,8,6.08966208,2.09047484,2.47991538,5.18986553E-06
11,9,6.08966208,2.47991538,2.80866718,5.18986553E-06
11,10,6.08966208,2.80866718,3.02114916,5.18986553E-06
11,11,6.08966208,3.02114916,3.31624269,5.18986553E-06
11,12,6.08966208,3.31624269,3.64022684,5.18986553E-06
11,13,6.08966208,3.64022684,3.92933941,5.18986553E-06
11,14,6.08966208,3.92933941,4.24366760,5.18986553E-06
11,15,6.08966208,4.24366760,4.60538292,5.18986553E-06
11,16,6.08966208,4.60538292,4.94133472,5.18986553E-06
11,17,6.08966208,4.94133472,5.20400763,5.18986553E-06
11,18,6.08966208,5.20400763,5.44472504,5.18986553E-06
11,19,6.08966208,5.44472504,5.73959208,5.18986553E-06
11,20,6.08966208,5.73959208,6.08966208,5.18986553E-06
12,1,0.00000000,0.00000000,0.00000000,-2.22642155E-10
12,2,0.00000000,0.00000000,0.00000000,-2.22642155E-10
12,3,0.00000000,0.00000000,0.00000000,-2.22642155E-10
12,4,0.00000000,0.00000000,0.00000000,-2.22642155E-10
12,5,0.00000000,0.00000000,0.00000000,-2.22642155E-10
12,6,0.00000000,0.00000000,0.00000000,-2.22642155E-10
12,7,0.00000000,0.00000000,0.00000000,-2.22642155E-10
12,8,0.00000000,0.00000000,0.00000000,-2.22642155E-10
12,9,0.00000000,0.00000000,0.00000000,-2.22642155E-10
12,10,0.00000000,0.00000000,0.00000000,-2.22642155E-10
12,11,0.00000000,0.00000000,0.00000000,-2.22642155E-10
12,12,0.00000000,0.00000000,0.00000000,-2.22642155E-10
12,13,0.00000000,0.00000000,0.00000000,-2.22642155E-10
12,14,0.00000000,0.00000000,0.00000000,-2.22642155E-10
12,15,0.00000000,0.00000000,0.00000000,-2.22642155E-10
12,16,0.00000000,0.00000000,0.00000000,-2.22642155E-10
12,17,0.00000000,0.00000000,0.00000000,-2.22642155E-10
12,18,0.00000000,0.00000000,0.00000000,-2.22642155E-10
12,19,0.00000000,0.00000000,0.00000000,-2.22642155E-10
12,20,0.00000000,0.00000000,0.00000000,-2.22642155E-10
13,1,0.166562870,0.00000000,8.31297785E-03,1.01384927E-07
13,2,0.166562870,8.31297785E-03,1.65538229E-02,1.01384927E-07
13,3,0.166562870,1.65538229E-02,2.50564888E-02,1.01384927E-07
13,4,0.166562870,2.50564888E-02,3.31516750E-02,1.01384927E-07
13,5,0.166562870,3.31516750E-02,4.13496494E-02,1.01384927E-07
13,6,0.166562870,4.13496494E-02,4.99063097E-02,1.01384927E-07
13,7,0.166562870,4.99063097E-02,5.83903231E-02,1.01384927E-07
13,8,0.166562870,5.83903231E-02,6.65215999E-02,1.01384927E-07
13,9,0.166562870,6.65215999E-02,7.45181590E-02,1.01384927E-07
13,10,0.166562870,7.45181590E-02,8.27386901E-02,1.01384927E-07
13,11,0.166562870,8.27386901E-02,9.12780166E-02,1.01384927E-07
13,12,0.166562870,9.12780166E-02,9.99217927E-02,1.01384927E-07
13,13,0.166562870,9.99217927E-02,0.108380638,1.01384927E-07
13,14,0.166562870,0.108380638,0.116530299,1.01384927E-07
13,15,0.166562870,0.116530299,0.124479517,1.01384927E-07
13,16,0.166562870,0.124479517,0.132466093,1.01384927E-07
13,17,0.166562870,0.132466093,0.140691042,1.01384927E-07
13,18,0.166562870,0.140691042,0.149204463,1.01384927E-07
13,19,0.166562870,0.149204463,0.157894537,1.01384927E-07
13,20,0.166562870,0.157894537,0.166562870,1.01384927E-07
14,1,0.00000000,0.00000000,0.00000000,-3.60079692E-04
14,2,0.00000000,0.00000000,0.00000000,-3.60079692E-04
14,3,0.00000000,0.00000000,0.00000000,-3.60079692E-04
14,4,0.00000000,0.00000000,0.00000000,-3.60079692E-04
14,5,0.00000000,0.00000000,0.00000000,-3.60079692E-04
14,6,0.00000000,0.00000000,0.00000000,-3.60079692E-04
14,7,0.00000000,0.00000000,0.00000000,-3.60079692E-04
14,8,0.00000000,0.00000000,0.00000000,-3.60079692E-04
14,9,0.00000000,0.00000000,0.00000000,-3.60079692E-04
14,10,0.00000000,0.00000000,0.00000000,-3.60079692E-04
14,11,0.00000000,0.00000000,0.00000000,-3.60079692E-04
14,12,0.00000000,0.00000000,0.00000000,-3.60079692E-04
14,13,0.00000000,0.00000000,0.00000000,-3.60079692E-04
14,14,0.00000000,0.00000000,0.00000000,-3.60079692E-04
14,15,0.00000000,0.00000000,0.00000000,-3.60079692E-04
14,16,0.00000000,0.00000000,0.00000000,-3.60079692E-04
14,17,0.00000000,0.00000000,0.00000000,-3.60079692E-04
14,18,0.00000000,0.00000000,0.00000000,-3.60079692E-04
14,19,0.00000000,0.00000000,0.00000000,-3.60079692E-04
14,20,0.00000000,0.00000000,0.00000000,-3.60079692E-04
15,1,0.667912781,0.402013391,0.414658785,5.50256971E-07
15,2,0.667912781,0.414658785,0.398357868,5.50256971E-07
15,3,0.667912781,0.398357868,0.523387969,5.50256971E-07
15,4,0.667912781,0.523387969,0.350339264,5.50256971E-07
15,5,0.667912781,0.350339264,0.429854691,5.50256971E-07
15,6,0.667912781,0.429854691,0.557753265,5.50256971E-07
15,7,0.667912781,0.557753265,0.479265332,5.50256971E-07
15,8,0.667912781,0.479265332,0.417587250,5.50256971E-07
15,9,0.667912781,0.417587250,0.441248149,5.50256971E-07
15,10,0.667912781,0.441248149,0.438631624,5.50256971E-07
15,11,0.667912781,0.438631624,0.525469542,5.50256971E-07
15,12,0.667912781,0.525469542,0.614562511,5.50256971E-07
15,13,0.667912781,0.614562511,0.634254277,5.50256971E-07
15,14,0.667912781,0.634254277,0.534922659,5.50256971E-07
15,15,0.667912781,0.534922659,0.376226634,5.50256971E-07
15,16,0.667912781,0.376226634,0.400679618,5.50256971E-07
15,17,0.667912781,0.400679618,0.519622982,5.50256971E-07
15,18,0.667912781,0.519622982,0.613098919,5.50256971E-07
15,19,0.667912781,0.613098919,0.654093862,5.50256971E-07
15,20,0.667912781,0.654093862,0.667912781,5.50256971E-07
16,1,342.655914,0.00000000,17.0938148,2.06542946E-03
16,2,342.655914,17.0938148,34.1126251,2.06542946E-03
16,3,342.655914,34.1126251,51.3727837,2.06542946E-03
16,4,342.655914,51.3727837,68.3845978,2.06542946E-03
16,5,342.655914,68.3845978,85.1048279,2.06542946E-03
16,6,342.655914,85.1048279,102.517120,2.06542946E-03
16,7,342.655914,102.517120,120.031189,2.06542946E-03
16,8,342.655914,120.031189,136.920074,2.06542946E-03
16,9,342.655914,136.920074,153.423111,2.06542946E-03
16,10,342.655914,153.423111,170.247025,2.06542946E-03
16,11,342.655914,170.247025,187.717865,2.06542946E-03
16,12,342.655914,187.717865,205.488953,2.06542946E-03
16,13,342.655914,205.488953,222.904099,2.06542946E-03
16,14,342.655914,222.904099,239.680161,2.06542946E-03
16,15,342.655914,239.680161,256.072998,2.06542946E-03
16,16,342.655914,256.072998,272.529053,2.06542946E-03
16,17,342.655914,272.529053,289.482483,2.06542946E-03
16,18,342.655914,289.482483,307.068756,2.06542946E-03
16,19,342.655914,307.068756,324.927765,2.06542946E-03
16,20,342.655914,324.927765,342.655914,2.06542946E-03
17,1,0.00000000,0.00000000,0.00000000,-6.89338995E-05
17,2,0.00000000,0.00000000,0.00000000,-6.89338995E-05
17,3,0.00000000,0.00000000,0.00000000,-6.89338995E-05
17,4,0.00000000,0.00000000,0.00000000,-6.89338995E-05
17,5,0.00000000,0.00000000,0.00000000,-6.89338995E-05
17,6,0.00000000,0.00000000,0.00000000,-6.89338995E-05
17,7,0.00000000,0.00000000,0.00000000,-6.89338995E-05
17,8,0.00000000,0.00000000,0.00000000,-6.89338995E-05
17,9,0.00000000,0.00000000,0.00000000,-6.89338995E-05
17,10,0.00000000,0.00000000,0.00000000,-6.89338995E-05
17,11,0.00000000,0.00000000,0.00000000,-6.89338995E-05
17,12,0.00000000,0.00000000,0.00000000,-6.89338995E-05
17,13,0.00000000,0.00000000,0.00000000,-6.89338995E-05
17,14,0.00000000,0.00000000,0.00000000,-6.89338995E-05
17,15,0.00000000,0.00000000,0.00000000,-6.89338995E-05
17,16,0.00000000,0.00000000,0.00000000,-6.89338995E-05
17,17,0.00000000,0.00000000,0.00000000,-6.89338995E-05
17,18,0.00000000,0.00000000,0.00000000,-6.89338995E-05
17,19,0.00000000,0.00000000,0.00000000,-6.89338995E-05
17,20,0.00000000,0.00000000,0.00000000,-6.89338995E-05
18,1,8.75561714,6.08966208,6.22726822,1.42944555E-05
18,2,8.75561714,6.22726822,6.36721182,1.42944555E-05
18,3,8.75561714,6.36721182,6.49831915,1.42944555E-05
18,4,8.75561714,6.49831915,6.64351654,1.42944555E-05
18,5,8.75561714,6.64351654,6.81050348,1.42944555E-05
18,6,8.75561714,6.81050348,6.98936987,1.42944555E-05
18,7,8.75561714,6.98936987,7.16300011,1.42944555E-05
18,8,8.75561714,7.16300011,7.31684494,1.42944555E-05
18,9,8.75561714,7.31684494,7.44379520,1.42944555E-05
18,10,8.75561714,7.44379520,7.54502058,1.42944555E-05
18,11,8.75561714,7.54502058,7.63399410,1.42944555E-05
18,12,8.75561714,7.63399410,7.69049931,1.42944555E-05
18,13,8.75561714,7.69049931,7.76377058,1.42944555E-05
18,14,8.75561714,7.76377058,7.90351200,1.42944555E-05
18,15,8.75561714,7.90351200,8.00021744,1.42944555E-05
18,16,8.75561714,8.00021744,8.09097862,1.42944555E-05
18,17,8.75561714,8.09097862,8.21329594,1.42944555E-05
18,18,8.75561714,8.21329594,8.37477779,1.42944555E-05
18,19,8.75561714,8.37477779,8.56204605,1.42944555E-05
18,20,8.75561714,8.56204605,8.75561714,1.42944555E-05
19,1,343.301697,342.655914,342.227051,3.03712682E-08
19,2,343.301697,342.227051,340.401947,3.03712682E-08
19,3,343.301697,340.401947,341.330688,3.03712682E-08
19,4,343.301697,341.330688,343.355286,3.03712682E-08
19,5,343.301697,343.355286,342.139313,3.03712682E-08
19,6,343.301697,342.139313,339.869385,3.03712682E-08
19,7,343.301697,339.869385,340.669617,3.03712682E-08
19,8,343.301697,340.669617,344.005127,3.03712682E-08
19,9,343.301697,344.005127,342.989502,3.03712682E-08
19,10,343.301697,342.989502,340.567474,3.03712682E-08
19,11,343.301697,340.567474,339.797241,3.03712682E-08
19,12,343.301697,339.797241,339.854614,3.03712682E-08
19,13,343.301697,339.854614,344.660095,3.03712682E-08
19,14,343.301697,344.660095,346.476624,3.03712682E-08
19,15,343.301697,346.476624,340.372437,3.03712682E-08
19,16,343.301697,340.372437,335.521240,3.03712682E-08
19,17,343.301697,335.521240,338.976135,3.03712682E-08
19,18,343.301697,338.976135,345.521667,3.03712682E-08
19,19,343.301697,345.521667,347.180634,3.03712682E-08
19,20,343.301697,347.180634,343.301697,3.03712682E-08
20,1,0.492769599,0.667912781,0.664456606,-8.23058741E-08
20,2,0.492769599,0.664456606,0.660791337,-8.23058741E-08
20,3,0.492769599,0.660791337,0.658780992,-8.23058741E-08
20,4,0.492769599,0.658780992,0.658716202,-8.23058741E-08
20,5,0.492769599,0.658716202,0.660014033,-8.23058741E-08
20,6,0.492769599,0.660014033,0.661701322,-8.23058741E-08
20,7,0.492769599,0.661701322,0.662728846,-8.23058741E-08
20,8,0.492769599,0.662728846,0.662165523,-8.23058741E-08
20,9,0.492769599,0.662165523,0.659301877,-8.23058741E-08
20,10,0.492769599,0.659301877,0.653692961,-8.23058741E-08
20,11,0.492769599,0.653692961,0.645159602,-8.23058741E-08
20,12,0.492769599,0.645159602,0.633763552,-8.23058741E-08
20,13,0.492769599,0.633763552,0.619767904,-8.23058741E-08
20,14,0.492769599,0.619767904,0.603589296,-8.23058741E-08
20,15,0.492769599,0.603589296,0.585749984,-8.23058741E-08
20,16,0.492769599,0.585749984,0.566833258,-8.23058741E-08
20,17,0.492769599,0.566833258,0.547443867,-8.23058741E-08
20,18,0.492769599,0.547443867,0.528172374,-8.23058741E-08
20,19,0.492769599,0.528172374,0.509570003,-8.23058741E-08
20,20,0.492769599,0.509570003,0.492769599,-8.23058741E-08
21,1,0.375412822,0.00000000,3.15437242E-02,3.74971000E-06
21,2,0.375412822,3.15437242E-02,5.43165058E-02,3.74971000E-06
21,3,0.375412822,5.43165058E-02,7.12379068E-02,3.74971000E-06
21,4,0.375412822,7.12379068E-02,8.45790058E-02,3.74971000E-06
21,5,0.375412822,8.45790058E-02,9.60708112E-02,3.74971000E-06
21,6,0.375412822,9.60708112E-02,0.106997937,3.74971000E-06
21,7,0.375412822,0.106997937,0.118279248,3.74971000E-06
21,8,0.375412822,0.118279248,0.130537495,3.74971000E-06
21,9,0.375412822,0.130537495,0.144158676,3.74971000E-06
21,10,0.375412822,0.144158676,0.159342363,3.74971000E-06
21,11,0.375412822,0.159342363,0.176144555,3.74971000E-06
21,12,0.375412822,0.176144555,0.194513559,3.74971000E-06
21,13,0.375412822,0.194513559,0.214319572,3.74971000E-06
21,14,0.375412822,0.214319572,0.235379472,3.74971000E-06
21,15,0.375412822,0.235379472,0.257477105,3.74971000E-06
21,16,0.375412822,0.257477105,0.280379027,3.74971000E-06
21,17,0.375412822,0.280379027,0.303847790,3.74971000E-06
21,18,0.375412822,0.303847790,0.327652037,3.74971000E-06
21,19,0.375412822,0.327652037,0.351573467,3.74971000E-06
21,20,0.375412822,0.351573467,0.375412822,3.74971000E-06
22,1,1438.36523,8.75561714,97.8685455,3.09272832E-03
22,2,1438.36523,97.8685455,118.420929,3.09272832E-03
22,3,1438.36523,118.420929,221.895767,3.09272832E-03
22,4,1438.36523,221.895767,325.402405,3.09272832E-03
22,5,1438.36523,325.402405,403.126099,3.09272832E-03
22,6,1438.36523,403.126099,459.799805,3.09272832E-03
22,7,1438.36523,459.799805,510.088440,3.09272832E-03
22,8,1438.36523,510.088440,566.716431,3.09272832E-03
22,9,1438.36523,566.716431,635.878479,3.09272832E-03
22,10,1438.36523,635.878479,717.277344,3.09272832E-03
22,11,1438.36523,717.277344,806.360413,3.09272832E-03
22,12,1438.36523,806.360413,897.029907,3.09272832E-03
22,13,1438.36523,897.029907,983.850281,3.09272832E-03
22,14,1438.36523,983.850281,1063.36646,3.09272832E-03
22,15,1438.36523,1063.36646,1134.52698,3.09272832E-03
22,16,1438.36523,1134.52698,1198.42542,3.09272832E-03
22,17,1438.36523,1198.42542,1257.63062,3.09272832E-03
22,18,1438.36523,1257.63062,1315.37646,3.09272832E-03
22,19,1438.36523,1315.37646,1374.79907,3.09272832E-03
22,20,1438.36523,1374.79907,1438.36523,3.09272832E-03
23,1,253.685211,343.301697,338.536682,-6.61866739E-04
23,2,253.685211,338.536682,334.815399,-6.61866739E-04
23,3,253.685211,334.815399,327.320038,-6.61866739E-04
23,4,253.685211,327.320038,324.617462,-6.61866739E-04
23,5,253.685211,324.617462,322.559113,-6.61866739E-04
23,6,253.685211,322.559113,317.677216,-6.61866739E-04
23,7,253.685211,317.677216,312.314789,-6.61866739E-04
23,8,253.685211,312.314789,304.924133,-6.61866739E-04
23,9,253.685211,304.924133,298.718231,-6.61866739E-04
23,10,253.685211,298.718231,296.546387,-6.61866739E-04
23,11,253.685211,296.546387,296.186951,-6.61866739E-04
23,12,253.685211,296.186951,295.143555,-6.61866739E-04
23,13,253.685211,295.143555,292.139160,-6.61866739E-04
23,14,253.685211,292.139160,285.857483,-6.61866739E-04
23,15,253.685211,285.857483,281.768860,-6.61866739E-04
23,16,253.685211,281.768860,276.678070,-6.61866739E-04
23,17,253.685211,276.678070,269.459167,-6.61866739E-04
23,18,253.685211,269.459167,262.184540,-6.61866739E-04
23,19,253.685211,262.184540,256.706055,-6.61866739E-04
23,20,253.685211,256.706055,253.685211,-6.61866739E-04
24,1,0.341680467,0.375412822,0.379149199,2.87636283E-07
24,2,0.341680467,0.379149199,0.421548188,2.87636283E-07
24,3,0.341680467,0.421548188,0.435778588,2.87636283E-07
24,4,0.341680467,0.435778588,0.326569736,2.87636283E-07
24,5,0.341680467,0.326569736,0.540242672,2.87636283E-07
24,6,0.341680467,0.540242672,0.419563472,2.87636283E-07
24,7,0.341680467,0.419563472,0.279577166,2.87636283E-07
24,8,0.341680467,0.279577166,0.224069074,2.87636283E-07
24,9,0.341680467,0.224069074,0.256280124,2.87636283E-07
24,10,0.341680467,0.256280124,0.341743112,2.87636283E-07
24,11,0.341680467,0.341743112,0.440941095,2.87636283E-07
24,12,0.341680467,0.440941095,0.523750722,2.87636283E-07
24,13,0.341680467,0.523750722,0.573561192,2.87636283E-07
24,14,0.341680467,0.573561192,0.586108983,2.87636283E-07
24,15,0.341680467,0.586108983,0.566104889,2.87636283E-07
24,16,0.341680467,0.566104889,0.523424327,2.87636283E-07
24,17,0.341680467,0.523424327,0.469771773,2.87636283E-07
24,18,0.341680467,0.469771773,0.416199863,2.87636283E-07
24,19,0.341680467,0.416199863,0.371545374,2.87636283E-07
24,20,0.341680467,0.371545374,0.341680467,2.87636283E-07
25,1,1481.64368,1438.53174,1423.93799,-1.36079768E-06
25,2,1481.64368,1423.93799,1425.60986,-1.36079768E-06
25,3,1481.64368,1425.60986,1433.94348,-1.36079768E-06
25,4,1481.64368,1433.94348,1443.24133,-1.36079768E-06
25,5,1481.64368,1443.24133,1450.54504,-1.36079768E-06
25,6,1481.64368,1450.54504,1454.70996,-1.36079768E-06
25,7,1481.64368,1454.70996,1455.72583,-1.36079768E-06
25,8,1481.64368,1455.72583,1454.21960,-1.36079768E-06
25,9,1481.64368,1454.21960,1451.11633,-1.36079768E-06
25,10,1481.64368,1451.11633,1447.39636,-1.36079768E-06
25,11,1481.64368,1447.39636,1443.96094,-1.36079768E-06
25,12,1481.64368,1443.96094,1441.53918,-1.36079768E-06
25,13,1481.64368,1441.53918,1440.65222,-1.36079768E-06
25,14,1481.64368,1440.65222,1441.60522,-1.36079768E-06
25,15,1481.64368,1441.60522,1444.50513,-1.36079768E-06
25,16,1481.64368,1444.50513,1449.28333,-1.36079768E-06
25,17,1481.64368,1449.28333,1455.72998,-1.36079768E-06
25,18,1481.64368,1455.72998,1463.53247,-1.36079768E-06
25,19,1481.64368,1463.53247,1472.30994,-1.36079768E-06
25,20,1481.64368,1472.30994,1481.64368,-1.36079768E-06
26,1,0.00000000,253.685211,229.088852,-6.25743705E-04
26,2,0.00000000,229.088852,179.698837,-6.25743705E-04
26,3,0.00000000,179.698837,137.965622,-6.25743705E-04
26,4,0.00000000,137.965622,116.855255,-6.25743705E-04
26,5,0.00000000,116.855255,72.7469940,-6.25743705E-04
26,6,0.00000000,72.7469940,8.41992188,-6.25743705E-04
26,7,0.00000000,8.41992188,0.00000000,-6.25743705E-04
26,8,0.00000000,0.00000000,0.00000000,-6.25743705E-04
26,9,0.00000000,0.00000000,0.00000000,-6.25743705E-04
26,10,0.00000000,0.00000000,0.00000000,-6.25743705E-04
26,11,0.00000000,0.00000000,0.00000000,-6.25743705E-04
26,12,0.00000000,0.00000000,0.00000000,-6.25743705E-04
26,13,0.00000000,0.00000000,0.00000000,-6.25743705E-04
26,14,0.00000000,0.00000000,0.00000000,-6.25743705E-04
26,15,0.00000000,0.00000000,0.00000000,-6.25743705E-04
26,16,0.00000000,0.00000000,0.00000000,-6.25743705E-04
26,17,0.00000000,0.00000000,0.00000000,-6.25743705E-04
26,18,0.00000000,0.00000000,0.00000000,-6.25743705E-04
26,19,0.00000000,0.00000000,0.00000000,-6.25743705E-04
26,20,0.00000000,0.00000000,0.00000000,-6.25743705E-04
27,1,0.00000000,0.341680467,0.00000000,-5.84843894E-03
27,2,0.00000000,0.00000000,0.00000000,-5.84843894E-03
27,3,0.00000000,0.00000000,0.00000000,-5.84843894E-03
27,4,0.00000000,0.00000000,0.00000000,-5.84843894E-03
27,5,0.00000000,0.00000000,0.00000000,-5.84843894E-03
27,6,0.00000000,0.00000000,0.00000000,-5.84843894E-03
27,7,0.00000000,0.00000000,0.00000000,-5.84843894E-03
27,8,0.00000000,0.00000000,0.00000000,-5.84843894E-03
27,9,0.00000000,0.00000000,0.00000000,-5.84843894E-03
27,10,0.00000000,0.00000000,0.00000000,-5.84843894E-03
27,11,0.00000000,0.00000000,0.00000000,-5.84843894E-03
27,12,0.00000000,0.00000000,0.00000000,-5.84843894E-03
27,13,0.00000000,0.00000000,0.00000000,-5.84843894E-03
27,14,0.00000000,0.00000000,0.00000000,-5.84843894E-03
27,15,0.00000000,0.00000000,0.00000000,-5.84843894E-03
27,16,0.00000000,0.00000000,0.00000000,-5.84843894E-03
27,17,0.00000000,0.00000000,0.00000000,-5.84843894E-03
27,18,0.00000000,0.00000000,0.00000000,-5.84843894E-03
27,19,0.00000000,0.00000000,0.00000000,-5.84843894E-03
27,20,0.00000000,0.00000000,0.00000000,-5.84843894E-03
28,1,448.432129,1481.64368,1478.50891,-7.45199446E-04
28,2,448.432129,1478.50891,1392.85291,-7.45199446E-04
28,3,448.432129,1392.85291,1260.34106,-7.45199446E-04
28,4,448.432129,1260.34106,1205.93213,-7.45199446E-04
28,5,448.432129,1205.93213,1181.35291,-7.45199446E-04
28,6,448.432129,1181.35291,1153.95447,-7.45199446E-04
28,7,448.432129,1153.95447,1123.38684,-7.45199446E-04
28,8,448.432129,1123.38684,1046.51990,-7.45199446E-04
28,9,448.432129,1046.51990,983.525879,-7.45199446E-04
28,10,448.432129,983.525879,941.193115,-7.45199446E-04
28,11,448.432129,941.193115,884.307312,-7.45199446E-04
28,12,448.432129,884.307312,792.964294,-7.45199446E-04
28,13,448.432129,792.964294,740.619873,-7.45199446E-04
28,14,448.432129,740.619873,685.835999,-7.45199446E-04
28,15,448.432129,685.835999,624.270203,-7.45199446E-04
28,16,448.432129,624.270203,580.362244,-7.45199446E-04
28,17,448.432129,580.362244,581.261841,-7.45199446E-04
28,18,448.432129,581.261841,526.405212,-7.45199446E-04
28,19,448.432129,526.405212,474.791504,-7.45199446E-04
28,20,448.432129,474.791504,448.432129,-7.45199446E-04
29,1,17.0314293,0.00000000,0.778074026,7.13691552E-05
29,2,17.0314293,0.778074026,2.01698303,7.13691552E-05
29,3,17.0314293,2.01698303,2.71967459,7.13691552E-05
29,4,17.0314293,2.71967459,2.93820071,7.13691552E-05
29,5,17.0314293,2.93820071,4.11415482,7.13691552E-05
29,6,17.0314293,4.11415482,5.56535816,7.13691552E-05
29,7,17.0314293,5.56535816,6.62068367,7.13691552E-05
29,8,17.0314293,6.62068367,7.30925369,7.13691552E-05
29,9,17.0314293,7.30925369,7.88170624,7.13691552E-05
29,10,17.0314293,7.88170624,8.46946144,7.13691552E-05
29,11,17.0314293,8.46946144,9.12053871,7.13691552E-05
29,12,17.0314293,9.12053871,9.90937901,7.13691552E-05
29,13,17.0314293,9.90937901,10.9240780,7.13691552E-05
29,14,17.0314293,10.9240780,12.1752853,7.13691552E-05
29,15,17.0314293,12.1752853,13.5423470,7.13691552E-05
29,16,17.0314293,13.5423470,14.8155336,7.13691552E-05
29,17,17.0314293,14.8155336,15.8036804,7.13691552E-05
29,18,17.0314293,15.8036804,16.4318771,7.13691552E-05
29,19,17.0314293,16.4318771,16.7776814,7.13691552E-05
29,20,17.0314293,16.7776814,17.0314293,7.13691552E-05
30,1,7.47573423,0.00000000,0.353894562,1.10521296E-05
30,2,7.47573423,0.353894562,0.764696419,1.10521296E-05
30,3,7.47573423,0.764696419,1.00950360,1.10521296E-05
30,4,7.47573423,1.00950360,1.44535303,1.10521296E-05
30,5,7.47573423,1.44535303,1.88027751,1.10521296E-05
30,6,7.47573423,1.88027751,2.26281309,1.10521296E-05
30,7,7.47573423,2.26281309,2.07846785,1.10521296E-05
30,8,7.47573423,2.07846785,3.64382839,1.10521296E-05
30,9,7.47573423,3.64382839,2.84366179,1.10521296E-05
30,10,7.47573423,2.84366179,3.04252672,1.10521296E-05
30,11,7.47573423,3.04252672,4.14152336,1.10521296E-05
30,12,7.47573423,4.14152336,4.97409344,1.10521296E-05
30,13,7.47573423,4.97409344,5.11464977,1.10521296E-05
30,14,7.47573423,5.11464977,4.90254641,1.10521296E-05
30,15,7.47573423,4.90254641,4.84743547,1.10521296E-05
30,16,7.47573423,4.84743547,5.20766830,1.10521296E-05
30,17,7.47573423,5.20766830,5.85234594,1.10521296E-05
30,18,7.47573423,5.85234594,7.07333279,1.10521296E-05
30,19,7.47573423,7.07333279,6.92180824,1.10521296E-05
30,20,7.47573423,6.92180824,7.47573423,1.10521296E-05
31,1,146.028915,60.5989990,64.4338913,2.17400768E-04
31,2,146.028915,64.4338913,68.3999329,2.17400768E-04
31,3,146.028915,68.3999329,74.2191315,2.17400768E-04
31,4,146.028915,74.2191315,76.4431229,2.17400768E-04
31,5,146.028915,76.4431229,81.1416626,2.17400768E-04
31,6,146.028915,81.1416626,87.2687988,2.17400768E-04
31,7,146.028915,87.2687988,92.6803589,2.17400768E-04
31,8,146.028915,92.6803589,96.9940033,2.17400768E-04
31,9,146.028915,96.9940033,100.934158,2.17400768E-04
31,10,146.028915,100.934158,105.127464,2.17400768E-04
31,11,146.028915,105.127464,109.634781,2.17400768E-04
31,12,146.028915,109.634781,114.141068,2.17400768E-04
31,13,146.028915,114.141068,118.330032,2.17400768E-04
31,14,146.028915,118.330032,122.114708,2.17400768E-04
31,15,146.028915,122.114708,125.650772,2.17400768E-04
31,16,146.028915,125.650772,129.205917,2.17400768E-04
31,17,146.028915,129.205917,133.005295,2.17400768E-04
31,18,146.028915,133.005295,137.135086,2.17400768E-04
31,19,146.028915,137.135086,141.530792,2.17400768E-04
31,20,146.028915,141.530792,146.028915,2.17400768E-04
32,1,57660.8828,7.47573423,147.406204,2.11851958E-08
32,2,57660.8828,147.406204,713.594666,2.11851958E-08
32,3,57660.8828,713.594666,1731.69153,2.11851958E-08
32,4,57660.8828,1731.69153,2763.33765,2.11851958E-08
32,5,57660.8828,2763.33765,3313.73950,2.11851958E-08
32,6,57660.8828,3313.73950,3262.76880,2.11851958E-08
32,7,57660.8828,3262.76880,2824.06689,2.11851958E-08
32,8,57660.8828,2824.06689,2268.61499,2.11851958E-08
32,9,57660.8828,2268.61499,1769.15479,2.11851958E-08
32,10,57660.8828,1769.15479,1414.71545,2.11851958E-08
32,11,57660.8828,1414.71545,1291.73657,2.11851958E-08
32,12,57660.8828,1291.73657,1560.01270,2.11851958E-08
32,13,57660.8828,1560.01270,2500.44800,2.11851958E-08
32,14,57660.8828,2500.44800,4526.17334,2.11851958E-08
32,15,57660.8828,4526.17334,8144.32812,2.11851958E-08
32,16,57660.8828,8144.32812,13853.1670,2.11851958E-08
32,17,57660.8828,13853.1670,21974.6914,2.11851958E-08
32,18,57660.8828,21974.6914,32458.5469,2.11851958E-08
32,19,57660.8828,32458.5469,44729.4648,2.11851958E-08
32,20,57660.8828,44729.4648,57660.8828,2.11851958E-08
33,1,100.958214,146.199677,143.992035,-2.42234659E-04
33,2,100.958214,143.992035,141.797318,-2.42234659E-04
33,3,100.958214,141.797318,139.541611,-2.42234659E-04
33,4,100.958214,139.541611,137.236725,-2.42234659E-04
33,5,100.958214,137.236725,134.874985,-2.42234659E-04
33,6,100.958214,134.874985,132.433197,-2.42234659E-04
33,7,100.958214,132.433197,129.896790,-2.42234659E-04
33,8,100.958214,129.896790,127.274055,-2.42234659E-04
33,9,100.958214,127.274055,124.598717,-2.42234659E-04
33,10,100.958214,124.598717,121.920494,-2.42234659E-04
33,11,100.958214,121.920494,119.293961,-2.42234659E-04
33,12,100.958214,119.293961,116.767578,-2.42234659E-04
33,13,100.958214,116.767578,114.374809,-2.42234659E-04
33,14,100.958214,114.374809,112.132248,-2.42234659E-04
33,15,100.958214,112.132248,110.038185,-2.42234659E-04
33,16,100.958214,110.038185,108.076607,-2.42234659E-04
33,17,100.958214,108.076607,106.220665,-2.42234659E-04
33,18,100.958214,106.220665,104.437958,-2.42234659E-04
33,19,100.958214,104.437958,102.694489,-2.42234659E-04
33,20,100.958214,102.694489,100.958214,-2.42234659E-04
34,1,86303.9062,57660.8828,60291.5039,-3.27194059E-08
34,2,86303.9062,60291.5039,62874.2031,-3.27194059E-08
34,3,86303.9062,62874.2031,65393.5977,-3.27194059E-08
34,4,86303.9062,65393.5977,67834.3281,-3.27194059E-08
34,5,86303.9062,67834.3281,70181.2578,-3.27194059E-08
34,6,86303.9062,70181.2578,72419.6328,-3.27194059E-08
34,7,86303.9062,72419.6328,74535.2422,-3.27194059E-08
34,8,86303.9062,74535.2422,76514.6094,-3.27194059E-08
34,9,86303.9062,76514.6094,78345.1172,-3.27194059E-08
34,10,86303.9062,78345.1172,80015.1797,-3.27194059E-08
34,11,86303.9062,80015.1797,81514.3906,-3.27194059E-08
34,12,86303.9062,81514.3906,82833.6094,-3.27194059E-08
34,13,86303.9062,82833.6094,83965.1172,-3.27194059E-08
34,14,86303.9062,83965.1172,84902.6641,-3.27194059E-08
34,15,86303.9062,84902.6641,85641.5312,-3.27194059E-08
34,16,86303.9062,85641.5312,86178.6250,-3.27194059E-08
34,17,86303.9062,86178.6250,86512.4609,-3.27194059E-08
34,18,86303.9062,86512.4609,86643.1875,-3.27194059E-08
34,19,86303.9062,86643.1875,86572.5625,-3.27194059E-08
34,20,86303.9062,86572.5625,86303.9062,-3.27194059E-08
35,1,86296.3047,86303.9062,86302.8594,-2.48518336E-04
35,2,86296.3047,86302.8594,86302.5938,-2.48518336E-04
35,3,86296.3047,86302.5938,86300.6797,-2.48518336E-04
35,4,86296.3047,86300.6797,86300.3281,-2.48518336E-04
35,5,86296.3047,86300.3281,86299.3984,-2.48518336E-04
35,6,86296.3047,86299.3984,86299.3672,-2.48518336E-04
35,7,86296.3047,86299.3672,86297.0781,-2.48518336E-04
35,8,86296.3047,86297.0781,86296.0625,-2.48518336E-04
35,9,86296.3047,86296.0625,86296.1797,-2.48518336E-04
35,10,86296.3047,86296.1797,86293.4688,-2.48518336E-04
35,11,86296.3047,86293.4688,86300.0000,-2.48518336E-04
35,12,86296.3047,86300.0000,86282.9688,-2.48518336E-04
35,13,86296.3047,86282.9688,86298.5391,-2.48518336E-04
35,14,86296.3047,86298.5391,86293.5391,-2.48518336E-04
35,15,86296.3047,86293.5391,86295.3594,-2.48518336E-04
35,16,86296.3047,86295.3594,86273.5000,-2.48518336E-04
35,17,86296.3047,86273.5000,86302.3828,-2.48518336E-04
35,18,86296.3047,86302.3828,86276.6875,-2.48518336E-04
35,19,86296.3047,86276.6875,86275.7812,-2.48518336E-04
35,20,86296.3047,86275.7812,86296.3047,-2.48518336E-04
36,1,96749.6328,86744.7344,84839.3438,-3.62360879E-06
36,2,96749.6328,84839.3438,82281.3047,-3.62360879E-06
36,3,96749.6328,82281.3047,79239.0234,-3.62360879E-06
36,4,96749.6328,79239.0234,75907.3125,-3.62360879E-06
36,5,96749.6328,75907.3125,72490.5078,-3.62360879E-06
36,6,96749.6328,72490.5078,69186.7578,-3.62360879E-06
36,7,96749.6328,69186.7578,66175.1016,-3.62360879E-06
36,8,96749.6328,66175.1016,63606.9297,-3.62360879E-06
36,9,96749.6328,63606.9297,61602.5391,-3.62360879E-06
36,10,96749.6328,61602.5391,60252.6914,-3.62360879E-06
36,11,96749.6328,60252.6914,59624.2773,-3.62360879E-06
36,12,96749.6328,59624.2773,59768.7539,-3.62360879E-06
36,13,96749.6328,59768.7539,60731.9414,-3.62360879E-06
36,14,96749.6328,60731.9414,62563.6328,-3.62360879E-06
36,15,96749.6328,62563.6328,65326.0234,-3.62360879E-06
36,16,96749.6328,65326.0234,69100.1484,-3.62360879E-06
36,17,96749.6328,69100.1484,73989.8672,-3.62360879E-06
36,18,96749.6328,73989.8672,80123.3828,-3.62360879E-06
36,19,96749.6328,80123.3828,87652.4609,-3.62360879E-06
36,20,96749.6328,87652.4609,96749.6328,-3.62360879E-06
37,1,1392730.62,96749.6328,112415.508,-9.76984011E-05
37,2,1392730.62,112415.508,132167.859,-9.76984011E-05
37,3,1392730.62,132167.859,156627.312,-9.76984011E-05
37,4,1392730.62,156627.312,186408.391,-9.76984011E-05
37,5,1392730.62,186408.391,222077.938,-9.76984011E-05
37,6,1392730.62,222077.938,264115.250,-9.76984011E-05
37,7,1392730.62,264115.250,312875.938,-9.76984011E-05
37,8,1392730.62,312875.938,368561.594,-9.76984011E-05
37,9,1392730.62,368561.594,431195.406,-9.76984011E-05
37,10,1392730.62,431195.406,500604.344,-9.76984011E-05
37,11,1392730.62,500604.344,576408.562,-9.76984011E-05
37,12,1392730.62,576408.562,658018.812,-9.76984011E-05
37,13,1392730.62,658018.812,744641.562,-9.76984011E-05
37,14,1392730.62,744641.562,835293.875,-9.76984011E-05
37,15,1392730.62,835293.875,928827.438,-9.76984011E-05
37,16,1392730.62,928827.438,1023961.12,-9.76984011E-05
37,17,1392730.62,1023961.12,1119322.50,-9.76984011E-05
37,18,1392730.62,1119322.50,1213495.75,-9.76984011E-05
37,19,1392730.62,1213495.75,1305077.38,-9.76984011E-05
37,20,1392730.62,1305077.38,1392730.62,-9.76984011E-05
38,1,1347874.75,1392730.62,1535932.75,6.70263307E-06
38,2,1347874.75,1535932.75,1659192.38,6.70263307E-06
38,3,1347874.75,1659192.38,1758879.25,6.70263307E-06
38,4,1347874.75,1758879.25,1833929.75,6.70263307E-06
38,5,1347874.75,1833929.75,1885977.62,6.70263307E-06
38,6,1347874.75,1885977.62,1919022.62,6.70263307E-06
38,7,1347874.75,1919022.62,1938630.25,6.70263307E-06
38,8,1347874.75,1938630.25,1950772.50,6.70263307E-06
38,9,1347874.75,1950772.50,1960514.50,6.70263307E-06
38,10,1347874.75,1960514.50,1970835.62,6.70263307E-06
38,11,1347874.75,1970835.62,1981844.75,6.70263307E-06
38,12,1347874.75,1981844.75,1990601.25,6.70263307E-06
38,13,1347874.75,1990601.25,1991605.50,6.70263307E-06
38,14,1347874.75,1991605.50,1977880.62,6.70263307E-06
38,15,1347874.75,1977880.62,1942411.75,6.70263307E-06
38,16,1347874.75,1942411.75,1879638.25,6.70263307E-06
38,17,1347874.75,1879638.25,1786671.88,6.70263307E-06
38,18,1347874.75,1786671.88,1663989.62,6.70263307E-06
38,19,1347874.75,1663989.62,1515480.25,6.70263307E-06
38,20,1347874.75,1515480.25,1347874.75,6.70263307E-06
39,1,83012.3203,1347874.75,1210887.88,-5.85427244E-08
39,2,83012.3203,1210887.88,1072371.25,-5.85427244E-08
39,3,83012.3203,1072371.25,936340.125,-5.85427244E-08
39,4,83012.3203,936340.125,806333.375,-5.85427244E-08
39,5,83012.3203,806333.375,685227.562,-5.85427244E-08
39,6,83012.3203,685227.562,575132.688,-5.85427244E-08
39,7,83012.3203,575132.688,477367.312,-5.85427244E-08
39,8,83012.3203,477367.312,392504.500,-5.85427244E-08
39,9,83012.3203,392504.500,320470.125,-5.85427244E-08
39,10,83012.3203,320470.125,260673.656,-5.85427244E-08
39,11,83012.3203,260673.656,212151.047,-5.85427244E-08
39,12,83012.3203,212151.047,173703.703,-5.85427244E-08
39,13,83012.3203,173703.703,144021.266,-5.85427244E-08
39,14,83012.3203,144021.266,121781.578,-5.85427244E-08
39,15,83012.3203,121781.578,105724.805,-5.85427244E-08
39,16,83012.3203,105724.805,94702.8281,-5.85427244E-08
39,17,83012.3203,94702.8281,87706.9688,-5.85427244E-08
39,18,83012.3203,87706.9688,83878.1797,-5.85427244E-08
39,19,83012.3203,83878.1797,82504.8203,-5.85427244E-08
39,20,83012.3203,82504.8203,83012.3203,-5.85427244E-08
40,1,93670.9141,83012.3203,82673.6406,-9.66837481E-02
40,2,93670.9141,82673.6406,82435.9297,-9.66837481E-02
40,3,93670.9141,82435.9297,82294.9766,-9.66837481E-02
40,4,93670.9141,82294.9766,82248.1562,-9.66837481E-02
40,5,93670.9141,82248.1562,82294.1484,-9.66837481E-02
40,6,93670.9141,82294.1484,82432.6016,-9.66837481E-02
40,7,93670.9141,82432.6016,82663.7188,-9.66837481E-02
40,8,93670.9141,82663.7188,82987.8594,-9.66837481E-02
40,9,93670.9141,82987.8594,83405.2188,-9.66837481E-02
40,10,93670.9141,83405.2188,83915.5469,-9.66837481E-02
40,11,93670.9141,83915.5469,84518.0391,-9.66837481E-02
40,12,93670.9141,84518.0391,85211.1797,-9.66837481E-02
40,13,93670.9141,85211.1797,85992.8516,-9.66837481E-02
40,14,93670.9141,85992.8516,86860.3047,-9.66837481E-02
40,15,93670.9141,86860.3047,87810.3125,-9.66837481E-02
40,16,93670.9141,87810.3125,88839.3359,-9.66837481E-02
40,17,93670.9141,88839.3359,89943.6172,-9.66837481E-02
40,18,93670.9141,89943.6172,91119.3984,-9.66837481E-02
40,19,93670.9141,91119.3984,92362.9766,-9.66837481E-02
40,20,93670.9141,92362.9766,93670.9141,-9.66837481E-02
41,1,138876.875,93670.9141,95647.1875,-1.73804182E-07
41,2,138876.875,95647.1875,97672.7031,-1.73804182E-07
41,3,138876.875,97672.7031,99743.0703,-1.73804182E-07
41,4,138876.875,99743.0703,101853.453,-1.73804182E-07
41,5,138876.875,101853.453,103998.836,-1.73804182E-07
41,6,138876.875,103998.836,106174.258,-1.73804182E-07
41,7,138876.875,106174.258,108375.141,-1.73804182E-07
41,8,138876.875,108375.141,110597.516,-1.73804182E-07
41,9,138876.875,110597.516,112838.250,-1.73804182E-07
41,10,138876.875,112838.250,115095.203,-1.73804182E-07
41,11,138876.875,115095.203,117367.375,-1.73804182E-07
41,12,138876.875,117367.375,119654.938,-1.73804182E-07
41,13,138876.875,119654.938,121959.234,-1.73804182E-07
41,14,138876.875,121959.234,124282.703,-1.73804182E-07
41,15,138876.875,124282.703,126628.812,-1.73804182E-07
41,16,138876.875,126628.812,129001.930,-1.73804182E-07
41,17,138876.875,129001.930,131407.234,-1.73804182E-07
41,18,138876.875,131407.234,133850.531,-1.73804182E-07
41,19,138876.875,133850.531,136338.156,-1.73804182E-07
41,20,138876.875,136338.156,138876.875,-1.73804182E-07
42,1,172252.125,138876.875,140297.203,2.91867764E-04
42,2,172252.125,140297.203,141736.391,2.91867764E-04
42,3,172252.125,141736.391,143195.641,2.91867764E-04
42,4,172252.125,143195.641,144676.172,2.91867764E-04
42,5,172252.125,144676.172,146179.203,2.91867764E-04
42,6,172252.125,146179.203,147705.984,2.91867764E-04
42,7,172252.125,147705.984,149257.734,2.91867764E-04
42,8,172252.125,149257.734,150835.672,2.91867764E-04
42,9,172252.125,150835.672,152441.047,2.91867764E-04
42,10,172252.125,152441.047,154075.031,2.91867764E-04
42,11,172252.125,154075.031,155738.859,2.91867764E-04
42,12,172252.125,155738.859,157433.734,2.91867764E-04
42,13,172252.125,157433.734,159160.875,2.91867764E-04
42,14,172252.125,159160.875,160921.453,2.91867764E-04
42,15,172252.125,160921.453,162716.641,2.91867764E-04
42,16,172252.125,162716.641,164547.609,2.91867764E-04
42,17,172252.125,164547.609,166415.500,2.91867764E-04
42,18,172252.125,166415.500,168321.453,2.91867764E-04
42,19,172252.125,168321.453,170266.609,2.91867764E-04
42,20,172252.125,170266.609,172252.125,2.91867764E-04
43,1,948642.250,172252.125,185712.281,3.44302498E-09
43,2,948642.250,185712.281,201051.734,3.44302498E-09
43,3,948642.250,201051.734,218489.734,3.44302498E-09
43,4,948642.250,218489.734,238235.000,3.44302498E-09
43,5,948642.250,238235.000,260485.844,3.44302498E-09
43,6,948642.250,260485.844,285429.656,3.44302498E-09
43,7,948642.250,285429.656,313240.188,3.44302498E-09
43,8,948642.250,313240.188,344072.750,3.44302498E-09
43,9,948642.250,344072.750,378058.156,3.44302498E-09
43,10,948642.250,378058.156,415294.188,3.44302498E-09
43,11,948642.250,415294.188,455837.438,3.44302498E-09
43,12,948642.250,455837.438,499693.688,3.44302498E-09
43,13,948642.250,499693.688,546810.188,3.44302498E-09
43,14,948642.250,546810.188,597067.938,3.44302498E-09
43,15,948642.250,597067.938,650276.438,3.44302498E-09
43,16,948642.250,650276.438,706169.875,3.44302498E-09
43,17,948642.250,706169.875,764406.062,3.44302498E-09
43,18,948642.250,764406.062,824567.438,3.44302498E-09
43,19,948642.250,824567.438,886164.688,3.44302498E-09
43,20,948642.250,886164.688,948642.250,3.44302498E-09
44,1,1204243.12,948642.250,961595.250,2.47315201E-03
44,2,1204243.12,961595.250,974565.375,2.47315201E-03
44,3,1204243.12,974565.375,987547.188,2.47315201E-03
44,4,1204243.12,987547.188,1000534.94,2.47315201E-03
44,5,1204243.12,1000534.94,1013522.94,2.47315201E-03
44,6,1204243.12,1013522.94,1026505.31,2.47315201E-03
44,7,1204243.12,1026505.31,1039476.38,2.47315201E-03
44,8,1204243.12,1039476.38,1052429.88,2.47315201E-03
44,9,1204243.12,1052429.88,1065359.88,2.47315201E-03
44,10,1204243.12,1065359.88,1078260.12,2.47315201E-03
44,11,1204243.12,1078260.12,1091124.50,2.47315201E-03
44,12,1204243.12,1091124.50,1103946.75,2.47315201E-03
44,13,1204243.12,1103946.75,1116720.62,2.47315201E-03
44,14,1204243.12,1116720.62,1129439.62,2.47315201E-03
44,15,1204243.12,1129439.62,1142097.38,2.47315201E-03
44,16,1204243.12,1142097.38,1154687.62,2.47315201E-03
44,17,1204243.12,1154687.62,1167203.88,2.47315201E-03
44,18,1204243.12,1167203.88,1179639.50,2.47315201E-03
44,19,1204243.12,1179639.50,1191988.12,2.47315201E-03
44,20,1204243.12,1191988.12,1204243.12,2.47315201E-03
45,1,1563815.50,1204243.12,1234080.75,-4.17230513E-06
45,2,1563815.50,1234080.75,1263187.00,-4.17230513E-06
45,3,1563815.50,1263187.00,1291463.38,-4.17230513E-06
45,4,1563815.50,1291463.38,1318813.25,-4.17230513E-06
45,5,1563815.50,1318813.25,1345141.25,-4.17230513E-06
45,6,1563815.50,1345141.25,1370354.38,-4.17230513E-06
45,7,1563815.50,1370354.38,1394362.25,-4.17230513E-06
45,8,1563815.50,1394362.25,1417078.00,-4.17230513E-06
45,9,1563815.50,1417078.00,1438418.62,-4.17230513E-06
45,10,1563815.50,1438418.62,1458305.00,-4.17230513E-06
45,11,1563815.50,1458305.00,1476663.12,-4.17230513E-06
45,12,1563815.50,1476663.12,1493424.25,-4.17230513E-06
45,13,1563815.50,1493424.25,1508525.12,-4.17230513E-06
45,14,1563815.50,1508525.12,1521909.38,-4.17230513E-06
45,15,1563815.50,1521909.38,1533526.00,-4.17230513E-06
45,16,1563815.50,1533526.00,1543331.00,-4.17230513E-06
45,17,1563815.50,1543331.00,1551288.12,-4.17230513E-06
45,18,1563815.50,1551288.12,1557368.00,-4.17230513E-06
45,19,1563815.50,1557368.00,1561548.50,-4.17230513E-06
45,20,1563815.50,1561548.50,1563815.50,-4.17230513E-06
46,1,1533458.25,1563815.50,1564087.25,1.03326833E-07
46,2,1533458.25,1564087.25,1564179.00,1.03326833E-07
46,3,1533458.25,1564179.00,1564089.00,1.03326833E-07
46,4,1533458.25,1564089.00,1563816.12,1.03326833E-07
46,5,1533458.25,1563816.12,1563358.38,1.03326833E-07
46,6,1533458.25,1563358.38,1562714.62,1.03326833E-07
46,7,1533458.25,1562714.62,1561882.75,1.03326833E-07
46,8,1533458.25,1561882.75,1560861.50,1.03326833E-07
46,9,1533458.25,1560861.50,1559649.38,1.03326833E-07
46,10,1533458.25,1559649.38,1558244.88,1.03326833E-07
46,11,1533458.25,1558244.88,1556647.00,1.03326833E-07
46,12,1533458.25,1556647.00,1554854.50,1.03326833E-07
46,13,1533458.25,1554854.50,1552866.50,1.03326833E-07
46,14,1533458.25,1552866.50,1550682.50,1.03326833E-07
46,15,1533458.25,1550682.50,1548302.25,1.03326833E-07
46,16,1533458.25,1548302.25,1545725.25,1.03326833E-07
46,17,1533458.25,1545725.25,1542952.00,1.03326833E-07
46,18,1533458.25,1542952.00,1539982.75,1.03326833E-07
46,19,1533458.25,1539982.75,1536817.75,1.03326833E-07
46,20,1533458.25,1536817.75,1533458.25,1.03326833E-07
47,1,1531376.38,1533458.75,1533360.00,-9.61006663E-06
47,2,1531376.38,1533360.00,1533261.25,-9.61006663E-06
47,3,1531376.38,1533261.25,1533162.75,-9.61006663E-06
47,4,1531376.38,1533162.75,1533065.88,-9.61006663E-06
47,5,1531376.38,1533065.88,1532959.25,-9.61006663E-06
47,6,1531376.38,1532959.25,1532873.75,-9.61006663E-06
47,7,1531376.38,1532873.75,1532760.00,-9.61006663E-06
47,8,1531376.38,1532760.00,1532663.38,-9.61006663E-06
47,9,1531376.38,1532663.38,1532538.50,-9.61006663E-06
47,10,1531376.38,1532538.50,1532496.25,-9.61006663E-06
47,11,1531376.38,1532496.25,1532300.75,-9.61006663E-06
47,12,1531376.38,1532300.75,1532384.12,-9.61006663E-06
47,13,1531376.38,1532384.12,1532000.38,-9.61006663E-06
47,14,1531376.38,1532000.38,1532117.75,-9.61006663E-06
47,15,1531376.38,1532117.75,1532004.50,-9.61006663E-06
47,16,1531376.38,1532004.50,1531785.25,-9.61006663E-06
47,17,1531376.38,1531785.25,1531775.25,-9.61006663E-06
47,18,1531376.38,1531775.25,1531759.25,-9.61006663E-06
47,19,1531376.38,1531759.25,1531375.50,-9.61006663E-06
47,20,1531376.38,1531375.50,1531376.38,-9.61006663E-06
48,1,1531205.62,1531376.38,1531521.38,1.18467573E-03
48,2,1531205.62,1531521.38,1531234.38,1.18467573E-03
48,3,1531205.62,1531234.38,1531019.75,1.18467573E-03
48,4,1531205.62,1531019.75,1531093.38,1.18467573E-03
48,5,1531205.62,1531093.38,1531024.50,1.18467573E-03
48,6,1531205.62,1531024.50,1530788.38,1.18467573E-03
48,7,1531205.62,1530788.38,1530682.12,1.18467573E-03
48,8,1531205.62,1530682.12,1530720.75,1.18467573E-03
48,9,1531205.62,1530720.75,1530579.88,1.18467573E-03
48,10,1531205.62,1530579.88,1530552.00,1.18467573E-03
48,11,1531205.62,1530552.00,1530142.75,1.18467573E-03
48,12,1531205.62,1530142.75,1530531.12,1.18467573E-03
48,13,1531205.62,1530531.12,1529788.62,1.18467573E-03
48,14,1531205.62,1529788.62,1530908.12,1.18467573E-03
48,15,1531205.62,1530908.12,1528657.50,1.18467573E-03
48,16,1531205.62,1528657.50,1530801.00,1.18467573E-03
48,17,1531205.62,1530801.00,1530545.75,1.18467573E-03
48,18,1531205.62,1530545.75,1526482.00,1.18467573E-03
48,19,1531205.62,1526482.00,1532501.00,1.18467573E-03
48,20,1531205.62,1532501.00,1531205.62,1.18467573E-03
49,1,1532616.38,1531205.62,1526457.50,1.62429910E-08
49,2,1532616.38,1526457.50,1524573.50,1.62429910E-08
49,3,1532616.38,1524573.50,1527172.50,1.62429910E-08
49,4,1532616.38,1527172.50,1531694.88,1.62429910E-08
49,5,1532616.38,1531694.88,1534271.62,1.62429910E-08
49,6,1532616.38,1534271.62,1532952.25,1.62429910E-08
49,7,1532616.38,1532952.25,1528552.25,1.62429910E-08
49,8,1532616.38,1528552.25,1524896.62,1.62429910E-08
49,9,1532616.38,1524896.62,1522918.12,1.62429910E-08
49,10,1532616.38,1522918.12,1525681.00,1.62429910E-08
49,11,1532616.38,1525681.00,1530599.75,1.62429910E-08
49,12,1532616.38,1530599.75,1532894.25,1.62429910E-08
49,13,1532616.38,1532894.25,1534288.75,1.62429910E-08
49,14,1532616.38,1534288.75,1533802.62,1.62429910E-08
49,15,1532616.38,1533802.62,1526874.25,1.62429910E-08
49,16,1532616.38,1526874.25,1524948.38,1.62429910E-08
49,17,1532616.38,1524948.38,1522876.12,1.62429910E-08
49,18,1532616.38,1522876.12,1521868.75,1.62429910E-08
49,19,1532616.38,1521868.75,1525942.25,1.62429910E-08
49,20,1532616.38,1525942.25,1532616.38,1.62429910E-08
50,1,1526985.88,1532717.38,1535833.62,-2.27336132E-04
50,2,1526985.88,1535833.62,1530934.38,-2.27336132E-04
50,3,1526985.88,1530934.38,1527979.75,-2.27336132E-04
50,4,1526985.88,1527979.75,1525889.62,-2.27336132E-04
50,5,1526985.88,1525889.62,1522743.12,-2.27336132E-04
50,6,1526985.88,1522743.12,1521398.00,-2.27336132E-04
50,7,1526985.88,1521398.00,1526430.75,-2.27336132E-04
50,8,1526985.88,1526430.75,1532099.25,-2.27336132E-04
50,9,1526985.88,1532099.25,1538560.75,-2.27336132E-04
50,10,1526985.88,1538560.75,1533495.88,-2.27336132E-04
50,11,1526985.88,1533495.88,1524866.88,-2.27336132E-04
50,12,1526985.88,1524866.88,1519756.62,-2.27336132E-04
50,13,1526985.88,1519756.62,1519290.00,-2.27336132E-04
50,14,1526985.88,1519290.00,1523726.12,-2.27336132E-04
50,15,1526985.88,1523726.12,1530043.88,-2.27336132E-04
50,16,1526985.88,1530043.88,1533059.88,-2.27336132E-04
50,17,1526985.88,1533059.88,1531460.38,-2.27336132E-04
50,18,1526985.88,1531460.38,1528640.12,-2.27336132E-04
50,19,1526985.88,1528640.12,1527462.12,-2.27336132E-04
50,20,1526985.88,1527462.12,1526985.88,-2.27336132E-04
51,1,1518993.50,1526985.88,1524566.38,7.47876111E-05
51,2,1518993.50,1524566.38,1520799.50,7.47876111E-05
51,3,1518993.50,1520799.50,1519459.12,7.47876111E-05
51,4,1518993.50,1519459.12,1523940.62,7.47876111E-05
51,5,1518993.50,1523940.62,1531199.00,7.47876111E-05
51,6,1518993.50,1531199.00,1536959.38,7.47876111E-05
51,7,1518993.50,1536959.38,1535185.12,7.47876111E-05
51,8,1518993.50,1535185.12,1527546.50,7.47876111E-05
51,9,1518993.50,1527546.50,1518673.62,7.47876111E-05
51,10,1518993.50,1518673.62,1513460.62,7.47876111E-05
51,11,1518993.50,1513460.62,1515137.25,7.47876111E-05
51,12,1518993.50,1515137.25,1526207.25,7.47876111E-05
51,13,1518993.50,1526207.25,1530648.75,7.47876111E-05
51,14,1518993.50,1530648.75,1536759.38,7.47876111E-05
51,15,1518993.50,1536759.38,1537371.62,7.47876111E-05
51,16,1518993.50,1537371.62,1527722.75,7.47876111E-05
51,17,1518993.50,1527722.75,1518701.75,7.47876111E-05
51,18,1518993.50,1518701.75,1516216.38,7.47876111E-05
51,19,1518993.50,1516216.38,1516685.50,7.47876111E-05
51,20,1518993.50,1516685.50,1518993.50,7.47876111E-05
52,1,1513882.50,1519045.75,1526346.38,4.79043182E-03
52,2,1513882.50,1526346.38,1533775.38,4.79043182E-03
52,3,1513882.50,1533775.38,1533546.38,4.79043182E-03
52,4,1513882.50,1533546.38,1526649.62,4.79043182E-03
52,5,1513882.50,1526649.62,1521783.75,4.79043182E-03
52,6,1513882.50,1521783.75,1520864.75,4.79043182E-03
52,7,1513882.50,1520864.75,1524531.62,4.79043182E-03
52,8,1513882.50,1524531.62,1521309.62,4.79043182E-03
52,9,1513882.50,1521309.62,1523190.88,4.79043182E-03
52,10,1513882.50,1523190.88,1526538.88,4.79043182E-03
52,11,1513882.50,1526538.88,1528526.00,4.79043182E-03
52,12,1513882.50,1528526.00,1527402.00,4.79043182E-03
52,13,1513882.50,1527402.00,1529038.38,4.79043182E-03
52,14,1513882.50,1529038.38,1527219.88,4.79043182E-03
52,15,1513882.50,1527219.88,1522447.50,4.79043182E-03
52,16,1513882.50,1522447.50,1523734.88,4.79043182E-03
52,17,1513882.50,1523734.88,1528973.50,4.79043182E-03
52,18,1513882.50,1528973.50,1527328.88,4.79043182E-03
52,19,1513882.50,1527328.88,1518275.38,4.79043182E-03
52,20,1513882.50,1518275.38,1513882.50,4.79043182E-03
53,1,1535288.12,1513882.50,1514032.62,-2.61540264E-02
53,2,1535288.12,1514032.62,1514339.62,-2.61540264E-02
53,3,1535288.12,1514339.62,1514802.25,-2.61540264E-02
53,4,1535288.12,1514802.25,1515413.50,-2.61540264E-02
53,5,1535288.12,1515413.50,1516170.25,-2.61540264E-02
53,6,1535288.12,1516170.25,1517058.75,-2.61540264E-02
53,7,1535288.12,1517058.75,1518069.25,-2.61540264E-02
53,8,1535288.12,1518069.25,1519190.62,-2.61540264E-02
53,9,1535288.12,1519190.62,1520406.62,-2.61540264E-02
53,10,1535288.12,1520406.62,1521701.88,-2.61540264E-02
53,11,1535288.12,1521701.88,1523062.25,-2.61540264E-02
53,12,1535288.12,1523062.25,1524468.75,-2.61540264E-02
53,13,1535288.12,1524468.75,1525902.88,-2.61540264E-02
53,14,1535288.12,1525902.88,1527347.25,-2.61540264E-02
53,15,1535288.12,1527347.25,1528784.50,-2.61540264E-02
53,16,1535288.12,1528784.50,1530197.88,-2.61540264E-02
53,17,1535288.12,1530197.88,1531571.75,-2.61540264E-02
53,18,1535288.12,1531571.75,1532888.75,-2.61540264E-02
53,19,1535288.12,1532888.75,1534131.38,-2.61540264E-02
53,20,1535288.12,1534131.38,1535288.12,-2.61540264E-02
54,1,1522492.75,1535288.12,1538748.75,-5.07322606E-03
54,2,1522492.75,1538748.75,1540572.12,-5.07322606E-03
54,3,1522492.75,1540572.12,1540567.25,-5.07322606E-03
54,4,1522492.75,1540567.25,1538795.00,-5.07322606E-03
54,5,1522492.75,1538795.00,1535532.75,-5.07322606E-03
54,6,1522492.75,1535532.75,1531212.62,-5.07322606E-03
54,7,1522492.75,1531212.62,1526355.25,-5.07322606E-03
54,8,1522492.75,1526355.25,1521496.88,-5.07322606E-03
54,9,1522492.75,1521496.88,1517125.12,-5.07322606E-03
54,10,1522492.75,1517125.12,1513619.12,-5.07322606E-03
54,11,1522492.75,1513619.12,1511223.88,-5.07322606E-03
54,12,1522492.75,1511223.88,1510037.38,-5.07322606E-03
54,13,1522492.75,1510037.38,1509999.38,-5.07322606E-03
54,14,1522492.75,1509999.38,1510942.75,-5.07322606E-03
54,15,1522492.75,1510942.75,1512614.62,-5.07322606E-03
54,16,1522492.75,1512614.62,1514724.38,-5.07322606E-03
54,17,1522492.75,1514724.38,1516981.00,-5.07322606E-03
54,18,1522492.75,1516981.00,1519136.00,-5.07322606E-03
54,19,1522492.75,1519136.00,1521011.12,-5.07322606E-03
54,20,1522492.75,1521011.12,1522492.75,-5.07322606E-03
55,1,1525959.62,1522492.75,1523442.62,-4.41404991E-04
55,2,1525959.62,1523442.62,1524123.12,-4.41404991E-04
55,3,1525959.62,1524123.12,1524577.12,-4.41404991E-04
55,4,1525959.62,1524577.12,1524867.88,-4.41404991E-04
55,5,1525959.62,1524867.88,1525063.50,-4.41404991E-04
55,6,1525959.62,1525063.50,1525236.88,-4.41404991E-04
55,7,1525959.62,1525236.88,1525444.75,-4.41404991E-04
55,8,1525959.62,1525444.75,1525730.25,-4.41404991E-04
55,9,1525959.62,1525730.25,1526113.00,-4.41404991E-04
55,10,1525959.62,1526113.00,1526593.62,-4.41404991E-04
55,11,1525959.62,1526593.62,1527147.88,-4.41404991E-04
55,12,1525959.62,1527147.88,1527732.38,-4.41404991E-04
55,13,1525959.62,1527732.38,1528285.75,-4.41404991E-04
55,14,1525959.62,1528285.75,1528739.38,-4.41404991E-04
55,15,1525959.62,1528739.38,1529023.25,-4.41404991E-04
55,16,1525959.62,1529023.25,1529066.50,-4.41404991E-04
55,17,1525959.62,1529066.50,1528814.12,-4.41404991E-04
55,18,1525959.62,1528814.12,1528223.00,-4.41404991E-04
55,19,1525959.62,1528223.00,1527270.88,-4.41404991E-04
55,20,1525959.62,1527270.88,1525959.62,-4.41404991E-04
56,1,1536576.00,1525959.62,1523729.00,-6.86332442E-06
56,2,1536576.00,1523729.00,1521042.88,-6.86332442E-06
56,3,1536576.00,1521042.88,1518088.75,-6.86332442E-06
56,4,1536576.00,1518088.75,1515096.75,-6.86332442E-06
56,5,1536576.00,1515096.75,1512319.62,-6.86332442E-06
56,6,1536576.00,1512319.62,1510006.50,-6.86332442E-06
56,7,1536576.00,1510006.50,1508379.75,-6.86332442E-06
56,8,1536576.00,1508379.75,1507613.38,-6.86332442E-06
56,9,1536576.00,1507613.38,1507810.25,-6.86332442E-06
56,10,1536576.00,1507810.25,1508997.50,-6.86332442E-06
56,11,1536576.00,1508997.50,1511118.12,-6.86332442E-06
56,12,1536576.00,1511118.12,1514036.00,-6.86332442E-06
56,13,1536576.00,1514036.00,1517551.00,-6.86332442E-06
56,14,1536576.00,1517551.00,1521407.00,-6.86332442E-06
56,15,1536576.00,1521407.00,1525320.12,-6.86332442E-06
56,16,1536576.00,1525320.12,1528999.75,-6.86332442E-06
56,17,1536576.00,1528999.75,1532172.38,-6.86332442E-06
56,18,1536576.00,1532172.38,1534601.62,-6.86332442E-06
56,19,1536576.00,1534601.62,1536105.75,-6.86332442E-06
56,20,1536576.00,1536105.75,1536576.00,-6.86332442E-06
57,1,1525527.75,1537911.00,1537382.38,-6.32554020E-07
57,2,1525527.75,1537382.38,1535065.25,-6.32554020E-07
57,3,1525527.75,1535065.25,1533370.25,-6.32554020E-07
57,4,1525527.75,1533370.25,1530077.38,-6.32554020E-07
57,5,1525527.75,1530077.38,1524623.50,-6.32554020E-07
57,6,1525527.75,1524623.50,1520555.75,-6.32554020E-07
57,7,1525527.75,1520555.75,1517602.00,-6.32554020E-07
57,8,1525527.75,1517602.00,1513723.88,-6.32554020E-07
57,9,1525527.75,1513723.88,1510409.38,-6.32554020E-07
57,10,1525527.75,1510409.38,1508141.50,-6.32554020E-07
57,11,1525527.75,1508141.50,1506099.00,-6.32554020E-07
57,12,1525527.75,1506099.00,1505262.00,-6.32554020E-07
57,13,1525527.75,1505262.00,1505324.88,-6.32554020E-07
57,14,1525527.75,1505324.88,1506657.38,-6.32554020E-07
57,15,1525527.75,1506657.38,1509541.88,-6.32554020E-07
57,16,1525527.75,1509541.88,1513141.00,-6.32554020E-07
57,17,1525527.75,1513141.00,1516977.12,-6.32554020E-07
57,18,1525527.75,1516977.12,1520241.88,-6.32554020E-07
57,19,1525527.75,1520241.88,1523029.12,-6.32554020E-07
57,20,1525527.75,1523029.12,1525527.75,-6.32554020E-07
58,1,1518530.62,1525527.75,1531970.38,8.43725320E-06
58,2,1518530.62,1531970.38,1531017.25,8.43725320E-06
58,3,1518530.62,1531017.25,1522144.75,8.43725320E-06
58,4,1518530.62,1522144.75,1512400.62,8.43725320E-06
58,5,1518530.62,1512400.62,1510495.12,8.43725320E-06
58,6,1518530.62,1510495.12,1515251.12,8.43725320E-06
58,7,1518530.62,1515251.12,1521765.75,8.43725320E-06
58,8,1518530.62,1521765.75,1524816.00,8.43725320E-06
58,9,1518530.62,1524816.00,1523429.75,8.43725320E-06
58,10,1518530.62,1523429.75,1521076.50,8.43725320E-06
58,11,1518530.62,1521076.50,1519873.50,8.43725320E-06
58,12,1518530.62,1519873.50,1518473.88,8.43725320E-06
58,13,1518530.62,1518473.88,1515341.75,8.43725320E-06
58,14,1518530.62,1515341.75,1513681.38,8.43725320E-06
58,15,1518530.62,1513681.38,1515578.00,8.43725320E-06
58,16,1518530.62,1515578.00,1518525.88,8.43725320E-06
58,17,1518530.62,1518525.88,1520876.88,8.43725320E-06
58,18,1518530.62,1520876.88,1520801.38,8.43725320E-06
58,19,1518530.62,1520801.38,1520155.25,8.43725320E-06
58,20,1518530.62,1520155.25,1518530.62,8.43725320E-06
