1,1,0.00000000,7437.92480,7437.92480
1,2,0.00000000,14875.8203,14875.8203
1,3,0.00000000,22313.4844,22313.4844
1,4,0.00000000,29749.9121,29749.9121
1,5,0.00000000,37181.4453,37181.4453
1,6,0.00000000,44597.6445,44597.6445
1,7,0.00000000,51974.3125,51974.3125
1,8,0.00000000,59264.5859,59264.5859
1,9,0.00000000,66391.2422,66391.2422
1,10,0.00000000,73244.9453,73244.9453
1,11,0.00000000,79691.9922,79691.9922
1,12,0.00000000,85591.9844,85591.9844
1,13,0.00000000,90821.1797,90821.1797
1,14,0.00000000,95294.5703,95294.5703
1,15,0.00000000,98979.9531,98979.9531
1,16,0.00000000,101900.344,101900.344
1,17,0.00000000,104125.430,104125.430
1,18,0.00000000,105755.906,105755.906
1,19,0.00000000,106905.820,106905.820
1,20,0.00000000,0.00000000,0.00000000
2,1,0.00000000,7437.92480,7437.92480
2,2,0.00000000,14875.8203,14875.8203
2,3,0.00000000,22313.4844,22313.4844
2,4,0.00000000,29749.9121,29749.9121
2,5,0.00000000,37181.4453,37181.4453
2,6,0.00000000,44597.6445,44597.6445
2,7,0.00000000,51974.3125,51974.3125
2,8,0.00000000,59264.5859,59264.5859
2,9,0.00000000,66391.2422,66391.2422
2,10,0.00000000,73244.9453,73244.9453
2,11,0.00000000,79691.9922,79691.9922
2,12,0.00000000,85591.9844,85591.9844
2,13,0.00000000,90821.1797,90821.1797
2,14,0.00000000,95294.5703,95294.5703
2,15,0.00000000,98979.9531,98979.9531
2,16,0.00000000,101900.344,101900.344
2,17,0.00000000,104125.430,104125.430
2,18,0.00000000,105755.906,105755.906
2,19,0.00000000,106905.820,106905.820
2,20,0.00000000,0.00000000,0.00000000
3,1,0.00000000,7437.92480,7437.92480
3,2,0.00000000,14875.8203,14875.8203
3,3,0.00000000,22313.4844,22313.4844
3,4,0.00000000,29749.9121,29749.9121
3,5,0.00000000,37181.4453,37181.4453
3,6,0.00000000,44597.6445,44597.6445
3,7,0.00000000,51974.3125,51974.3125
3,8,0.00000000,59264.5859,59264.5859
3,9,0.00000000,66391.2422,66391.2422
3,10,0.00000000,73244.9453,73244.9453
3,11,0.00000000,79691.9922,79691.9922
3,12,0.00000000,85591.9844,85591.9844
3,13,0.00000000,90821.1797,90821.1797
3,14,0.00000000,95294.5703,95294.5703
3,15,0.00000000,98979.9531,98979.9531
3,16,0.00000000,101900.344,101900.344
3,17,0.00000000,104125.430,104125.430
3,18,0.00000000,105755.906,105755.906
3,19,0.00000000,106905.820,106905.820
3,20,0.00000000,0.00000000,0.00000000
4,1,0.00000000,7437.92480,7437.92480
4,2,0.00000000,14875.8203,14875.8203
4,3,0.00000000,22313.4844,22313.4844
4,4,0.00000000,29749.9121,29749.9121
4,5,0.00000000,37181.4453,37181.4453
4,6,0.00000000,44597.6445,44597.6445
4,7,0.00000000,51974.3125,51974.3125
4,8,0.00000000,59264.5859,59264.5859
4,9,0.00000000,66391.2422,66391.2422
4,10,0.00000000,73244.9453,73244.9453
4,11,0.00000000,79691.9922,79691.9922
4,12,0.00000000,85591.9844,85591.9844
4,13,0.00000000,90821.1797,90821.1797
4,14,0.00000000,95294.5703,95294.5703
4,15,0.00000000,98979.9531,98979.9531
4,16,0.00000000,101900.344,101900.344
4,17,0.00000000,104125.430,104125.430
4,18,0.00000000,105755.906,105755.906
4,19,0.00000000,106905.820,106905.820
4,20,0.00000000,0.00000000,0.00000000
5,1,0.00000000,7437.92480,7437.92480
5,2,0.00000000,14875.8203,14875.8203
5,3,0.00000000,22313.4844,22313.4844
5,4,0.00000000,29749.9121,29749.9121
5,5,0.00000000,37181.4453,37181.4453
5,6,0.00000000,44597.6445,44597.6445
5,7,0.00000000,51974.3125,51974.3125
5,8,0.00000000,59264.5859,59264.5859
5,9,0.00000000,66391.2422,66391.2422
5,10,0.00000000,73244.9453,73244.9453
5,11,0.00000000,79691.9922,79691.9922
5,12,0.00000000,85591.9844,85591.9844
5,13,0.00000000,90821.1797,90821.1797
5,14,0.00000000,95294.5703,95294.5703
5,15,0.00000000,98979.9531,98979.9531
5,16,0.00000000,101900.344,101900.344
5,17,0.00000000,104125.430,104125.430
5,18,0.00000000,105755.906,105755.906
5,19,0.00000000,106905.820,106905.820
5,20,0.00000000,0.00000000,0.00000000
6,1,0.00000000,7437.92480,7437.92480
6,2,0.00000000,14875.8203,14875.8203
6,3,0.00000000,22313.4844,22313.4844
6,4,0.00000000,29749.9121,29749.9121
6,5,0.00000000,37181.4453,37181.4453
6,6,0.00000000,44597.6445,44597.6445
6,7,0.00000000,51974.3125,51974.3125
6,8,0.00000000,59264.5859,59264.5859
6,9,0.00000000,66391.2422,66391.2422
6,10,0.00000000,73244.9453,73244.9453
6,11,0.00000000,79691.9922,79691.9922
6,12,0.00000000,85591.9844,85591.9844
6,13,0.00000000,90821.1797,90821.1797
6,14,0.00000000,95294.5703,95294.5703
6,15,0.00000000,98979.9531,98979.9531
6,16,0.00000000,101900.344,101900.344
6,17,0.00000000,104125.430,104125.430
6,18,0.00000000,105755.906,105755.906
6,19,0.00000000,106905.820,106905.820
6,20,0.00000000,0.00000000,0.00000000
7,1,0.00000000,7437.92480,7437.92480
7,2,0.00000000,14875.8203,14875.8203
7,3,0.00000000,22313.4844,22313.4844
7,4,0.00000000,29749.9121,29749.9121
7,5,0.00000000,37181.4453,37181.4453
7,6,0.00000000,44597.6445,44597.6445
7,7,0.00000000,51974.3125,51974.3125
7,8,0.00000000,59264.5859,59264.5859
7,9,0.00000000,66391.2422,66391.2422
7,10,0.00000000,73244.9453,73244.9453
7,11,0.00000000,79691.9922,79691.9922
7,12,0.00000000,85591.9844,85591.9844
7,13,0.00000000,90821.1797,90821.1797
7,14,0.00000000,95294.5703,95294.5703
7,15,0.00000000,98979.9531,98979.9531
7,16,0.00000000,101900.344,101900.344
7,17,0.00000000,104125.430,104125.430
7,18,0.00000000,105755.906,105755.906
7,19,0.00000000,106905.820,106905.820
7,20,0.00000000,0.00000000,0.00000000
8,1,0.00000000,7437.92480,7437.92480
8,2,0.00000000,14875.8203,14875.8203
8,3,0.00000000,22313.4844,22313.4844
8,4,0.00000000,29749.9121,29749.9121
8,5,0.00000000,37181.4453,37181.4453
8,6,0.00000000,44597.6445,44597.6445
8,7,0.00000000,51974.3125,51974.3125
8,8,0.00000000,59264.5859,59264.5859
8,9,0.00000000,66391.2422,66391.2422
8,10,0.00000000,73244.9453,73244.9453
8,11,0.00000000,79691.9922,79691.9922
8,12,0.00000000,85591.9844,85591.9844
8,13,0.00000000,90821.1797,90821.1797
8,14,0.00000000,95294.5703,95294.5703
8,15,0.00000000,98979.9531,98979.9531
8,16,0.00000000,101900.344,101900.344
8,17,0.00000000,104125.430,104125.430
8,18,0.00000000,105755.906,105755.906
8,19,0.00000000,106905.820,106905.820
8,20,0.00000000,0.00000000,0.00000000
9,1,0.00000000,7437.92480,7437.92480
9,2,0.00000000,14875.8203,14875.8203
9,3,0.00000000,22313.4844,22313.4844
9,4,0.00000000,29749.9121,29749.9121
9,5,0.00000000,37181.4453,37181.4453
9,6,0.00000000,44597.6445,44597.6445
9,7,0.00000000,51974.3125,51974.3125
9,8,0.00000000,59264.5859,59264.5859
9,9,0.00000000,66391.2422,66391.2422
9,10,0.00000000,73244.9453,73244.9453
9,11,0.00000000,79691.9922,79691.9922
9,12,0.00000000,85591.9844,85591.9844
9,13,0.00000000,90821.1797,90821.1797
9,14,0.00000000,95294.5703,95294.5703
9,15,0.00000000,98979.9531,98979.9531
9,16,0.00000000,101900.344,101900.344
9,17,0.00000000,104125.430,104125.430
9,18,0.00000000,105755.906,105755.906
9,19,0.00000000,106905.820,106905.820
9,20,0.00000000,0.00000000,0.00000000
10,1,0.00000000,7437.92480,7437.92480
10,2,0.00000000,14875.8203,14875.8203
10,3,0.00000000,22313.4844,22313.4844
10,4,0.00000000,29749.9121,29749.9121
10,5,0.00000000,37181.4453,37181.4453
10,6,0.00000000,44597.6445,44597.6445
10,7,0.00000000,51974.3125,51974.3125
10,8,0.00000000,59264.5859,59264.5859
10,9,0.00000000,66391.2422,66391.2422
10,10,0.00000000,73244.9453,73244.9453
10,11,0.00000000,79691.9922,79691.9922
10,12,0.00000000,85591.9844,85591.9844
10,13,0.00000000,90821.1797,90821.1797
10,14,0.00000000,95294.5703,95294.5703
10,15,0.00000000,98979.9531,98979.9531
10,16,0.00000000,101900.344,101900.344
10,17,0.00000000,104125.430,104125.430
10,18,0.00000000,105755.906,105755.906
10,19,0.00000000,106905.820,106905.820
10,20,0.00000000,0.00000000,0.00000000
11,1,0.00000000,7437.92480,7437.92480
11,2,0.00000000,14875.8203,14875.8203
11,3,0.00000000,22313.4844,22313.4844
11,4,0.00000000,29749.9121,29749.9121
11,5,0.00000000,37181.4453,37181.4453
11,6,0.00000000,44597.6445,44597.6445
11,7,0.00000000,51974.3125,51974.3125
11,8,0.00000000,59264.5859,59264.5859
11,9,0.00000000,66391.2422,66391.2422
11,10,0.00000000,73244.9453,73244.9453
11,11,0.00000000,79691.9922,79691.9922
11,12,0.00000000,85591.9844,85591.9844
11,13,0.00000000,90821.1797,90821.1797
11,14,0.00000000,95294.5703,95294.5703
11,15,0.00000000,98979.9531,98979.9531
11,16,0.00000000,101900.344,101900.344
11,17,0.00000000,104125.430,104125.430
11,18,0.00000000,105755.906,105755.906
11,19,0.00000000,106905.820,106905.820
11,20,0.00000000,0.00000000,0.00000000
12,1,0.00000000,7437.92480,7437.92480
12,2,0.00000000,14875.8203,14875.8203
12,3,0.00000000,22313.4844,22313.4844
12,4,0.00000000,29749.9121,29749.9121
12,5,0.00000000,37181.4453,37181.4453
12,6,0.00000000,44597.6445,44597.6445
12,7,0.00000000,51974.3125,51974.3125
12,8,0.00000000,59264.5859,59264.5859
12,9,0.00000000,66391.2422,66391.2422
12,10,0.00000000,73244.9453,73244.9453
12,11,0.00000000,79691.9922,79691.9922
12,12,0.00000000,85591.9844,85591.9844
12,13,0.00000000,90821.1797,90821.1797
12,14,0.00000000,95294.5703,95294.5703
12,15,0.00000000,98979.9531,98979.9531
12,16,0.00000000,101900.344,101900.344
12,17,0.00000000,104125.430,104125.430
12,18,0.00000000,105755.906,105755.906
12,19,0.00000000,106905.820,106905.820
12,20,0.00000000,0.00000000,0.00000000
13,1,0.00000000,7437.92480,7437.92480
13,2,0.00000000,14875.8203,14875.8203
13,3,0.00000000,22313.4844,22313.4844
13,4,0.00000000,29749.9121,29749.9121
13,5,0.00000000,37181.4453,37181.4453
13,6,0.00000000,44597.6445,44597.6445
13,7,0.00000000,51974.3125,51974.3125
13,8,0.00000000,59264.5859,59264.5859
13,9,0.00000000,66391.2422,66391.2422
13,10,0.00000000,73244.9453,73244.9453
13,11,0.00000000,79691.9922,79691.9922
13,12,0.00000000,85591.9844,85591.9844
13,13,0.00000000,90821.1797,90821.1797
13,14,0.00000000,95294.5703,95294.5703
13,15,0.00000000,98979.9531,98979.9531
13,16,0.00000000,101900.344,101900.344
13,17,0.00000000,104125.430,104125.430
13,18,0.00000000,105755.906,105755.906
13,19,0.00000000,106905.820,106905.820
13,20,0.00000000,0.00000000,0.00000000
14,1,0.00000000,7437.92480,7437.92480
14,2,0.00000000,14875.8203,14875.8203
14,3,0.00000000,22313.4844,22313.4844
14,4,0.00000000,29749.9121,29749.9121
14,5,0.00000000,37181.4453,37181.4453
14,6,0.00000000,44597.6445,44597.6445
14,7,0.00000000,51974.3125,51974.3125
14,8,0.00000000,59264.5859,59264.5859
14,9,0.00000000,66391.2422,66391.2422
14,10,0.00000000,73244.9453,73244.9453
14,11,0.00000000,79691.9922,79691.9922
14,12,0.00000000,85591.9844,85591.9844
14,13,0.00000000,90821.1797,90821.1797
14,14,0.00000000,95294.5703,95294.5703
14,15,0.00000000,98979.9531,98979.9531
14,16,0.00000000,101900.344,101900.344
14,17,0.00000000,104125.430,104125.430
14,18,0.00000000,105755.906,105755.906
14,19,0.00000000,106905.820,106905.820
14,20,0.00000000,0.00000000,0.00000000
15,1,0.00000000,7437.92480,7437.92480
15,2,0.00000000,14875.8203,14875.8203
15,3,0.00000000,22313.4844,22313.4844
15,4,0.00000000,29749.9121,29749.9121
15,5,0.00000000,37181.4453,37181.4453
15,6,0.00000000,44597.6445,44597.6445
15,7,0.00000000,51974.3125,51974.3125
15,8,0.00000000,59264.5859,59264.5859
15,9,0.00000000,66391.2422,66391.2422
15,10,0.00000000,73244.9453,73244.9453
15,11,0.00000000,79691.9922,79691.9922
15,12,0.00000000,85591.9844,85591.9844
15,13,0.00000000,90821.1797,90821.1797
15,14,0.00000000,95294.5703,95294.5703
15,15,0.00000000,98979.9531,98979.9531
15,16,0.00000000,101900.344,101900.344
15,17,0.00000000,104125.430,104125.430
15,18,0.00000000,105755.906,105755.906
15,19,0.00000000,106905.820,106905.820
15,20,0.00000000,0.00000000,0.00000000
16,1,0.00000000,7437.92480,7437.92480
16,2,0.00000000,14875.8203,14875.8203
16,3,0.00000000,22313.4844,22313.4844
16,4,0.00000000,29749.9121,29749.9121
16,5,0.00000000,37181.4453,37181.4453
16,6,0.00000000,44597.6445,44597.6445
16,7,0.00000000,51974.3125,51974.3125
16,8,0.00000000,59264.5859,59264.5859
16,9,0.00000000,66391.2422,66391.2422
16,10,0.00000000,73244.9453,73244.9453
16,11,0.00000000,79691.9922,79691.9922
16,12,0.00000000,85591.9844,85591.9844
16,13,0.00000000,90821.1797,90821.1797
16,14,0.00000000,95294.5703,95294.5703
16,15,0.00000000,98979.9531,98979.9531
16,16,0.00000000,101900.344,101900.344
16,17,0.00000000,104125.430,104125.430
16,18,0.00000000,105755.906,105755.906
16,19,0.00000000,106905.820,106905.820
16,20,0.00000000,0.00000000,0.00000000
17,1,0.00000000,7437.92480,7437.92480
17,2,0.00000000,14875.8203,14875.8203
17,3,0.00000000,22313.4844,22313.4844
17,4,0.00000000,29749.9121,29749.9121
17,5,0.00000000,37181.4453,37181.4453
17,6,0.00000000,44597.6445,44597.6445
17,7,0.00000000,51974.3125,51974.3125
17,8,0.00000000,59264.5859,59264.5859
17,9,0.00000000,66391.2422,66391.2422
17,10,0.00000000,73244.9453,73244.9453
17,11,0.00000000,79691.9922,79691.9922
17,12,0.00000000,85591.9844,85591.9844
17,13,0.00000000,90821.1797,90821.1797
17,14,0.00000000,95294.5703,95294.5703
17,15,0.00000000,98979.9531,98979.9531
17,16,0.00000000,101900.344,101900.344
17,17,0.00000000,104125.430,104125.430
17,18,0.00000000,105755.906,105755.906
17,19,0.00000000,106905.820,106905.820
17,20,0.00000000,0.00000000,0.00000000
18,1,0.00000000,7437.92480,7437.92480
18,2,0.00000000,14875.8203,14875.8203
18,3,0.00000000,22313.4844,22313.4844
18,4,0.00000000,29749.9121,29749.9121
18,5,0.00000000,37181.4453,37181.4453
18,6,0.00000000,44597.6445,44597.6445
18,7,0.00000000,51974.3125,51974.3125
18,8,0.00000000,59264.5859,59264.5859
18,9,0.00000000,66391.2422,66391.2422
18,10,0.00000000,73244.9453,73244.9453
18,11,0.00000000,79691.9922,79691.9922
18,12,0.00000000,85591.9844,85591.9844
18,13,0.00000000,90821.1797,90821.1797
18,14,0.00000000,95294.5703,95294.5703
18,15,0.00000000,98979.9531,98979.9531
18,16,0.00000000,101900.344,101900.344
18,17,0.00000000,104125.430,104125.430
18,18,0.00000000,105755.906,105755.906
18,19,0.00000000,106905.820,106905.820
18,20,0.00000000,0.00000000,0.00000000
19,1,0.00000000,7437.92480,7437.92480
19,2,0.00000000,14875.8203,14875.8203
19,3,0.00000000,22313.4844,22313.4844
19,4,0.00000000,29749.9121,29749.9121
19,5,0.00000000,37181.4453,37181.4453
19,6,0.00000000,44597.6445,44597.6445
19,7,0.00000000,51974.3125,51974.3125
19,8,0.00000000,59264.5859,59264.5859
19,9,0.00000000,66391.2422,66391.2422
19,10,0.00000000,73244.9453,73244.9453
19,11,0.00000000,79691.9922,79691.9922
19,12,0.00000000,85591.9844,85591.9844
19,13,0.00000000,90821.1797,90821.1797
19,14,0.00000000,95294.5703,95294.5703
19,15,0.00000000,98979.9531,98979.9531
19,16,0.00000000,101900.344,101900.344
19,17,0.00000000,104125.430,104125.430
19,18,0.00000000,105755.906,105755.906
19,19,0.00000000,106905.820,106905.820
19,20,0.00000000,0.00000000,0.00000000
20,1,0.00000000,7437.92480,7437.92480
20,2,0.00000000,14875.8203,14875.8203
20,3,0.00000000,22313.4844,22313.4844
20,4,0.00000000,29749.9121,29749.9121
20,5,0.00000000,37181.4453,37181.4453
20,6,0.00000000,44597.6445,44597.6445
20,7,0.00000000,51974.3125,51974.3125
20,8,0.00000000,59264.5859,59264.5859
20,9,0.00000000,66391.2422,66391.2422
20,10,0.00000000,73244.9453,73244.9453
20,11,0.00000000,79691.9922,79691.9922
20,12,0.00000000,85591.9844,85591.9844
20,13,0.00000000,90821.1797,90821.1797
20,14,0.00000000,95294.5703,95294.5703
20,15,0.00000000,98979.9531,98979.9531
20,16,0.00000000,101900.344,101900.344
20,17,0.00000000,104125.430,104125.430
20,18,0.00000000,105755.906,105755.906
20,19,0.00000000,106905.820,106905.820
20,20,0.00000000,0.00000000,0.00000000
21,1,0.00000000,7437.92480,7437.92480
21,2,0.00000000,14875.8203,14875.8203
21,3,0.00000000,22313.4844,22313.4844
21,4,0.00000000,29749.9121,29749.9121
21,5,0.00000000,37181.4453,37181.4453
21,6,0.00000000,44597.6445,44597.6445
21,7,0.00000000,51974.3125,51974.3125
21,8,0.00000000,59264.5859,59264.5859
21,9,0.00000000,66391.2422,66391.2422
21,10,0.00000000,73244.9453,73244.9453
21,11,0.00000000,79691.9922,79691.9922
21,12,0.00000000,85591.9844,85591.9844
21,13,0.00000000,90821.1797,90821.1797
21,14,0.00000000,95294.5703,95294.5703
21,15,0.00000000,98979.9531,98979.9531
21,16,0.00000000,101900.344,101900.344
21,17,0.00000000,104125.430,104125.430
21,18,0.00000000,105755.906,105755.906
21,19,0.00000000,106905.820,106905.820
21,20,0.00000000,0.00000000,0.00000000
22,1,0.00000000,7437.92480,7437.92480
22,2,0.00000000,14875.8203,14875.8203
22,3,0.00000000,22313.4844,22313.4844
22,4,0.00000000,29749.9121,29749.9121
22,5,0.00000000,37181.4453,37181.4453
22,6,0.00000000,44597.6445,44597.6445
22,7,0.00000000,51974.3125,51974.3125
22,8,0.00000000,59264.5859,59264.5859
22,9,0.00000000,66391.2422,66391.2422
22,10,0.00000000,73244.9453,73244.9453
22,11,0.00000000,79691.9922,79691.9922
22,12,0.00000000,85591.9844,85591.9844
22,13,0.00000000,90821.1797,90821.1797
22,14,0.00000000,95294.5703,95294.5703
22,15,0.00000000,98979.9531,98979.9531
22,16,0.00000000,101900.344,101900.344
22,17,0.00000000,104125.430,104125.430
22,18,0.00000000,105755.906,105755.906
22,19,0.00000000,106905.820,106905.820
22,20,0.00000000,0.00000000,0.00000000
23,1,0.00000000,7437.92480,7437.92480
23,2,0.00000000,14875.8203,14875.8203
23,3,0.00000000,22313.4844,22313.4844
23,4,0.00000000,29749.9121,29749.9121
23,5,0.00000000,37181.4453,37181.4453
23,6,0.00000000,44597.6445,44597.6445
23,7,0.00000000,51974.3125,51974.3125
23,8,0.00000000,59264.5859,59264.5859
23,9,0.00000000,66391.2422,66391.2422
23,10,0.00000000,73244.9453,73244.9453
23,11,0.00000000,79691.9922,79691.9922
23,12,0.00000000,85591.9844,85591.9844
23,13,0.00000000,90821.1797,90821.1797
23,14,0.00000000,95294.5703,95294.5703
23,15,0.00000000,98979.9531,98979.9531
23,16,0.00000000,101900.344,101900.344
23,17,0.00000000,104125.430,104125.430
23,18,0.00000000,105755.906,105755.906
23,19,0.00000000,106905.820,106905.820
23,20,0.00000000,0.00000000,0.00000000
24,1,0.00000000,7437.92480,7437.92480
24,2,0.00000000,14875.8203,14875.8203
24,3,0.00000000,22313.4844,22313.4844
24,4,0.00000000,29749.9121,29749.9121
24,5,0.00000000,37181.4453,37181.4453
24,6,0.00000000,44597.6445,44597.6445
24,7,0.00000000,51974.3125,51974.3125
24,8,0.00000000,59264.5859,59264.5859
24,9,0.00000000,66391.2422,66391.2422
24,10,0.00000000,73244.9453,73244.9453
24,11,0.00000000,79691.9922,79691.9922
24,12,0.00000000,85591.9844,85591.9844
24,13,0.00000000,90821.1797,90821.1797
24,14,0.00000000,95294.5703,95294.5703
24,15,0.00000000,98979.9531,98979.9531
24,16,0.00000000,101900.344,101900.344
24,17,0.00000000,104125.430,104125.430
24,18,0.00000000,105755.906,105755.906
24,19,0.00000000,106905.820,106905.820
24,20,0.00000000,0.00000000,0.00000000
25,1,0.00000000,7437.92480,7437.92480
25,2,0.00000000,14875.8203,14875.8203
25,3,0.00000000,22313.4844,22313.4844
25,4,0.00000000,29749.9121,29749.9121
25,5,0.00000000,37181.4453,37181.4453
25,6,0.00000000,44597.6445,44597.6445
25,7,0.00000000,51974.3125,51974.3125
25,8,0.00000000,59264.5859,59264.5859
25,9,0.00000000,66391.2422,66391.2422
25,10,0.00000000,73244.9453,73244.9453
25,11,0.00000000,79691.9922,79691.9922
25,12,0.00000000,85591.9844,85591.9844
25,13,0.00000000,90821.1797,90821.1797
25,14,0.00000000,95294.5703,95294.5703
25,15,0.00000000,98979.9531,98979.9531
25,16,0.00000000,101900.344,101900.344
25,17,0.00000000,104125.430,104125.430
25,18,0.00000000,105755.906,105755.906
25,19,0.00000000,106905.820,106905.820
25,20,0.00000000,0.00000000,0.00000000
26,1,0.00000000,7437.92480,7437.92480
26,2,0.00000000,14875.8203,14875.8203
26,3,0.00000000,22313.4844,22313.4844
26,4,0.00000000,29749.9121,29749.9121
26,5,0.00000000,37181.4453,37181.4453
26,6,0.00000000,44597.6445,44597.6445
26,7,0.00000000,51974.3125,51974.3125
26,8,0.00000000,59264.5859,59264.5859
26,9,0.00000000,66391.2422,66391.2422
26,10,0.00000000,73244.9453,73244.9453
26,11,0.00000000,79691.9922,79691.9922
26,12,0.00000000,85591.9844,85591.9844
26,13,0.00000000,90821.1797,90821.1797
26,14,0.00000000,95294.5703,95294.5703
26,15,0.00000000,98979.9531,98979.9531
26,16,0.00000000,101900.344,101900.344
26,17,0.00000000,104125.430,104125.430
26,18,0.00000000,105755.906,105755.906
26,19,0.00000000,106905.820,106905.820
26,20,0.00000000,0.00000000,0.00000000
27,1,0.00000000,7437.92480,7437.92480
27,2,0.00000000,14875.8203,14875.8203
27,3,0.00000000,22313.4844,22313.4844
27,4,0.00000000,29749.9121,29749.9121
27,5,0.00000000,37181.4453,37181.4453
27,6,0.00000000,44597.6445,44597.6445
27,7,0.00000000,51974.3125,51974.3125
27,8,0.00000000,59264.5859,59264.5859
27,9,0.00000000,66391.2422,66391.2422
27,10,0.00000000,73244.9453,73244.9453
27,11,0.00000000,79691.9922,79691.9922
27,12,0.00000000,85591.9844,85591.9844
27,13,0.00000000,90821.1797,90821.1797
27,14,0.00000000,95294.5703,95294.5703
27,15,0.00000000,98979.9531,98979.9531
27,16,0.00000000,101900.344,101900.344
27,17,0.00000000,104125.430,104125.430
27,18,0.00000000,105755.906,105755.906
27,19,0.00000000,106905.820,106905.820
27,20,0.00000000,0.00000000,0.00000000
28,1,0.00000000,7437.92480,7437.92480
28,2,0.00000000,14875.8203,14875.8203
28,3,0.00000000,22313.4844,22313.4844
28,4,0.00000000,29749.9121,29749.9121
28,5,0.00000000,37181.4453,37181.4453
28,6,0.00000000,44597.6445,44597.6445
28,7,0.00000000,51974.3125,51974.3125
28,8,0.00000000,59264.5859,59264.5859
28,9,0.00000000,66391.2422,66391.2422
28,10,0.00000000,73244.9453,73244.9453
28,11,0.00000000,79691.9922,79691.9922
28,12,0.00000000,85591.9844,85591.9844
28,13,0.00000000,90821.1797,90821.1797
28,14,0.00000000,95294.5703,95294.5703
28,15,0.00000000,98979.9531,98979.9531
28,16,0.00000000,101900.344,101900.344
28,17,0.00000000,104125.430,104125.430
28,18,0.00000000,105755.906,105755.906
28,19,0.00000000,106905.820,106905.820
28,20,0.00000000,0.00000000,0.00000000
29,1,0.00000000,7437.92480,7437.92480
29,2,0.00000000,14875.8203,14875.8203
29,3,0.00000000,22313.4844,22313.4844
29,4,0.00000000,29749.9121,29749.9121
29,5,0.00000000,37181.4453,37181.4453
29,6,0.00000000,44597.6445,44597.6445
29,7,0.00000000,51974.3125,51974.3125
29,8,0.00000000,59264.5859,59264.5859
29,9,0.00000000,66391.2422,66391.2422
29,10,0.00000000,73244.9453,73244.9453
29,11,0.00000000,79691.9922,79691.9922
29,12,0.00000000,85591.9844,85591.9844
29,13,0.00000000,90821.1797,90821.1797
29,14,0.00000000,95294.5703,95294.5703
29,15,0.00000000,98979.9531,98979.9531
29,16,0.00000000,101900.344,101900.344
29,17,0.00000000,104125.430,104125.430
29,18,0.00000000,105755.906,105755.906
29,19,0.00000000,106905.820,106905.820
29,20,0.00000000,0.00000000,0.00000000
30,1,0.00000000,7437.92480,7437.92480
30,2,0.00000000,14875.8203,14875.8203
30,3,0.00000000,22313.4844,22313.4844
30,4,0.00000000,29749.9121,29749.9121
30,5,0.00000000,37181.4453,37181.4453
30,6,0.00000000,44597.6445,44597.6445
30,7,0.00000000,51974.3125,51974.3125
30,8,0.00000000,59264.5859,59264.5859
30,9,0.00000000,66391.2422,66391.2422
30,10,0.00000000,73244.9453,73244.9453
30,11,0.00000000,79691.9922,79691.9922
30,12,0.00000000,85591.9844,85591.9844
30,13,0.00000000,90821.1797,90821.1797
30,14,0.00000000,95294.5703,95294.5703
30,15,0.00000000,98979.9531,98979.9531
30,16,0.00000000,101900.344,101900.344
30,17,0.00000000,104125.430,104125.430
30,18,0.00000000,105755.906,105755.906
30,19,0.00000000,106905.820,106905.820
30,20,0.00000000,0.00000000,0.00000000
31,1,0.00000000,7437.92480,7437.92480
31,2,0.00000000,14875.8203,14875.8203
31,3,0.00000000,22313.4844,22313.4844
31,4,0.00000000,29749.9121,29749.9121
31,5,0.00000000,37181.4453,37181.4453
31,6,0.00000000,44597.6445,44597.6445
31,7,0.00000000,51974.3125,51974.3125
31,8,0.00000000,59264.5859,59264.5859
31,9,0.00000000,66391.2422,66391.2422
31,10,0.00000000,73244.9453,73244.9453
31,11,0.00000000,79691.9922,79691.9922
31,12,0.00000000,85591.9844,85591.9844
31,13,0.00000000,90821.1797,90821.1797
31,14,0.00000000,95294.5703,95294.5703
31,15,0.00000000,98979.9531,98979.9531
31,16,0.00000000,101900.344,101900.344
31,17,0.00000000,104125.430,104125.430
31,18,0.00000000,105755.906,105755.906
31,19,0.00000000,106905.820,106905.820
31,20,0.00000000,0.00000000,0.00000000
32,1,0.00000000,7437.92480,7437.92480
32,2,0.00000000,14875.8203,14875.8203
32,3,0.00000000,22313.4844,22313.4844
32,4,0.00000000,29749.9121,29749.9121
32,5,0.00000000,37181.4453,37181.4453
32,6,0.00000000,44597.6445,44597.6445
32,7,0.00000000,51974.3125,51974.3125
32,8,0.00000000,59264.5859,59264.5859
32,9,0.00000000,66391.2422,66391.2422
32,10,0.00000000,73244.9453,73244.9453
32,11,0.00000000,79691.9922,79691.9922
32,12,0.00000000,85591.9844,85591.9844
32,13,0.00000000,90821.1797,90821.1797
32,14,0.00000000,95294.5703,95294.5703
32,15,0.00000000,98979.9531,98979.9531
32,16,0.00000000,101900.344,101900.344
32,17,0.00000000,104125.430,104125.430
32,18,0.00000000,105755.906,105755.906
32,19,0.00000000,106905.820,106905.820
32,20,0.00000000,0.00000000,0.00000000
33,1,0.00000000,7437.92480,7437.92480
33,2,0.00000000,14875.8203,14875.8203
33,3,0.00000000,22313.4844,22313.4844
33,4,0.00000000,29749.9121,29749.9121
33,5,0.00000000,37181.4453,37181.4453
33,6,0.00000000,44597.6445,44597.6445
33,7,0.00000000,51974.3125,51974.3125
33,8,0.00000000,59264.5859,59264.5859
33,9,0.00000000,66391.2422,66391.2422
33,10,0.00000000,73244.9453,73244.9453
33,11,0.00000000,79691.9922,79691.9922
33,12,0.00000000,85591.9844,85591.9844
33,13,0.00000000,90821.1797,90821.1797
33,14,0.00000000,95294.5703,95294.5703
33,15,0.00000000,98979.9531,98979.9531
33,16,0.00000000,101900.344,101900.344
33,17,0.00000000,104125.430,104125.430
33,18,0.00000000,105755.906,105755.906
33,19,0.00000000,106905.820,106905.820
33,20,0.00000000,0.00000000,0.00000000
34,1,0.00000000,7437.92480,7437.92480
34,2,0.00000000,14875.8203,14875.8203
34,3,0.00000000,22313.4844,22313.4844
34,4,0.00000000,29749.9121,29749.9121
34,5,0.00000000,37181.4453,37181.4453
34,6,0.00000000,44597.6445,44597.6445
34,7,0.00000000,51974.3125,51974.3125
34,8,0.00000000,59264.5859,59264.5859
34,9,0.00000000,66391.2422,66391.2422
34,10,0.00000000,73244.9453,73244.9453
34,11,0.00000000,79691.9922,79691.9922
34,12,0.00000000,85591.9844,85591.9844
34,13,0.00000000,90821.1797,90821.1797
34,14,0.00000000,95294.5703,95294.5703
34,15,0.00000000,98979.9531,98979.9531
34,16,0.00000000,101900.344,101900.344
34,17,0.00000000,104125.430,104125.430
34,18,0.00000000,105755.906,105755.906
34,19,0.00000000,106905.820,106905.820
34,20,0.00000000,0.00000000,0.00000000
35,1,0.00000000,7437.92480,7437.92480
35,2,0.00000000,14875.8203,14875.8203
35,3,0.00000000,22313.4844,22313.4844
35,4,0.00000000,29749.9121,29749.9121
35,5,0.00000000,37181.4453,37181.4453
35,6,0.00000000,44597.6445,44597.6445
35,7,0.00000000,51974.3125,51974.3125
35,8,0.00000000,59264.5859,59264.5859
35,9,0.00000000,66391.2422,66391.2422
35,10,0.00000000,73244.9453,73244.9453
35,11,0.00000000,79691.9922,79691.9922
35,12,0.00000000,85591.9844,85591.9844
35,13,0.00000000,90821.1797,90821.1797
35,14,0.00000000,95294.5703,95294.5703
35,15,0.00000000,98979.9531,98979.9531
35,16,0.00000000,101900.344,101900.344
35,17,0.00000000,104125.430,104125.430
35,18,0.00000000,105755.906,105755.906
35,19,0.00000000,106905.820,106905.820
35,20,0.00000000,0.00000000,0.00000000
36,1,0.00000000,7437.92480,7437.92480
36,2,0.00000000,14875.8203,14875.8203
36,3,0.00000000,22313.4844,22313.4844
36,4,0.00000000,29749.9121,29749.9121
36,5,0.00000000,37181.4453,37181.4453
36,6,0.00000000,44597.6445,44597.6445
36,7,0.00000000,51974.3125,51974.3125
36,8,0.00000000,59264.5859,59264.5859
36,9,0.00000000,66391.2422,66391.2422
36,10,0.00000000,73244.9453,73244.9453
36,11,0.00000000,79691.9922,79691.9922
36,12,0.00000000,85591.9844,85591.9844
36,13,0.00000000,90821.1797,90821.1797
36,14,0.00000000,95294.5703,95294.5703
36,15,0.00000000,98979.9531,98979.9531
36,16,0.00000000,101900.344,101900.344
36,17,0.00000000,104125.430,104125.430
36,18,0.00000000,105755.906,105755.906
36,19,0.00000000,106905.820,106905.820
36,20,0.00000000,0.00000000,0.00000000
37,1,0.00000000,7437.92480,7437.92480
37,2,0.00000000,14875.8203,14875.8203
37,3,0.00000000,22313.4844,22313.4844
37,4,0.00000000,29749.9121,29749.9121
37,5,0.00000000,37181.4453,37181.4453
37,6,0.00000000,44597.6445,44597.6445
37,7,0.00000000,51974.3125,51974.3125
37,8,0.00000000,59264.5859,59264.5859
37,9,0.00000000,66391.2422,66391.2422
37,10,0.00000000,73244.9453,73244.9453
37,11,0.00000000,79691.9922,79691.9922
37,12,0.00000000,85591.9844,85591.9844
37,13,0.00000000,90821.1797,90821.1797
37,14,0.00000000,95294.5703,95294.5703
37,15,0.00000000,98979.9531,98979.9531
37,16,0.00000000,101900.344,101900.344
37,17,0.00000000,104125.430,104125.430
37,18,0.00000000,105755.906,105755.906
37,19,0.00000000,106905.820,106905.820
37,20,0.00000000,0.00000000,0.00000000
38,1,0.00000000,7437.92480,7437.92480
38,2,0.00000000,14875.8203,14875.8203
38,3,0.00000000,22313.4844,22313.4844
38,4,0.00000000,29749.9121,29749.9121
38,5,0.00000000,37181.4453,37181.4453
38,6,0.00000000,44597.6445,44597.6445
38,7,0.00000000,51974.3125,51974.3125
38,8,0.00000000,59264.5859,59264.5859
38,9,0.00000000,66391.2422,66391.2422
38,10,0.00000000,73244.9453,73244.9453
38,11,0.00000000,79691.9922,79691.9922
38,12,0.00000000,85591.9844,85591.9844
38,13,0.00000000,90821.1797,90821.1797
38,14,0.00000000,95294.5703,95294.5703
38,15,0.00000000,98979.9531,98979.9531
38,16,0.00000000,101900.344,101900.344
38,17,0.00000000,104125.430,104125.430
38,18,0.00000000,105755.906,105755.906
38,19,0.00000000,106905.820,106905.820
38,20,0.00000000,0.00000000,0.00000000
39,1,0.00000000,7437.92480,7437.92480
39,2,0.00000000,14875.8203,14875.8203
39,3,0.00000000,22313.4844,22313.4844
39,4,0.00000000,29749.9121,29749.9121
39,5,0.00000000,37181.4453,37181.4453
39,6,0.00000000,44597.6445,44597.6445
39,7,0.00000000,51974.3125,51974.3125
39,8,0.00000000,59264.5859,59264.5859
39,9,0.00000000,66391.2422,66391.2422
39,10,0.00000000,73244.9453,73244.9453
39,11,0.00000000,79691.9922,79691.9922
39,12,0.00000000,85591.9844,85591.9844
39,13,0.00000000,90821.1797,90821.1797
39,14,0.00000000,95294.5703,95294.5703
39,15,0.00000000,98979.9531,98979.9531
39,16,0.00000000,101900.344,101900.344
39,17,0.00000000,104125.430,104125.430
39,18,0.00000000,105755.906,105755.906
39,19,0.00000000,106905.820,106905.820
39,20,0.00000000,0.00000000,0.00000000
40,1,0.00000000,7437.92480,7437.92480
40,2,0.00000000,14875.8203,14875.8203
40,3,0.00000000,22313.4844,22313.4844
40,4,0.00000000,29749.9121,29749.9121
40,5,0.00000000,37181.4453,37181.4453
40,6,0.00000000,44597.6445,44597.6445
40,7,0.00000000,51974.3125,51974.3125
40,8,0.00000000,59264.5859,59264.5859
40,9,0.00000000,66391.2422,66391.2422
40,10,0.00000000,73244.9453,73244.9453
40,11,0.00000000,79691.9922,79691.9922
40,12,0.00000000,85591.9844,85591.9844
40,13,0.00000000,90821.1797,90821.1797
40,14,0.00000000,95294.5703,95294.5703
40,15,0.00000000,98979.9531,98979.9531
40,16,0.00000000,101900.344,101900.344
40,17,0.00000000,104125.430,104125.430
40,18,0.00000000,105755.906,105755.906
40,19,0.00000000,106905.820,106905.820
40,20,0.00000000,0.00000000,0.00000000
41,1,0.00000000,7437.92480,7437.92480
41,2,0.00000000,14875.8203,14875.8203
41,3,0.00000000,22313.4844,22313.4844
41,4,0.00000000,29749.9121,29749.9121
41,5,0.00000000,37181.4453,37181.4453
41,6,0.00000000,44597.6445,44597.6445
41,7,0.00000000,51974.3125,51974.3125
41,8,0.00000000,59264.5859,59264.5859
41,9,0.00000000,66391.2422,66391.2422
41,10,0.00000000,73244.9453,73244.9453
41,11,0.00000000,79691.9922,79691.9922
41,12,0.00000000,85591.9844,85591.9844
41,13,0.00000000,90821.1797,90821.1797
41,14,0.00000000,95294.5703,95294.5703
41,15,0.00000000,98979.9531,98979.9531
41,16,0.00000000,101900.344,101900.344
41,17,0.00000000,104125.430,104125.430
41,18,0.00000000,105755.906,105755.906
41,19,0.00000000,106905.820,106905.820
41,20,0.00000000,0.00000000,0.00000000
42,1,0.00000000,7437.92480,7437.92480
42,2,0.00000000,14875.8203,14875.8203
42,3,0.00000000,22313.4844,22313.4844
42,4,0.00000000,29749.9121,29749.9121
42,5,0.00000000,37181.4453,37181.4453
42,6,0.00000000,44597.6445,44597.6445
42,7,0.00000000,51974.3125,51974.3125
42,8,0.00000000,59264.5859,59264.5859
42,9,0.00000000,66391.2422,66391.2422
42,10,0.00000000,73244.9453,73244.9453
42,11,0.00000000,79691.9922,79691.9922
42,12,0.00000000,85591.9844,85591.9844
42,13,0.00000000,90821.1797,90821.1797
42,14,0.00000000,95294.5703,95294.5703
42,15,0.00000000,98979.9531,98979.9531
42,16,0.00000000,101900.344,101900.344
42,17,0.00000000,104125.430,104125.430
42,18,0.00000000,105755.906,105755.906
42,19,0.00000000,106905.820,106905.820
42,20,0.00000000,0.00000000,0.00000000
43,1,0.00000000,7437.92480,7437.92480
43,2,0.00000000,14875.8203,14875.8203
43,3,0.00000000,22313.4844,22313.4844
43,4,0.00000000,29749.9121,29749.9121
43,5,0.00000000,37181.4453,37181.4453
43,6,0.00000000,44597.6445,44597.6445
43,7,0.00000000,51974.3125,51974.3125
43,8,0.00000000,59264.5859,59264.5859
43,9,0.00000000,66391.2422,66391.2422
43,10,0.00000000,73244.9453,73244.9453
43,11,0.00000000,79691.9922,79691.9922
43,12,0.00000000,85591.9844,85591.9844
43,13,0.00000000,90821.1797,90821.1797
43,14,0.00000000,95294.5703,95294.5703
43,15,0.00000000,98979.9531,98979.9531
43,16,0.00000000,101900.344,101900.344
43,17,0.00000000,104125.430,104125.430
43,18,0.00000000,105755.906,105755.906
43,19,0.00000000,106905.820,106905.820
43,20,0.00000000,0.00000000,0.00000000
44,1,0.00000000,7437.92480,7437.92480
44,2,0.00000000,14875.8203,14875.8203
44,3,0.00000000,22313.4844,22313.4844
44,4,0.00000000,29749.9121,29749.9121
44,5,0.00000000,37181.4453,37181.4453
44,6,0.00000000,44597.6445,44597.6445
44,7,0.00000000,51974.3125,51974.3125
44,8,0.00000000,59264.5859,59264.5859
44,9,0.00000000,66391.2422,66391.2422
44,10,0.00000000,73244.9453,73244.9453
44,11,0.00000000,79691.9922,79691.9922
44,12,0.00000000,85591.9844,85591.9844
44,13,0.00000000,90821.1797,90821.1797
44,14,0.00000000,95294.5703,95294.5703
44,15,0.00000000,98979.9531,98979.9531
44,16,0.00000000,101900.344,101900.344
44,17,0.00000000,104125.430,104125.430
44,18,0.00000000,105755.906,105755.906
44,19,0.00000000,106905.820,106905.820
44,20,0.00000000,0.00000000,0.00000000
45,1,0.00000000,7437.92480,7437.92480
45,2,0.00000000,14875.8203,14875.8203
45,3,0.00000000,22313.4844,22313.4844
45,4,0.00000000,29749.9121,29749.9121
45,5,0.00000000,37181.4453,37181.4453
45,6,0.00000000,44597.6445,44597.6445
45,7,0.00000000,51974.3125,51974.3125
45,8,0.00000000,59264.5859,59264.5859
45,9,0.00000000,66391.2422,66391.2422
45,10,0.00000000,73244.9453,73244.9453
45,11,0.00000000,79691.9922,79691.9922
45,12,0.00000000,85591.9844,85591.9844
45,13,0.00000000,90821.1797,90821.1797
45,14,0.00000000,95294.5703,95294.5703
45,15,0.00000000,98979.9531,98979.9531
45,16,0.00000000,101900.344,101900.344
45,17,0.00000000,104125.430,104125.430
45,18,0.00000000,105755.906,105755.906
45,19,0.00000000,106905.820,106905.820
45,20,0.00000000,0.00000000,0.00000000
46,1,0.00000000,7437.92480,7437.92480
46,2,0.00000000,14875.8203,14875.8203
46,3,0.00000000,22313.4844,22313.4844
46,4,0.00000000,29749.9121,29749.9121
46,5,0.00000000,37181.4453,37181.4453
46,6,0.00000000,44597.6445,44597.6445
46,7,0.00000000,51974.3125,51974.3125
46,8,0.00000000,59264.5859,59264.5859
46,9,0.00000000,66391.2422,66391.2422
46,10,0.00000000,73244.9453,73244.9453
46,11,0.00000000,79691.9922,79691.9922
46,12,0.00000000,85591.9844,85591.9844
46,13,0.00000000,90821.1797,90821.1797
46,14,0.00000000,95294.5703,95294.5703
46,15,0.00000000,98979.9531,98979.9531
46,16,0.00000000,101900.344,101900.344
46,17,0.00000000,104125.430,104125.430
46,18,0.00000000,105755.906,105755.906
46,19,0.00000000,106905.820,106905.820
46,20,0.00000000,0.00000000,0.00000000
47,1,0.00000000,7437.92480,7437.92480
47,2,0.00000000,14875.8203,14875.8203
47,3,0.00000000,22313.4844,22313.4844
47,4,0.00000000,29749.9121,29749.9121
47,5,0.00000000,37181.4453,37181.4453
47,6,0.00000000,44597.6445,44597.6445
47,7,0.00000000,51974.3125,51974.3125
47,8,0.00000000,59264.5859,59264.5859
47,9,0.00000000,66391.2422,66391.2422
47,10,0.00000000,73244.9453,73244.9453
47,11,0.00000000,79691.9922,79691.9922
47,12,0.00000000,85591.9844,85591.9844
47,13,0.00000000,90821.1797,90821.1797
47,14,0.00000000,95294.5703,95294.5703
47,15,0.00000000,98979.9531,98979.9531
47,16,0.00000000,101900.344,101900.344
47,17,0.00000000,104125.430,104125.430
47,18,0.00000000,105755.906,105755.906
47,19,0.00000000,106905.820,106905.820
47,20,0.00000000,0.00000000,0.00000000
48,1,0.00000000,7437.92480,7437.92480
48,2,0.00000000,14875.8203,14875.8203
48,3,0.00000000,22313.4844,22313.4844
48,4,0.00000000,29749.9121,29749.9121
48,5,0.00000000,37181.4453,37181.4453
48,6,0.00000000,44597.6445,44597.6445
48,7,0.00000000,51974.3125,51974.3125
48,8,0.00000000,59264.5859,59264.5859
48,9,0.00000000,66391.2422,66391.2422
48,10,0.00000000,73244.9453,73244.9453
48,11,0.00000000,79691.9922,79691.9922
48,12,0.00000000,85591.9844,85591.9844
48,13,0.00000000,90821.1797,90821.1797
48,14,0.00000000,95294.5703,95294.5703
48,15,0.00000000,98979.9531,98979.9531
48,16,0.00000000,101900.344,101900.344
48,17,0.00000000,104125.430,104125.430
48,18,0.00000000,105755.906,105755.906
48,19,0.00000000,106905.820,106905.820
48,20,0.00000000,0.00000000,0.00000000
49,1,0.00000000,7437.92480,7437.92480
49,2,0.00000000,14875.8203,14875.8203
49,3,0.00000000,22313.4844,22313.4844
49,4,0.00000000,29749.9121,29749.9121
49,5,0.00000000,37181.4453,37181.4453
49,6,0.00000000,44597.6445,44597.6445
49,7,0.00000000,51974.3125,51974.3125
49,8,0.00000000,59264.5859,59264.5859
49,9,0.00000000,66391.2422,66391.2422
49,10,0.00000000,73244.9453,73244.9453
49,11,0.00000000,79691.9922,79691.9922
49,12,0.00000000,85591.9844,85591.9844
49,13,0.00000000,90821.1797,90821.1797
49,14,0.00000000,95294.5703,95294.5703
49,15,0.00000000,98979.9531,98979.9531
49,16,0.00000000,101900.344,101900.344
49,17,0.00000000,104125.430,104125.430
49,18,0.00000000,105755.906,105755.906
49,19,0.00000000,106905.820,106905.820
49,20,0.00000000,0.00000000,0.00000000
50,1,0.00000000,7437.92480,7437.92480
50,2,0.00000000,14875.8203,14875.8203
50,3,0.00000000,22313.4844,22313.4844
50,4,0.00000000,29749.9121,29749.9121
50,5,0.00000000,37181.4453,37181.4453
50,6,0.00000000,44597.6445,44597.6445
50,7,0.00000000,51974.3125,51974.3125
50,8,0.00000000,59264.5859,59264.5859
50,9,0.00000000,66391.2422,66391.2422
50,10,0.00000000,73244.9453,73244.9453
50,11,0.00000000,79691.9922,79691.9922
50,12,0.00000000,85591.9844,85591.9844
50,13,0.00000000,90821.1797,90821.1797
50,14,0.00000000,95294.5703,95294.5703
50,15,0.00000000,98979.9531,98979.9531
50,16,0.00000000,101900.344,101900.344
50,17,0.00000000,104125.430,104125.430
50,18,0.00000000,105755.906,105755.906
50,19,0.00000000,106905.820,106905.820
50,20,0.00000000,0.00000000,0.00000000
51,1,0.00000000,7437.92480,7437.92480
51,2,0.00000000,14875.8203,14875.8203
51,3,0.00000000,22313.4844,22313.4844
51,4,0.00000000,29749.9121,29749.9121
51,5,0.00000000,37181.4453,37181.4453
51,6,0.00000000,44597.6445,44597.6445
51,7,0.00000000,51974.3125,51974.3125
51,8,0.00000000,59264.5859,59264.5859
51,9,0.00000000,66391.2422,66391.2422
51,10,0.00000000,73244.9453,73244.9453
51,11,0.00000000,79691.9922,79691.9922
51,12,0.00000000,85591.9844,85591.9844
51,13,0.00000000,90821.1797,90821.1797
51,14,0.00000000,95294.5703,95294.5703
51,15,0.00000000,98979.9531,98979.9531
51,16,0.00000000,101900.344,101900.344
51,17,0.00000000,104125.430,104125.430
51,18,0.00000000,105755.906,105755.906
51,19,0.00000000,106905.820,106905.820
51,20,0.00000000,0.00000000,0.00000000
52,1,0.00000000,7437.92480,7437.92480
52,2,0.00000000,14875.8203,14875.8203
52,3,0.00000000,22313.4844,22313.4844
52,4,0.00000000,29749.9121,29749.9121
52,5,0.00000000,37181.4453,37181.4453
52,6,0.00000000,44597.6445,44597.6445
52,7,0.00000000,51974.3125,51974.3125
52,8,0.00000000,59264.5859,59264.5859
52,9,0.00000000,66391.2422,66391.2422
52,10,0.00000000,73244.9453,73244.9453
52,11,0.00000000,79691.9922,79691.9922
52,12,0.00000000,85591.9844,85591.9844
52,13,0.00000000,90821.1797,90821.1797
52,14,0.00000000,95294.5703,95294.5703
52,15,0.00000000,98979.9531,98979.9531
52,16,0.00000000,101900.344,101900.344
52,17,0.00000000,104125.430,104125.430
52,18,0.00000000,105755.906,105755.906
52,19,0.00000000,106905.820,106905.820
52,20,0.00000000,0.00000000,0.00000000
53,1,0.00000000,7437.92480,7437.92480
53,2,0.00000000,14875.8203,14875.8203
53,3,0.00000000,22313.4844,22313.4844
53,4,0.00000000,29749.9121,29749.9121
53,5,0.00000000,37181.4453,37181.4453
53,6,0.00000000,44597.6445,44597.6445
53,7,0.00000000,51974.3125,51974.3125
53,8,0.00000000,59264.5859,59264.5859
53,9,0.00000000,66391.2422,66391.2422
53,10,0.00000000,73244.9453,73244.9453
53,11,0.00000000,79691.9922,79691.9922
53,12,0.00000000,85591.9844,85591.9844
53,13,0.00000000,90821.1797,90821.1797
53,14,0.00000000,95294.5703,95294.5703
53,15,0.00000000,98979.9531,98979.9531
53,16,0.00000000,101900.344,101900.344
53,17,0.00000000,104125.430,104125.430
53,18,0.00000000,105755.906,105755.906
53,19,0.00000000,106905.820,106905.820
53,20,0.00000000,0.00000000,0.00000000
54,1,0.00000000,7437.92480,7437.92480
54,2,0.00000000,14875.8203,14875.8203
54,3,0.00000000,22313.4844,22313.4844
54,4,0.00000000,29749.9121,29749.9121
54,5,0.00000000,37181.4453,37181.4453
54,6,0.00000000,44597.6445,44597.6445
54,7,0.00000000,51974.3125,51974.3125
54,8,0.00000000,59264.5859,59264.5859
54,9,0.00000000,66391.2422,66391.2422
54,10,0.00000000,73244.9453,73244.9453
54,11,0.00000000,79691.9922,79691.9922
54,12,0.00000000,85591.9844,85591.9844
54,13,0.00000000,90821.1797,90821.1797
54,14,0.00000000,95294.5703,95294.5703
54,15,0.00000000,98979.9531,98979.9531
54,16,0.00000000,101900.344,101900.344
54,17,0.00000000,104125.430,104125.430
54,18,0.00000000,105755.906,105755.906
54,19,0.00000000,106905.820,106905.820
54,20,0.00000000,0.00000000,0.00000000
55,1,0.00000000,7437.92480,7437.92480
55,2,0.00000000,14875.8203,14875.8203
55,3,0.00000000,22313.4844,22313.4844
55,4,0.00000000,29749.9121,29749.9121
55,5,0.00000000,37181.4453,37181.4453
55,6,0.00000000,44597.6445,44597.6445
55,7,0.00000000,51974.3125,51974.3125
55,8,0.00000000,59264.5859,59264.5859
55,9,0.00000000,66391.2422,66391.2422
55,10,0.00000000,73244.9453,73244.9453
55,11,0.00000000,79691.9922,79691.9922
55,12,0.00000000,85591.9844,85591.9844
55,13,0.00000000,90821.1797,90821.1797
55,14,0.00000000,95294.5703,95294.5703
55,15,0.00000000,98979.9531,98979.9531
55,16,0.00000000,101900.344,101900.344
55,17,0.00000000,104125.430,104125.430
55,18,0.00000000,105755.906,105755.906
55,19,0.00000000,106905.820,106905.820
55,20,0.00000000,0.00000000,0.00000000
56,1,0.00000000,7437.92480,7437.92480
56,2,0.00000000,14875.8203,14875.8203
56,3,0.00000000,22313.4844,22313.4844
56,4,0.00000000,29749.9121,29749.9121
56,5,0.00000000,37181.4453,37181.4453
56,6,0.00000000,44597.6445,44597.6445
56,7,0.00000000,51974.3125,51974.3125
56,8,0.00000000,59264.5859,59264.5859
56,9,0.00000000,66391.2422,66391.2422
56,10,0.00000000,73244.9453,73244.9453
56,11,0.00000000,79691.9922,79691.9922
56,12,0.00000000,85591.9844,85591.9844
56,13,0.00000000,90821.1797,90821.1797
56,14,0.00000000,95294.5703,95294.5703
56,15,0.00000000,98979.9531,98979.9531
56,16,0.00000000,101900.344,101900.344
56,17,0.00000000,104125.430,104125.430
56,18,0.00000000,105755.906,105755.906
56,19,0.00000000,106905.820,106905.820
56,20,0.00000000,0.00000000,0.00000000
57,1,0.00000000,7437.92480,7437.92480
57,2,0.00000000,14875.8203,14875.8203
57,3,0.00000000,22313.4844,22313.4844
57,4,0.00000000,29749.9121,29749.9121
57,5,0.00000000,37181.4453,37181.4453
57,6,0.00000000,44597.6445,44597.6445
57,7,0.00000000,51974.3125,51974.3125
57,8,0.00000000,59264.5859,59264.5859
57,9,0.00000000,66391.2422,66391.2422
57,10,0.00000000,73244.9453,73244.9453
57,11,0.00000000,79691.9922,79691.9922
57,12,0.00000000,85591.9844,85591.9844
57,13,0.00000000,90821.1797,90821.1797
57,14,0.00000000,95294.5703,95294.5703
57,15,0.00000000,98979.9531,98979.9531
57,16,0.00000000,101900.344,101900.344
57,17,0.00000000,104125.430,104125.430
57,18,0.00000000,105755.906,105755.906
57,19,0.00000000,106905.820,106905.820
57,20,0.00000000,0.00000000,0.00000000
58,1,0.00000000,7437.92480,7437.92480
58,2,0.00000000,14875.8203,14875.8203
58,3,0.00000000,22313.4844,22313.4844
58,4,0.00000000,29749.9121,29749.9121
58,5,0.00000000,37181.4453,37181.4453
58,6,0.00000000,44597.6445,44597.6445
58,7,0.00000000,51974.3125,51974.3125
58,8,0.00000000,59264.5859,59264.5859
58,9,0.00000000,66391.2422,66391.2422
58,10,0.00000000,73244.9453,73244.9453
58,11,0.00000000,79691.9922,79691.9922
58,12,0.00000000,85591.9844,85591.9844
58,13,0.00000000,90821.1797,90821.1797
58,14,0.00000000,95294.5703,95294.5703
58,15,0.00000000,98979.9531,98979.9531
58,16,0.00000000,101900.344,101900.344
58,17,0.00000000,104125.430,104125.430
58,18,0.00000000,105755.906,105755.906
58,19,0.00000000,106905.820,106905.820
58,20,0.00000000,0.00000000,0.00000000
