i,k,old_q,old_q_ch_in,old_q_ch_out,qlat_ch_old
1,1,0.00000000,0.00000000,0.00000000,-1.12676583E-02
1,2,0.00000000,0.00000000,0.00000000,-1.12676583E-02
1,3,0.00000000,0.00000000,0.00000000,-1.12676583E-02
1,4,0.00000000,0.00000000,0.00000000,-1.12676583E-02
1,5,0.00000000,0.00000000,0.00000000,-1.12676583E-02
1,6,0.00000000,0.00000000,0.00000000,-1.12676583E-02
1,7,0.00000000,0.00000000,0.00000000,-1.12676583E-02
1,8,0.00000000,0.00000000,0.00000000,-1.12676583E-02
1,9,0.00000000,0.00000000,0.00000000,-1.12676583E-02
1,10,0.00000000,0.00000000,0.00000000,-1.12676583E-02
1,11,0.00000000,0.00000000,0.00000000,-1.12676583E-02
1,12,0.00000000,0.00000000,0.00000000,-1.12676583E-02
1,13,0.00000000,0.00000000,0.00000000,-1.12676583E-02
1,14,0.00000000,0.00000000,0.00000000,-1.12676583E-02
1,15,0.00000000,0.00000000,0.00000000,-1.12676583E-02
1,16,0.00000000,0.00000000,0.00000000,-1.12676583E-02
1,17,0.00000000,0.00000000,0.00000000,-1.12676583E-02
1,18,0.00000000,0.00000000,0.00000000,-1.12676583E-02
1,19,0.00000000,0.00000000,0.00000000,-1.12676583E-02
1,20,0.00000000,0.00000000,0.00000000,-1.12676583E-02
2,1,0.00000000,0.00000000,0.00000000,-2.11370047E-02
2,2,0.00000000,0.00000000,0.00000000,-2.11370047E-02
2,3,0.00000000,0.00000000,0.00000000,-2.11370047E-02
2,4,0.00000000,0.00000000,0.00000000,-2.11370047E-02
2,5,0.00000000,0.00000000,0.00000000,-2.11370047E-02
2,6,0.00000000,0.00000000,0.00000000,-2.11370047E-02
2,7,0.00000000,0.00000000,0.00000000,-2.11370047E-02
2,8,0.00000000,0.00000000,0.00000000,-2.11370047E-02
2,9,0.00000000,0.00000000,0.00000000,-2.11370047E-02
2,10,0.00000000,0.00000000,0.00000000,-2.11370047E-02
2,11,0.00000000,0.00000000,0.00000000,-2.11370047E-02
2,12,0.00000000,0.00000000,0.00000000,-2.11370047E-02
2,13,0.00000000,0.00000000,0.00000000,-2.11370047E-02
2,14,0.00000000,0.00000000,0.00000000,-2.11370047E-02
2,15,0.00000000,0.00000000,0.00000000,-2.11370047E-02
2,16,0.00000000,0.00000000,0.00000000,-2.11370047E-02
2,17,0.00000000,0.00000000,0.00000000,-2.11370047E-02
2,18,0.00000000,0.00000000,0.00000000,-2.11370047E-02
2,19,0.00000000,0.00000000,0.00000000,-2.11370047E-02
2,20,0.00000000,0.00000000,0.00000000,-2.11370047E-02
3,1,0.00000000,0.00000000,0.00000000,-6.53330644E-05
3,2,0.00000000,0.00000000,0.00000000,-6.53330644E-05
3,3,0.00000000,0.00000000,0.00000000,-6.53330644E-05
3,4,0.00000000,0.00000000,0.00000000,-6.53330644E-05
3,5,0.00000000,0.00000000,0.00000000,-6.53330644E-05
3,6,0.00000000,0.00000000,0.00000000,-6.53330644E-05
3,7,0.00000000,0.00000000,0.00000000,-6.53330644E-05
3,8,0.00000000,0.00000000,0.00000000,-6.53330644E-05
3,9,0.00000000,0.00000000,0.00000000,-6.53330644E-05
3,10,0.00000000,0.00000000,0.00000000,-6.53330644E-05
3,11,0.00000000,0.00000000,0.00000000,-6.53330644E-05
3,12,0.00000000,0.00000000,0.00000000,-6.53330644E-05
3,13,0.00000000,0.00000000,0.00000000,-6.53330644E-05
3,14,0.00000000,0.00000000,0.00000000,-6.53330644E-05
3,15,0.00000000,0.00000000,0.00000000,-6.53330644E-05
3,16,0.00000000,0.00000000,0.00000000,-6.53330644E-05
3,17,0.00000000,0.00000000,0.00000000,-6.53330644E-05
3,18,0.00000000,0.00000000,0.00000000,-6.53330644E-05
3,19,0.00000000,0.00000000,0.00000000,-6.53330644E-05
3,20,0.00000000,0.00000000,0.00000000,-6.53330644E-05
4,1,0.00000000,0.00000000,0.00000000,-4.95330460E-05
4,2,0.00000000,0.00000000,0.00000000,-4.95330460E-05
4,3,0.00000000,0.00000000,0.00000000,-4.95330460E-05
4,4,0.00000000,0.00000000,0.00000000,-4.95330460E-05
4,5,0.00000000,0.00000000,0.00000000,-4.95330460E-05
4,6,0.00000000,0.00000000,0.00000000,-4.95330460E-05
4,7,0.00000000,0.00000000,0.00000000,-4.95330460E-05
4,8,0.00000000,0.00000000,0.00000000,-4.95330460E-05
4,9,0.00000000,0.00000000,0.00000000,-4.95330460E-05
4,10,0.00000000,0.00000000,0.00000000,-4.95330460E-05
4,11,0.00000000,0.00000000,0.00000000,-4.95330460E-05
4,12,0.00000000,0.00000000,0.00000000,-4.95330460E-05
4,13,0.00000000,0.00000000,0.00000000,-4.95330460E-05
4,14,0.00000000,0.00000000,0.00000000,-4.95330460E-05
4,15,0.00000000,0.00000000,0.00000000,-4.95330460E-05
4,16,0.00000000,0.00000000,0.00000000,-4.95330460E-05
4,17,0.00000000,0.00000000,0.00000000,-4.95330460E-05
4,18,0.00000000,0.00000000,0.00000000,-4.95330460E-05
4,19,0.00000000,0.00000000,0.00000000,-4.95330460E-05
4,20,0.00000000,0.00000000,0.00000000,-4.95330460E-05
5,1,0.00000000,0.00000000,0.00000000,-4.93319749E-06
5,2,0.00000000,0.00000000,0.00000000,-4.93319749E-06
5,3,0.00000000,0.00000000,0.00000000,-4.93319749E-06
5,4,0.00000000,0.00000000,0.00000000,-4.93319749E-06
5,5,0.00000000,0.00000000,0.00000000,-4.93319749E-06
5,6,0.00000000,0.00000000,0.00000000,-4.93319749E-06
5,7,0.00000000,0.00000000,0.00000000,-4.93319749E-06
5,8,0.00000000,0.00000000,0.00000000,-4.93319749E-06
5,9,0.00000000,0.00000000,0.00000000,-4.93319749E-06
5,10,0.00000000,0.00000000,0.00000000,-4.93319749E-06
5,11,0.00000000,0.00000000,0.00000000,-4.93319749E-06
5,12,0.00000000,0.00000000,0.00000000,-4.93319749E-06
5,13,0.00000000,0.00000000,0.00000000,-4.93319749E-06
5,14,0.00000000,0.00000000,0.00000000,-4.93319749E-06
5,15,0.00000000,0.00000000,0.00000000,-4.93319749E-06
5,16,0.00000000,0.00000000,0.00000000,-4.93319749E-06
5,17,0.00000000,0.00000000,0.00000000,-4.93319749E-06
5,18,0.00000000,0.00000000,0.00000000,-4.93319749E-06
5,19,0.00000000,0.00000000,0.00000000,-4.93319749E-06
5,20,0.00000000,0.00000000,0.00000000,-4.93319749E-06
6,1,1.00994217,0.00000000,5.00463173E-02,3.40062161E-06
6,2,1.00994217,5.00463173E-02,0.110115029,3.40062161E-06
6,3,1.00994217,0.110115029,0.143905118,3.40062161E-06
6,4,1.00994217,0.143905118,0.202532604,3.40062161E-06
6,5,1.00994217,0.202532604,0.266911983,3.40062161E-06
6,6,1.00994217,0.266911983,0.317352235,3.40062161E-06
6,7,1.00994217,0.317352235,0.357302904,3.40062161E-06
6,8,1.00994217,0.357302904,0.399880290,3.40062161E-06
6,9,1.00994217,0.399880290,0.452596068,3.40062161E-06
6,10,1.00994217,0.452596068,0.513346612,3.40062161E-06
6,11,1.00994217,0.513346612,0.584540665,3.40062161E-06
6,12,1.00994217,0.584540665,0.579982877,3.40062161E-06
6,13,1.00994217,0.579982877,0.743636310,3.40062161E-06
6,14,1.00994217,0.743636310,0.771135271,3.40062161E-06
6,15,1.00994217,0.771135271,0.661498010,3.40062161E-06
6,16,1.00994217,0.661498010,0.735186696,3.40062161E-06
6,17,1.00994217,0.735186696,0.908495665,3.40062161E-06
6,18,1.00994217,0.908495665,1.02479827,3.40062161E-06
6,19,1.00994217,1.02479827,1.04086387,3.40062161E-06
6,20,1.00994217,1.04086387,1.00994217,3.40062161E-06
7,1,2.08282945E-04,0.00000000,1.20466912E-05,9.20437337E-10
7,2,2.08282945E-04,1.20466912E-05,2.47668959E-05,9.20437337E-10
7,3,2.08282945E-04,2.47668959E-05,3.46101515E-05,9.20437337E-10
7,4,2.08282945E-04,3.46101515E-05,5.04487434E-05,9.20437337E-10
7,5,2.08282945E-04,5.04487434E-05,6.10880234E-05,9.20437337E-10
7,6,2.08282945E-04,6.10880234E-05,7.05960556E-05,9.20437337E-10
7,7,2.08282945E-04,7.05960556E-05,8.36295076E-05,9.20437337E-10
7,8,2.08282945E-04,8.36295076E-05,9.89274267E-05,9.20437337E-10
7,9,2.08282945E-04,9.89274267E-05,1.05970888E-04,9.20437337E-10
7,10,2.08282945E-04,1.05970888E-04,1.39732088E-04,9.20437337E-10
7,11,2.08282945E-04,1.39732088E-04,1.05028041E-04,9.20437337E-10
7,12,2.08282945E-04,1.05028041E-04,1.48232109E-04,9.20437337E-10
7,13,2.08282945E-04,1.48232109E-04,1.76775196E-04,9.20437337E-10
7,14,2.08282945E-04,1.76775196E-04,1.70392654E-04,9.20437337E-10
7,15,2.08282945E-04,1.70392654E-04,1.65432139E-04,9.20437337E-10
7,16,2.08282945E-04,1.65432139E-04,1.92992666E-04,9.20437337E-10
7,17,2.08282945E-04,1.92992666E-04,1.84936362E-04,9.20437337E-10
7,18,2.08282945E-04,1.84936362E-04,2.69659504E-04,9.20437337E-10
7,19,2.08282945E-04,2.69659504E-04,2.37492524E-04,9.20437337E-10
7,20,2.08282945E-04,2.37492524E-04,2.08282945E-04,9.20437337E-10
8,1,0.00000000,0.00000000,0.00000000,-7.76154120E-05
8,2,0.00000000,0.00000000,0.00000000,-7.76154120E-05
8,3,0.00000000,0.00000000,0.00000000,-7.76154120E-05
8,4,0.00000000,0.00000000,0.00000000,-7.76154120E-05
8,5,0.00000000,0.00000000,0.00000000,-7.76154120E-05
8,6,0.00000000,0.00000000,0.00000000,-7.76154120E-05
8,7,0.00000000,0.00000000,0.00000000,-7.76154120E-05
8,8,0.00000000,0.00000000,0.00000000,-7.76154120E-05
8,9,0.00000000,0.00000000,0.00000000,-7.76154120E-05
8,10,0.00000000,0.00000000,0.00000000,-7.76154120E-05
8,11,0.00000000,0.00000000,0.00000000,-7.76154120E-05
8,12,0.00000000,0.00000000,0.00000000,-7.76154120E-05
8,13,0.00000000,0.00000000,0.00000000,-7.76154120E-05
8,14,0.00000000,0.00000000,0.00000000,-7.76154120E-05
8,15,0.00000000,0.00000000,0.00000000,-7.76154120E-05
8,16,0.00000000,0.00000000,0.00000000,-7.76154120E-05
8,17,0.00000000,0.00000000,0.00000000,-7.76154120E-05
8,18,0.00000000,0.00000000,0.00000000,-7.76154120E-05
8,19,0.00000000,0.00000000,0.00000000,-7.76154120E-05
8,20,0.00000000,0.00000000,0.00000000,-7.76154120E-05
9,1,99.7992401,0.00000000,5.01921558,7.74336397E-04
9,2,99.7992401,5.01921558,9.97581005,7.74336397E-04
9,3,99.7992401,9.97581005,14.8852396,7.74336397E-04
9,4,99.7992401,14.8852396,19.9011955,7.74336397E-04
9,5,99.7992401,19.9011955,25.0057144,7.74336397E-04
9,6,99.7992401,25.0057144,30.0955391,7.74336397E-04
9,7,99.7992401,30.0955391,35.0934181,7.74336397E-04
9,8,99.7992401,35.0934181,39.9919662,7.74336397E-04
9,9,99.7992401,39.9919662,44.8404007,7.74336397E-04
9,10,99.7992401,44.8404007,49.7075615,7.74336397E-04
9,11,99.7992401,49.7075615,54.6477051,7.74336397E-04
9,12,99.7992401,54.6477051,59.6817818,7.74336397E-04
9,13,99.7992401,59.6817818,64.7953720,7.74336397E-04
9,14,99.7992401,64.7953720,69.9489822,7.74336397E-04
9,15,99.7992401,69.9489822,75.0937042,7.74336397E-04
9,16,99.7992401,75.0937042,80.1861115,7.74336397E-04
9,17,99.7992401,80.1861115,85.1993484,7.74336397E-04
9,18,99.7992401,85.1993484,90.1274185,7.74336397E-04
9,19,99.7992401,90.1274185,94.9844131,7.74336397E-04
9,20,99.7992401,94.9844131,99.7992401,7.74336397E-04
10,1,0.00000000,0.00000000,0.00000000,-1.55102796E-04
10,2,0.00000000,0.00000000,0.00000000,-1.55102796E-04
10,3,0.00000000,0.00000000,0.00000000,-1.55102796E-04
10,4,0.00000000,0.00000000,0.00000000,-1.55102796E-04
10,5,0.00000000,0.00000000,0.00000000,-1.55102796E-04
10,6,0.00000000,0.00000000,0.00000000,-1.55102796E-04
10,7,0.00000000,0.00000000,0.00000000,-1.55102796E-04
10,8,0.00000000,0.00000000,0.00000000,-1.55102796E-04
10,9,0.00000000,0.00000000,0.00000000,-1.55102796E-04
10,10,0.00000000,0.00000000,0.00000000,-1.55102796E-04
10,11,0.00000000,0.00000000,0.00000000,-1.55102796E-04
10,12,0.00000000,0.00000000,0.00000000,-1.55102796E-04
10,13,0.00000000,0.00000000,0.00000000,-1.55102796E-04
10,14,0.00000000,0.00000000,0.00000000,-1.55102796E-04
10,15,0.00000000,0.00000000,0.00000000,-1.55102796E-04
10,16,0.00000000,0.00000000,0.00000000,-1.55102796E-04
10,17,0.00000000,0.00000000,0.00000000,-1.55102796E-04
10,18,0.00000000,0.00000000,0.00000000,-1.55102796E-04
10,19,0.00000000,0.00000000,0.00000000,-1.55102796E-04
10,20,0.00000000,0.00000000,0.00000000,-1.55102796E-04
11,1,8.76659393,0.00000000,0.442556798,7.55387919E-06
11,2,8.76659393,0.442556798,0.890556753,7.55387919E-06
11,3,8.76659393,0.890556753,1.32089162,7.55387919E-06
11,4,8.76659393,1.32089162,1.76868534,7.55387919E-06
11,5,8.76659393,1.76868534,2.24449444,7.55387919E-06
11,6,8.76659393,2.24449444,2.65048599,7.55387919E-06
11,7,8.76659393,2.65048599,3.06724334,7.55387919E-06
11,8,8.76659393,3.06724334,3.54689717,7.55387919E-06
11,9,8.76659393,3.54689717,4.00422716,7.55387919E-06
11,10,8.76659393,4.00422716,4.46263075,7.55387919E-06
11,11,8.76659393,4.46263075,4.90364361,7.55387919E-06
11,12,8.76659393,4.90364361,5.29536438,7.55387919E-06
11,13,8.76659393,5.29536438,5.68372297,7.55387919E-06
11,14,8.76659393,5.68372297,6.15146112,7.55387919E-06
11,15,8.76659393,6.15146112,6.67225266,7.55387919E-06
11,16,8.76659393,6.67225266,7.20651627,7.55387919E-06
11,17,8.76659393,7.20651627,7.59855509,7.55387919E-06
11,18,8.76659393,7.59855509,7.98505640,7.55387919E-06
11,19,8.76659393,7.98505640,8.35228539,7.55387919E-06
11,20,8.76659393,8.35228539,8.76659393,7.55387919E-06
12,1,0.00000000,0.00000000,0.00000000,-4.51181342E-10
12,2,0.00000000,0.00000000,0.00000000,-4.51181342E-10
12,3,0.00000000,0.00000000,0.00000000,-4.51181342E-10
12,4,0.00000000,0.00000000,0.00000000,-4.51181342E-10
12,5,0.00000000,0.00000000,0.00000000,-4.51181342E-10
12,6,0.00000000,0.00000000,0.00000000,-4.51181342E-10
12,7,0.00000000,0.00000000,0.00000000,-4.51181342E-10
12,8,0.00000000,0.00000000,0.00000000,-4.51181342E-10
12,9,0.00000000,0.00000000,0.00000000,-4.51181342E-10
12,10,0.00000000,0.00000000,0.00000000,-4.51181342E-10
12,11,0.00000000,0.00000000,0.00000000,-4.51181342E-10
12,12,0.00000000,0.00000000,0.00000000,-4.51181342E-10
12,13,0.00000000,0.00000000,0.00000000,-4.51181342E-10
12,14,0.00000000,0.00000000,0.00000000,-4.51181342E-10
12,15,0.00000000,0.00000000,0.00000000,-4.51181342E-10
12,16,0.00000000,0.00000000,0.00000000,-4.51181342E-10
12,17,0.00000000,0.00000000,0.00000000,-4.51181342E-10
12,18,0.00000000,0.00000000,0.00000000,-4.51181342E-10
12,19,0.00000000,0.00000000,0.00000000,-4.51181342E-10
12,20,0.00000000,0.00000000,0.00000000,-4.51181342E-10
13,1,0.00000000,0.00000000,0.00000000,-6.34477374E-07
13,2,0.00000000,0.00000000,0.00000000,-6.34477374E-07
13,3,0.00000000,0.00000000,0.00000000,-6.34477374E-07
13,4,0.00000000,0.00000000,0.00000000,-6.34477374E-07
13,5,0.00000000,0.00000000,0.00000000,-6.34477374E-07
13,6,0.00000000,0.00000000,0.00000000,-6.34477374E-07
13,7,0.00000000,0.00000000,0.00000000,-6.34477374E-07
13,8,0.00000000,0.00000000,0.00000000,-6.34477374E-07
13,9,0.00000000,0.00000000,0.00000000,-6.34477374E-07
13,10,0.00000000,0.00000000,0.00000000,-6.34477374E-07
13,11,0.00000000,0.00000000,0.00000000,-6.34477374E-07
13,12,0.00000000,0.00000000,0.00000000,-6.34477374E-07
13,13,0.00000000,0.00000000,0.00000000,-6.34477374E-07
13,14,0.00000000,0.00000000,0.00000000,-6.34477374E-07
13,15,0.00000000,0.00000000,0.00000000,-6.34477374E-07
13,16,0.00000000,0.00000000,0.00000000,-6.34477374E-07
13,17,0.00000000,0.00000000,0.00000000,-6.34477374E-07
13,18,0.00000000,0.00000000,0.00000000,-6.34477374E-07
13,19,0.00000000,0.00000000,0.00000000,-6.34477374E-07
13,20,0.00000000,0.00000000,0.00000000,-6.34477374E-07
14,1,18.5975704,0.00000000,2.27633357,1.68133251E-04
14,2,18.5975704,2.27633357,4.51816654,1.68133251E-04
14,3,18.5975704,4.51816654,6.67866945,1.68133251E-04
14,4,18.5975704,6.67866945,8.69874287,1.68133251E-04
14,5,18.5975704,8.69874287,10.5212889,1.68133251E-04
14,6,18.5975704,10.5212889,12.1045799,1.68133251E-04
14,7,18.5975704,12.1045799,13.4298849,1.68133251E-04
14,8,18.5975704,13.4298849,14.5021820,1.68133251E-04
14,9,18.5975704,14.5021820,15.3455629,1.68133251E-04
14,10,18.5975704,15.3455629,15.9960489,1.68133251E-04
14,11,18.5975704,15.9960489,16.4942665,1.68133251E-04
14,12,18.5975704,16.4942665,16.8795586,1.68133251E-04
14,13,18.5975704,16.8795586,17.1861229,1.68133251E-04
14,14,18.5975704,17.1861229,17.4411335,1.68133251E-04
14,15,18.5975704,17.4411335,17.6643829,1.68133251E-04
14,16,18.5975704,17.6643829,17.8689499,1.68133251E-04
14,17,18.5975704,17.8689499,18.0624008,1.68133251E-04
14,18,18.5975704,18.0624008,18.2481689,1.68133251E-04
14,19,18.5975704,18.2481689,18.4268951,1.68133251E-04
14,20,18.5975704,18.4268951,18.5975704,1.68133251E-04
15,1,99.8810120,99.7992401,99.4689178,3.49765651E-06
15,2,99.8810120,99.4689178,99.5501022,3.49765651E-06
15,3,99.8810120,99.5501022,99.8380356,3.49765651E-06
15,4,99.8810120,99.8380356,100.413025,3.49765651E-06
15,5,99.8810120,100.413025,100.929092,3.49765651E-06
15,6,99.8810120,100.929092,100.515640,3.49765651E-06
15,7,99.8810120,100.515640,99.7074127,3.49765651E-06
15,8,99.8810120,99.7074127,99.4172974,3.49765651E-06
15,9,99.8810120,99.4172974,99.7997437,3.49765651E-06
15,10,99.8810120,99.7997437,100.387123,3.49765651E-06
15,11,99.8810120,100.387123,100.754684,3.49765651E-06
15,12,99.8810120,100.754684,100.848595,3.49765651E-06
15,13,99.8810120,100.848595,100.849327,3.49765651E-06
15,14,99.8810120,100.849327,100.891525,3.49765651E-06
15,15,99.8810120,100.891525,100.936073,3.49765651E-06
15,16,99.8810120,100.936073,100.848213,3.49765651E-06
15,17,99.8810120,100.848213,100.556290,3.49765651E-06
15,18,99.8810120,100.556290,100.149155,3.49765651E-06
15,19,99.8810120,100.149155,99.8476028,3.49765651E-06
15,20,99.8810120,99.8476028,99.8810120,3.49765651E-06
16,1,0.00000000,0.00000000,0.00000000,-5.42422466E-04
16,2,0.00000000,0.00000000,0.00000000,-5.42422466E-04
16,3,0.00000000,0.00000000,0.00000000,-5.42422466E-04
16,4,0.00000000,0.00000000,0.00000000,-5.42422466E-04
16,5,0.00000000,0.00000000,0.00000000,-5.42422466E-04
16,6,0.00000000,0.00000000,0.00000000,-5.42422466E-04
16,7,0.00000000,0.00000000,0.00000000,-5.42422466E-04
16,8,0.00000000,0.00000000,0.00000000,-5.42422466E-04
16,9,0.00000000,0.00000000,0.00000000,-5.42422466E-04
16,10,0.00000000,0.00000000,0.00000000,-5.42422466E-04
16,11,0.00000000,0.00000000,0.00000000,-5.42422466E-04
16,12,0.00000000,0.00000000,0.00000000,-5.42422466E-04
16,13,0.00000000,0.00000000,0.00000000,-5.42422466E-04
16,14,0.00000000,0.00000000,0.00000000,-5.42422466E-04
16,15,0.00000000,0.00000000,0.00000000,-5.42422466E-04
16,16,0.00000000,0.00000000,0.00000000,-5.42422466E-04
16,17,0.00000000,0.00000000,0.00000000,-5.42422466E-04
16,18,0.00000000,0.00000000,0.00000000,-5.42422466E-04
16,19,0.00000000,0.00000000,0.00000000,-5.42422466E-04
16,20,0.00000000,0.00000000,0.00000000,-5.42422466E-04
17,1,3387.54419,0.00000000,175.642151,3.01126181E-03
17,2,3387.54419,175.642151,319.238556,3.01126181E-03
17,3,3387.54419,319.238556,548.658813,3.01126181E-03
17,4,3387.54419,548.658813,693.474854,3.01126181E-03
17,5,3387.54419,693.474854,822.984863,3.01126181E-03
17,6,3387.54419,822.984863,1001.05188,3.01126181E-03
17,7,3387.54419,1001.05188,1211.54578,3.01126181E-03
17,8,3387.54419,1211.54578,1409.46021,3.01126181E-03
17,9,3387.54419,1409.46021,1572.36670,3.01126181E-03
17,10,3387.54419,1572.36670,1710.73853,3.01126181E-03
17,11,3387.54419,1710.73853,1850.50024,3.01126181E-03
17,12,3387.54419,1850.50024,2011.96265,3.01126181E-03
17,13,3387.54419,2011.96265,2199.21143,3.01126181E-03
17,14,3387.54419,2199.21143,2401.66895,3.01126181E-03
17,15,3387.54419,2401.66895,2602.61255,3.01126181E-03
17,16,3387.54419,2602.61255,2788.25684,3.01126181E-03
17,17,3387.54419,2788.25684,2953.23120,3.01126181E-03
17,18,3387.54419,2953.23120,3101.27661,3.01126181E-03
17,19,3387.54419,3101.27661,3242.24780,3.01126181E-03
17,20,3387.54419,3242.24780,3387.54419,3.01126181E-03
18,1,11.0555658,8.76659393,8.89105225,1.25778761E-05
18,2,11.0555658,8.89105225,8.92308140,1.25778761E-05
18,3,11.0555658,8.92308140,9.26580143,1.25778761E-05
18,4,11.0555658,9.26580143,9.20603752,1.25778761E-05
18,5,11.0555658,9.20603752,9.38791466,1.25778761E-05
18,6,11.0555658,9.38791466,9.78531075,1.25778761E-05
18,7,11.0555658,9.78531075,9.45593262,1.25778761E-05
18,8,11.0555658,9.45593262,9.79733181,1.25778761E-05
18,9,11.0555658,9.79733181,10.2419176,1.25778761E-05
18,10,11.0555658,10.2419176,10.1009579,1.25778761E-05
18,11,11.0555658,10.1009579,10.0212059,1.25778761E-05
18,12,11.0555658,10.0212059,10.1715384,1.25778761E-05
18,13,11.0555658,10.1715384,10.4383497,1.25778761E-05
18,14,11.0555658,10.4383497,10.4808922,1.25778761E-05
18,15,11.0555658,10.4808922,10.7680645,1.25778761E-05
18,16,11.0555658,10.7680645,10.8911009,1.25778761E-05
18,17,11.0555658,10.8911009,10.8237429,1.25778761E-05
18,18,11.0555658,10.8237429,10.9987860,1.25778761E-05
18,19,11.0555658,10.9987860,10.8633909,1.25778761E-05
18,20,11.0555658,10.8633909,11.0555658,1.25778761E-05
19,1,4.69091982E-02,0.00000000,2.33974401E-03,7.34574002E-08
19,2,4.69091982E-02,2.33974401E-03,4.67948709E-03,7.34574002E-08
19,3,4.69091982E-02,4.67948709E-03,7.01924227E-03,7.34574002E-08
19,4,4.69091982E-02,7.01924227E-03,9.35887173E-03,7.34574002E-08
19,5,4.69091982E-02,9.35887173E-03,1.16994549E-02,7.34574002E-08
19,6,4.69091982E-02,1.16994549E-02,1.40347844E-02,7.34574002E-08
19,7,4.69091982E-02,1.40347844E-02,1.63915064E-02,7.34574002E-08
19,8,4.69091982E-02,1.63915064E-02,1.86836161E-02,7.34574002E-08
19,9,4.69091982E-02,1.86836161E-02,2.11175047E-02,7.34574002E-08
19,10,4.69091982E-02,2.11175047E-02,2.33399812E-02,7.34574002E-08
19,11,4.69091982E-02,2.33399812E-02,2.57330853E-02,7.34574002E-08
19,12,4.69091982E-02,2.57330853E-02,2.81553138E-02,7.34574002E-08
19,13,4.69091982E-02,2.81553138E-02,3.03694606E-02,7.34574002E-08
19,14,4.69091982E-02,3.03694606E-02,3.26805413E-02,7.34574002E-08
19,15,4.69091982E-02,3.26805413E-02,3.51660103E-02,7.34574002E-08
19,16,4.69091982E-02,3.51660103E-02,3.75256240E-02,7.34574002E-08
19,17,4.69091982E-02,3.75256240E-02,3.97110656E-02,7.34574002E-08
19,18,4.69091982E-02,3.97110656E-02,4.19905484E-02,7.34574002E-08
19,19,4.69091982E-02,4.19905484E-02,4.44765314E-02,7.34574002E-08
19,20,4.69091982E-02,4.44765314E-02,4.69091982E-02,7.34574002E-08
20,1,102.192184,99.8810120,99.9097824,-1.11770737E-06
20,2,102.192184,99.9097824,99.9774094,-1.11770737E-06
20,3,102.192184,99.9774094,100.044159,-1.11770737E-06
20,4,102.192184,100.044159,100.111526,-1.11770737E-06
20,5,102.192184,100.111526,100.189621,-1.11770737E-06
20,6,102.192184,100.189621,100.285011,-1.11770737E-06
20,7,102.192184,100.285011,100.398567,-1.11770737E-06
20,8,102.192184,100.398567,100.526955,-1.11770737E-06
20,9,102.192184,100.526955,100.665154,-1.11770737E-06
20,10,102.192184,100.665154,100.808327,-1.11770737E-06
20,11,102.192184,100.808327,100.952843,-1.11770737E-06
20,12,102.192184,100.952843,101.096634,-1.11770737E-06
20,13,102.192184,101.096634,101.238983,-1.11770737E-06
20,14,102.192184,101.238983,101.379868,-1.11770737E-06
20,15,102.192184,101.379868,101.519806,-1.11770737E-06
20,16,102.192184,101.519806,101.658943,-1.11770737E-06
20,17,102.192184,101.658943,101.797005,-1.11770737E-06
20,18,102.192184,101.797005,101.933037,-1.11770737E-06
20,19,102.192184,101.933037,102.065460,-1.11770737E-06
20,20,102.192184,102.065460,102.192184,-1.11770737E-06
21,1,3354.02954,3387.54419,3373.09814,-7.13087429E-05
21,2,3354.02954,3373.09814,3367.60864,-7.13087429E-05
21,3,3354.02954,3367.60864,3366.09204,-7.13087429E-05
21,4,3354.02954,3366.09204,3371.78247,-7.13087429E-05
21,5,3354.02954,3371.78247,3377.87354,-7.13087429E-05
21,6,3354.02954,3377.87354,3383.05054,-7.13087429E-05
21,7,3354.02954,3383.05054,3387.33545,-7.13087429E-05
21,8,3354.02954,3387.33545,3390.63818,-7.13087429E-05
21,9,3354.02954,3390.63818,3391.03882,-7.13087429E-05
21,10,3354.02954,3391.03882,3391.29736,-7.13087429E-05
21,11,3354.02954,3391.29736,3390.27466,-7.13087429E-05
21,12,3354.02954,3390.27466,3389.28101,-7.13087429E-05
21,13,3354.02954,3389.28101,3388.38232,-7.13087429E-05
21,14,3354.02954,3388.38232,3387.03394,-7.13087429E-05
21,15,3354.02954,3387.03394,3384.60742,-7.13087429E-05
21,16,3354.02954,3384.60742,3380.71729,-7.13087429E-05
21,17,3354.02954,3380.71729,3375.35474,-7.13087429E-05
21,18,3354.02954,3375.35474,3367.22095,-7.13087429E-05
21,19,3354.02954,3367.22095,3359.78809,-7.13087429E-05
21,20,3354.02954,3359.78809,3354.02954,-7.13087429E-05
22,1,247.761459,11.0555658,21.9589672,4.91591927E-04
22,2,247.761459,21.9589672,33.7000427,4.91591927E-04
22,3,247.761459,33.7000427,53.5450974,4.91591927E-04
22,4,247.761459,53.5450974,61.3996811,4.91591927E-04
22,5,247.761459,61.3996811,61.0038681,4.91591927E-04
22,6,247.761459,61.0038681,70.6867294,4.91591927E-04
22,7,247.761459,70.6867294,88.5876389,4.91591927E-04
22,8,247.761459,88.5876389,108.339172,4.91591927E-04
22,9,247.761459,108.339172,125.195801,4.91591927E-04
22,10,247.761459,125.195801,137.416962,4.91591927E-04
22,11,247.761459,137.416962,145.651596,4.91591927E-04
22,12,247.761459,145.651596,151.776611,4.91591927E-04
22,13,247.761459,151.776611,157.865494,4.91591927E-04
22,14,247.761459,157.865494,165.522385,4.91591927E-04
22,15,247.761459,165.522385,175.592178,4.91591927E-04
22,16,247.761459,175.592178,188.158600,4.91591927E-04
22,17,247.761459,188.158600,203.056686,4.91591927E-04
22,18,247.761459,203.056686,218.981796,4.91591927E-04
22,19,247.761459,218.981796,233.290985,4.91591927E-04
22,20,247.761459,233.290985,247.761459,4.91591927E-04
23,1,9.54988003,4.69091982E-02,0.438065529,7.29856547E-05
23,2,9.54988003,0.438065529,1.05127561,7.29856547E-05
23,3,9.54988003,1.05127561,1.31783855,7.29856547E-05
23,4,9.54988003,1.31783855,1.80556393,7.29856547E-05
23,5,9.54988003,1.80556393,2.07581234,7.29856547E-05
23,6,9.54988003,2.07581234,2.40023804,7.29856547E-05
23,7,9.54988003,2.40023804,3.22060823,7.29856547E-05
23,8,9.54988003,3.22060823,3.90777779,7.29856547E-05
23,9,9.54988003,3.90777779,4.28282309,7.29856547E-05
23,10,9.54988003,4.28282309,4.56122732,7.29856547E-05
23,11,9.54988003,4.56122732,4.72655821,7.29856547E-05
23,12,9.54988003,4.72655821,4.63332987,7.29856547E-05
23,13,9.54988003,4.63332987,5.35976315,7.29856547E-05
23,14,9.54988003,5.35976315,6.09756136,7.29856547E-05
23,15,9.54988003,6.09756136,6.70328426,7.29856547E-05
23,16,9.54988003,6.70328426,7.02156210,7.29856547E-05
23,17,9.54988003,7.02156210,7.50462103,7.29856547E-05
23,18,9.54988003,7.50462103,8.17549992,7.29856547E-05
23,19,9.54988003,8.17549992,9.04520321,7.29856547E-05
23,20,9.54988003,9.04520321,9.54988003,7.29856547E-05
24,1,3451.38477,3354.02954,3345.65283,-6.16011619E-07
24,2,3451.38477,3345.65283,3358.95166,-6.16011619E-07
24,3,3451.38477,3358.95166,3380.86621,-6.16011619E-07
24,4,3451.38477,3380.86621,3422.00610,-6.16011619E-07
24,5,3451.38477,3422.00610,3427.72827,-6.16011619E-07
24,6,3451.38477,3427.72827,3448.14014,-6.16011619E-07
24,7,3451.38477,3448.14014,3485.48022,-6.16011619E-07
24,8,3451.38477,3485.48022,3491.57690,-6.16011619E-07
24,9,3451.38477,3491.57690,3483.70215,-6.16011619E-07
24,10,3451.38477,3483.70215,3464.48413,-6.16011619E-07
24,11,3451.38477,3464.48413,3456.15894,-6.16011619E-07
24,12,3451.38477,3456.15894,3457.00073,-6.16011619E-07
24,13,3451.38477,3457.00073,3449.51587,-6.16011619E-07
24,14,3451.38477,3449.51587,3439.81763,-6.16011619E-07
24,15,3451.38477,3439.81763,3430.38452,-6.16011619E-07
24,16,3451.38477,3430.38452,3422.56128,-6.16011619E-07
24,17,3451.38477,3422.56128,3421.25171,-6.16011619E-07
24,18,3451.38477,3421.25171,3430.44604,-6.16011619E-07
24,19,3451.38477,3430.44604,3440.59253,-6.16011619E-07
24,20,3451.38477,3440.59253,3451.38477,-6.16011619E-07
25,1,256.790558,247.761459,249.171417,4.42821010E-06
25,2,256.790558,249.171417,251.351028,4.42821010E-06
25,3,256.790558,251.351028,251.033447,4.42821010E-06
25,4,256.790558,251.033447,254.166229,4.42821010E-06
25,5,256.790558,254.166229,260.423828,4.42821010E-06
25,6,256.790558,260.423828,256.134583,4.42821010E-06
25,7,256.790558,256.134583,249.102890,4.42821010E-06
25,8,256.790558,249.102890,246.111420,4.42821010E-06
25,9,256.790558,246.111420,246.869980,4.42821010E-06
25,10,256.790558,246.869980,241.987488,4.42821010E-06
25,11,256.790558,241.987488,235.540726,4.42821010E-06
25,12,256.790558,235.540726,241.644516,4.42821010E-06
25,13,256.790558,241.644516,252.612427,4.42821010E-06
25,14,256.790558,252.612427,263.621033,4.42821010E-06
25,15,256.790558,263.621033,271.930603,4.42821010E-06
25,16,256.790558,271.930603,276.275085,4.42821010E-06
25,17,256.790558,276.275085,276.390137,4.42821010E-06
25,18,256.790558,276.390137,272.652466,4.42821010E-06
25,19,256.790558,272.652466,265.811096,4.42821010E-06
25,20,256.790558,265.811096,256.790558,4.42821010E-06
26,1,93.2575531,9.54988003,11.9466877,6.54205724E-05
26,2,93.2575531,11.9466877,17.7387810,6.54205724E-05
26,3,93.2575531,17.7387810,21.4426003,6.54205724E-05
26,4,93.2575531,21.4426003,24.6679420,6.54205724E-05
26,5,93.2575531,24.6679420,30.0724831,6.54205724E-05
26,6,93.2575531,30.0724831,34.3797035,6.54205724E-05
26,7,93.2575531,34.3797035,36.5896645,6.54205724E-05
26,8,93.2575531,36.5896645,42.7375832,6.54205724E-05
26,9,93.2575531,42.7375832,47.2569275,6.54205724E-05
26,10,93.2575531,47.2569275,48.7560730,6.54205724E-05
26,11,93.2575531,48.7560730,55.1236877,6.54205724E-05
26,12,93.2575531,55.1236877,59.5053520,6.54205724E-05
26,13,93.2575531,59.5053520,62.7964592,6.54205724E-05
26,14,93.2575531,62.7964592,65.8688431,6.54205724E-05
26,15,93.2575531,65.8688431,71.5396881,6.54205724E-05
26,16,93.2575531,71.5396881,77.5944366,6.54205724E-05
26,17,93.2575531,77.5944366,77.9655609,6.54205724E-05
26,18,93.2575531,77.9655609,81.8242188,6.54205724E-05
26,19,93.2575531,81.8242188,90.2766266,6.54205724E-05
26,20,93.2575531,90.2766266,93.2575531,6.54205724E-05
27,1,3383.41797,3451.38477,3448.85181,-3.09652474E-04
27,2,3383.41797,3448.85181,3437.77490,-3.09652474E-04
27,3,3383.41797,3437.77490,3411.85181,-3.09652474E-04
27,4,3383.41797,3411.85181,3379.59888,-3.09652474E-04
27,5,3383.41797,3379.59888,3360.18994,-3.09652474E-04
27,6,3383.41797,3360.18994,3341.10205,-3.09652474E-04
27,7,3383.41797,3341.10205,3320.60059,-3.09652474E-04
27,8,3383.41797,3320.60059,3300.51538,-3.09652474E-04
27,9,3383.41797,3300.51538,3283.21533,-3.09652474E-04
27,10,3383.41797,3283.21533,3270.54932,-3.09652474E-04
27,11,3383.41797,3270.54932,3263.61987,-3.09652474E-04
27,12,3383.41797,3263.61987,3262.85547,-3.09652474E-04
27,13,3383.41797,3262.85547,3268.12158,-3.09652474E-04
27,14,3383.41797,3268.12158,3278.82227,-3.09652474E-04
27,15,3383.41797,3278.82227,3293.98511,-3.09652474E-04
27,16,3383.41797,3293.98511,3312.33618,-3.09652474E-04
27,17,3383.41797,3312.33618,3332.37671,-3.09652474E-04
27,18,3383.41797,3332.37671,3353.30566,-3.09652474E-04
27,19,3383.41797,3353.30566,3371.28955,-3.09652474E-04
27,20,3383.41797,3371.28955,3383.41797,-3.09652474E-04
28,1,35.7193146,256.790558,190.153442,-1.11372654E-04
28,2,35.7193146,190.153442,214.066147,-1.11372654E-04
28,3,35.7193146,214.066147,259.820587,-1.11372654E-04
28,4,35.7193146,259.820587,234.526810,-1.11372654E-04
28,5,35.7193146,234.526810,182.696243,-1.11372654E-04
28,6,35.7193146,182.696243,146.569702,-1.11372654E-04
28,7,35.7193146,146.569702,223.501221,-1.11372654E-04
28,8,35.7193146,223.501221,201.675613,-1.11372654E-04
28,9,35.7193146,201.675613,172.638062,-1.11372654E-04
28,10,35.7193146,172.638062,159.481232,-1.11372654E-04
28,11,35.7193146,159.481232,137.480667,-1.11372654E-04
28,12,35.7193146,137.480667,130.837433,-1.11372654E-04
28,13,35.7193146,130.837433,101.297081,-1.11372654E-04
28,14,35.7193146,101.297081,136.380997,-1.11372654E-04
28,15,35.7193146,136.380997,169.123550,-1.11372654E-04
28,16,35.7193146,169.123550,165.354630,-1.11372654E-04
28,17,35.7193146,165.354630,126.772560,-1.11372654E-04
28,18,35.7193146,126.772560,91.3776169,-1.11372654E-04
28,19,35.7193146,91.3776169,55.9390945,-1.11372654E-04
28,20,35.7193146,55.9390945,35.7193146,-1.11372654E-04
29,1,105.113976,93.2577591,93.6309052,3.42569183E-05
29,2,105.113976,93.6309052,94.2852631,3.42569183E-05
29,3,105.113976,94.2852631,94.0645142,3.42569183E-05
29,4,105.113976,94.0645142,94.7625961,3.42569183E-05
29,5,105.113976,94.7625961,92.4952240,3.42569183E-05
29,6,105.113976,92.4952240,90.1601944,3.42569183E-05
29,7,105.113976,90.1601944,96.9489594,3.42569183E-05
29,8,105.113976,96.9489594,92.4900360,3.42569183E-05
29,9,105.113976,92.4900360,85.4072571,3.42569183E-05
29,10,105.113976,85.4072571,90.1326675,3.42569183E-05
29,11,105.113976,90.1326675,94.5794754,3.42569183E-05
29,12,105.113976,94.5794754,94.4980850,3.42569183E-05
29,13,105.113976,94.4980850,96.9473648,3.42569183E-05
29,14,105.113976,96.9473648,97.6756973,3.42569183E-05
29,15,105.113976,97.6756973,93.3527603,3.42569183E-05
29,16,105.113976,93.3527603,98.3094254,3.42569183E-05
29,17,105.113976,98.3094254,99.4597931,3.42569183E-05
29,18,105.113976,99.4597931,113.046829,3.42569183E-05
29,19,105.113976,113.046829,113.079346,3.42569183E-05
29,20,105.113976,113.079346,105.113976,3.42569183E-05
30,1,3283.64185,3383.41797,3419.87500,3.24038956E-06
30,2,3283.64185,3419.87500,3417.36426,3.24038956E-06
30,3,3283.64185,3417.36426,3363.63428,3.24038956E-06
30,4,3283.64185,3363.63428,3303.16479,3.24038956E-06
30,5,3283.64185,3303.16479,3248.91016,3.24038956E-06
30,6,3283.64185,3248.91016,3207.33813,3.24038956E-06
30,7,3283.64185,3207.33813,3188.58716,3.24038956E-06
30,8,3283.64185,3188.58716,3199.45923,3.24038956E-06
30,9,3283.64185,3199.45923,3236.57666,3.24038956E-06
30,10,3283.64185,3236.57666,3287.10718,3.24038956E-06
30,11,3283.64185,3287.10718,3334.95166,3.24038956E-06
30,12,3283.64185,3334.95166,3367.43018,3.24038956E-06
30,13,3283.64185,3367.43018,3379.06201,3.24038956E-06
30,14,3283.64185,3379.06201,3371.68140,3.24038956E-06
30,15,3283.64185,3371.68140,3351.95312,3.24038956E-06
30,16,3283.64185,3351.95312,3328.03564,3.24038956E-06
30,17,3283.64185,3328.03564,3306.76221,3.24038956E-06
30,18,3283.64185,3306.76221,3292.09961,3.24038956E-06
30,19,3283.64185,3292.09961,3284.90479,3.24038956E-06
30,20,3283.64185,3284.90479,3283.64185,3.24038956E-06
31,1,125.414055,105.113976,107.697784,6.65315310E-05
31,2,125.414055,107.697784,105.008507,6.65315310E-05
31,3,125.414055,105.008507,114.965714,6.65315310E-05
31,4,125.414055,114.965714,101.070290,6.65315310E-05
31,5,125.414055,101.070290,104.068626,6.65315310E-05
31,6,125.414055,104.068626,114.417755,6.65315310E-05
31,7,125.414055,114.417755,117.493134,6.65315310E-05
31,8,125.414055,117.493134,112.956665,6.65315310E-05
31,9,125.414055,112.956665,108.040108,6.65315310E-05
31,10,125.414055,108.040108,107.756645,6.65315310E-05
31,11,125.414055,107.756645,111.662827,6.65315310E-05
31,12,125.414055,111.662827,116.074158,6.65315310E-05
31,13,125.414055,116.074158,117.643661,6.65315310E-05
31,14,125.414055,117.643661,115.494408,6.65315310E-05
31,15,125.414055,115.494408,111.248817,6.65315310E-05
31,16,125.414055,111.248817,107.694519,6.65315310E-05
31,17,125.414055,107.694519,107.196442,6.65315310E-05
31,18,125.414055,107.196442,110.664383,6.65315310E-05
31,19,125.414055,110.664383,117.362648,6.65315310E-05
31,20,125.414055,117.362648,125.414055,6.65315310E-05
32,1,5154.55322,3302.23950,3178.99268,-2.29580746E-06
32,2,5154.55322,3178.99268,2651.77002,-2.29580746E-06
32,3,5154.55322,2651.77002,1766.86511,-2.29580746E-06
32,4,5154.55322,1766.86511,888.071106,-2.29580746E-06
32,5,5154.55322,888.071106,324.756805,-2.29580746E-06
32,6,5154.55322,324.756805,91.4614029,-2.29580746E-06
32,7,5154.55322,91.4614029,49.3604393,-2.29580746E-06
32,8,5154.55322,49.3604393,99.3330612,-2.29580746E-06
32,9,5154.55322,99.3330612,225.404205,-2.29580746E-06
32,10,5154.55322,225.404205,456.001190,-2.29580746E-06
32,11,5154.55322,456.001190,826.526855,-2.29580746E-06
32,12,5154.55322,826.526855,1357.07178,-2.29580746E-06
32,13,5154.55322,1357.07178,2038.15161,-2.29580746E-06
32,14,5154.55322,2038.15161,2824.31445,-2.29580746E-06
32,15,5154.55322,2824.31445,3638.16064,-2.29580746E-06
32,16,5154.55322,3638.16064,4383.94189,-2.29580746E-06
32,17,5154.55322,4383.94189,4966.46191,-2.29580746E-06
32,18,5154.55322,4966.46191,5309.98584,-2.29580746E-06
32,19,5154.55322,5309.98584,5372.79150,-2.29580746E-06
32,20,5154.55322,5372.79150,5154.55322,-2.29580746E-06
33,1,165.395218,125.414055,130.033691,2.40620269E-04
33,2,165.395218,130.033691,144.606186,2.40620269E-04
33,3,165.395218,144.606186,130.661499,2.40620269E-04
33,4,165.395218,130.661499,134.464478,2.40620269E-04
33,5,165.395218,134.464478,151.540787,2.40620269E-04
33,6,165.395218,151.540787,162.140717,2.40620269E-04
33,7,165.395218,162.140717,158.648727,2.40620269E-04
33,8,165.395218,158.648727,146.766296,2.40620269E-04
33,9,165.395218,146.766296,136.221863,2.40620269E-04
33,10,165.395218,136.221863,133.187531,2.40620269E-04
33,11,165.395218,133.187531,138.069656,2.40620269E-04
33,12,165.395218,138.069656,146.823013,2.40620269E-04
33,13,165.395218,146.823013,156.881134,2.40620269E-04
33,14,165.395218,156.881134,160.558838,2.40620269E-04
33,15,165.395218,160.558838,163.084976,2.40620269E-04
33,16,165.395218,163.084976,164.583420,2.40620269E-04
33,17,165.395218,164.583420,154.520126,2.40620269E-04
33,18,165.395218,154.520126,160.053024,2.40620269E-04
33,19,165.395218,160.053024,167.262253,2.40620269E-04
33,20,165.395218,167.262253,165.395218,2.40620269E-04
34,1,2548.90088,5154.55322,5077.89795,5.94214089E-06
34,2,2548.90088,5077.89795,4991.23682,5.94214089E-06
34,3,2548.90088,4991.23682,4895.17432,5.94214089E-06
34,4,2548.90088,4895.17432,4790.36621,5.94214089E-06
34,5,2548.90088,4790.36621,4677.51221,5.94214089E-06
34,6,2548.90088,4677.51221,4557.34912,5.94214089E-06
34,7,2548.90088,4557.34912,4430.64404,5.94214089E-06
34,8,2548.90088,4430.64404,4298.18945,5.94214089E-06
34,9,2548.90088,4298.18945,4160.79053,5.94214089E-06
34,10,2548.90088,4160.79053,4019.26245,5.94214089E-06
34,11,2548.90088,4019.26245,3874.42212,5.94214089E-06
34,12,2548.90088,3874.42212,3727.08032,5.94214089E-06
34,13,2548.90088,3727.08032,3578.03491,5.94214089E-06
34,14,2548.90088,3578.03491,3428.06592,5.94214089E-06
34,15,2548.90088,3428.06592,3277.92969,5.94214089E-06
34,16,2548.90088,3277.92969,3128.35254,5.94214089E-06
34,17,2548.90088,3128.35254,2980.02637,5.94214089E-06
34,18,2548.90088,2980.02637,2833.60693,5.94214089E-06
34,19,2548.90088,2833.60693,2689.70801,5.94214089E-06
34,20,2548.90088,2689.70801,2548.90088,5.94214089E-06
35,1,2260.71338,2548.90088,2538.01172,-4.03483491E-03
35,2,2260.71338,2538.01172,2526.99512,-4.03483491E-03
35,3,2260.71338,2526.99512,2516.34644,-4.03483491E-03
35,4,2260.71338,2516.34644,2503.26538,-4.03483491E-03
35,5,2260.71338,2503.26538,2504.86963,-4.03483491E-03
35,6,2260.71338,2504.86963,2447.92456,-4.03483491E-03
35,7,2260.71338,2447.92456,2557.62476,-4.03483491E-03
35,8,2260.71338,2557.62476,2323.21362,-4.03483491E-03
35,9,2260.71338,2323.21362,2584.60791,-4.03483491E-03
35,10,2260.71338,2584.60791,2407.24585,-4.03483491E-03
35,11,2260.71338,2407.24585,2364.62500,-4.03483491E-03
35,12,2260.71338,2364.62500,2454.26123,-4.03483491E-03
35,13,2260.71338,2454.26123,2445.85498,-4.03483491E-03
35,14,2260.71338,2445.85498,2398.86255,-4.03483491E-03
35,15,2260.71338,2398.86255,2364.79126,-4.03483491E-03
35,16,2260.71338,2364.79126,2336.12256,-4.03483491E-03
35,17,2260.71338,2336.12256,2376.49487,-4.03483491E-03
35,18,2260.71338,2376.49487,2370.04785,-4.03483491E-03
35,19,2260.71338,2370.04785,2454.18726,-4.03483491E-03
35,20,2260.71338,2454.18726,2260.71338,-4.03483491E-03
36,1,7295.38867,2296.43262,2161.67163,-1.24542539E-05
36,2,7295.38867,2161.67163,2131.65649,-1.24542539E-05
36,3,7295.38867,2131.65649,2223.10400,-1.24542539E-05
36,4,7295.38867,2223.10400,2420.27002,-1.24542539E-05
36,5,7295.38867,2420.27002,2690.17993,-1.24542539E-05
36,6,7295.38867,2690.17993,2994.96899,-1.24542539E-05
36,7,7295.38867,2994.96899,3300.60938,-1.24542539E-05
36,8,7295.38867,3300.60938,3582.07056,-1.24542539E-05
36,9,7295.38867,3582.07056,3825.48608,-1.24542539E-05
36,10,7295.38867,3825.48608,4028.11792,-1.24542539E-05
36,11,7295.38867,4028.11792,4196.90430,-1.24542539E-05
36,12,7295.38867,4196.90430,4346.26709,-1.24542539E-05
36,13,7295.38867,4346.26709,4495.67236,-1.24542539E-05
36,14,7295.38867,4495.67236,4667.26953,-1.24542539E-05
36,15,7295.38867,4667.26953,4883.81445,-1.24542539E-05
36,16,7295.38867,4883.81445,5166.95312,-1.24542539E-05
36,17,7295.38867,5166.95312,5535.89746,-1.24542539E-05
36,18,7295.38867,5535.89746,6006.46826,-1.24542539E-05
36,19,7295.38867,6006.46826,6590.47461,-1.24542539E-05
36,20,7295.38867,6590.47461,7295.38867,-1.24542539E-05
37,1,38827.3633,7295.38867,8378.18164,-3.38427280E-03
37,2,38827.3633,8378.18164,9724.32520,-3.38427280E-03
37,3,38827.3633,9724.32520,11323.3643,-3.38427280E-03
37,4,38827.3633,11323.3643,13148.1201,-3.38427280E-03
37,5,38827.3633,13148.1201,15157.0869,-3.38427280E-03
37,6,38827.3633,15157.0869,17298.5059,-3.38427280E-03
37,7,38827.3633,17298.5059,19515.3516,-3.38427280E-03
37,8,38827.3633,19515.3516,21750.2871,-3.38427280E-03
37,9,38827.3633,21750.2871,23949.9414,-3.38427280E-03
37,10,38827.3633,23949.9414,26068.0430,-3.38427280E-03
37,11,38827.3633,26068.0430,28067.3418,-3.38427280E-03
37,12,38827.3633,28067.3418,29920.3340,-3.38427280E-03
37,13,38827.3633,29920.3340,31609.0840,-3.38427280E-03
37,14,38827.3633,31609.0840,33124.3203,-3.38427280E-03
37,15,38827.3633,33124.3203,34464.1641,-3.38427280E-03
37,16,38827.3633,34464.1641,35632.8047,-3.38427280E-03
37,17,38827.3633,35632.8047,36639.2109,-3.38427280E-03
37,18,38827.3633,36639.2109,37496.1328,-3.38427280E-03
37,19,38827.3633,37496.1328,38219.3750,-3.38427280E-03
37,20,38827.3633,38219.3750,38827.3633,-3.38427280E-03
38,1,76465.4219,38827.3633,39912.1445,-9.16611225E-06
38,2,76465.4219,39912.1445,40792.6641,-9.16611225E-06
38,3,76465.4219,40792.6641,41601.3867,-9.16611225E-06
38,4,76465.4219,41601.3867,42496.9922,-9.16611225E-06
38,5,76465.4219,42496.9922,43659.8320,-9.16611225E-06
38,6,76465.4219,43659.8320,45271.0312,-9.16611225E-06
38,7,76465.4219,45271.0312,47483.8945,-9.16611225E-06
38,8,76465.4219,47483.8945,50394.4688,-9.16611225E-06
38,9,76465.4219,50394.4688,54014.1953,-9.16611225E-06
38,10,76465.4219,54014.1953,58249.1016,-9.16611225E-06
38,11,76465.4219,58249.1016,62893.3867,-9.16611225E-06
38,12,76465.4219,62893.3867,67643.6484,-9.16611225E-06
38,13,76465.4219,67643.6484,72134.8125,-9.16611225E-06
38,14,76465.4219,72134.8125,75992.9844,-9.16611225E-06
38,15,76465.4219,75992.9844,78895.5469,-9.16611225E-06
38,16,76465.4219,78895.5469,80625.4766,-9.16611225E-06
38,17,76465.4219,80625.4766,81107.7969,-9.16611225E-06
38,18,76465.4219,81107.7969,80419.5469,-9.16611225E-06
38,19,76465.4219,80419.5469,78771.4531,-9.16611225E-06
38,20,76465.4219,78771.4531,76465.4219,-9.16611225E-06
39,1,52716.4727,76465.4219,74443.8516,-3.18472537E-08
39,2,52716.4727,74443.8516,72392.4844,-3.18472537E-08
39,3,52716.4727,72392.4844,70426.5938,-3.18472537E-08
39,4,52716.4727,70426.5938,68630.4375,-3.18472537E-08
39,5,52716.4727,68630.4375,67055.2578,-3.18472537E-08
39,6,52716.4727,67055.2578,65719.0156,-3.18472537E-08
39,7,52716.4727,65719.0156,64608.8516,-3.18472537E-08
39,8,52716.4727,64608.8516,63686.8672,-3.18472537E-08
39,9,52716.4727,63686.8672,62898.7773,-3.18472537E-08
39,10,52716.4727,62898.7773,62183.6562,-3.18472537E-08
39,11,52716.4727,62183.6562,61483.2930,-3.18472537E-08
39,12,52716.4727,61483.2930,60749.5625,-3.18472537E-08
39,13,52716.4727,60749.5625,59949.2031,-3.18472537E-08
39,14,52716.4727,59949.2031,59065.7852,-3.18472537E-08
39,15,52716.4727,59065.7852,58099.0273,-3.18472537E-08
39,16,52716.4727,58099.0273,57062.1562,-3.18472537E-08
39,17,52716.4727,57062.1562,55977.9219,-3.18472537E-08
39,18,52716.4727,55977.9219,54874.0039,-3.18472537E-08
39,19,52716.4727,54874.0039,53778.5703,-3.18472537E-08
39,20,52716.4727,53778.5703,52716.4727,-3.18472537E-08
40,1,51260.1484,52716.4727,52663.2188,3.01836152E-02
40,2,51260.1484,52663.2188,52613.3281,3.01836152E-02
40,3,51260.1484,52613.3281,52566.2422,3.01836152E-02
40,4,51260.1484,52566.2422,52521.0547,3.01836152E-02
40,5,51260.1484,52521.0547,52476.6094,3.01836152E-02
40,6,51260.1484,52476.6094,52431.5703,3.01836152E-02
40,7,51260.1484,52431.5703,52384.5430,3.01836152E-02
40,8,51260.1484,52384.5430,52334.1875,3.01836152E-02
40,9,51260.1484,52334.1875,52279.2695,3.01836152E-02
40,10,51260.1484,52279.2695,52218.7812,3.01836152E-02
40,11,51260.1484,52218.7812,52151.9531,3.01836152E-02
40,12,51260.1484,52151.9531,52078.2891,3.01836152E-02
40,13,51260.1484,52078.2891,51997.5430,3.01836152E-02
40,14,51260.1484,51997.5430,51909.7383,3.01836152E-02
40,15,51260.1484,51909.7383,51815.1211,3.01836152E-02
40,16,51260.1484,51815.1211,51714.1289,3.01836152E-02
40,17,51260.1484,51714.1289,51607.3594,3.01836152E-02
40,18,51260.1484,51607.3594,51495.5312,3.01836152E-02
40,19,51260.1484,51495.5312,51379.4844,3.01836152E-02
40,20,51260.1484,51379.4844,51260.1484,3.01836152E-02
41,1,47779.4766,51260.1484,50931.6602,-8.75374212E-07
41,2,47779.4766,50931.6602,50602.8984,-8.75374212E-07
41,3,47779.4766,50602.8984,50275.6094,-8.75374212E-07
41,4,47779.4766,50275.6094,49951.8516,-8.75374212E-07
41,5,47779.4766,49951.8516,49634.0000,-8.75374212E-07
41,6,47779.4766,49634.0000,49324.7031,-8.75374212E-07
41,7,47779.4766,49324.7031,49026.7969,-8.75374212E-07
41,8,47779.4766,49026.7969,48743.3320,-8.75374212E-07
41,9,47779.4766,48743.3320,48477.4922,-8.75374212E-07
41,10,47779.4766,48477.4922,48232.6094,-8.75374212E-07
41,11,47779.4766,48232.6094,48012.1328,-8.75374212E-07
41,12,47779.4766,48012.1328,47819.6562,-8.75374212E-07
41,13,47779.4766,47819.6562,47658.9336,-8.75374212E-07
41,14,47779.4766,47658.9336,47533.8906,-8.75374212E-07
41,15,47779.4766,47533.8906,47448.6523,-8.75374212E-07
41,16,47779.4766,47448.6523,47407.5703,-8.75374212E-07
41,17,47779.4766,47407.5703,47415.2148,-8.75374212E-07
41,18,47779.4766,47415.2148,47476.3828,-8.75374212E-07
41,19,47779.4766,47476.3828,47596.0703,-8.75374212E-07
41,20,47779.4766,47596.0703,47779.4766,-8.75374212E-07
42,1,55629.2734,47779.4766,47919.1719,2.07257154E-03
42,2,55629.2734,47919.1719,48080.6641,2.07257154E-03
42,3,55629.2734,48080.6641,48264.8320,2.07257154E-03
42,4,55629.2734,48264.8320,48472.5625,2.07257154E-03
42,5,55629.2734,48472.5625,48704.7227,2.07257154E-03
42,6,55629.2734,48704.7227,48962.1797,2.07257154E-03
42,7,55629.2734,48962.1797,49245.7734,2.07257154E-03
42,8,55629.2734,49245.7734,49556.3203,2.07257154E-03
42,9,55629.2734,49556.3203,49894.6172,2.07257154E-03
42,10,55629.2734,49894.6172,50261.4141,2.07257154E-03
42,11,55629.2734,50261.4141,50657.4336,2.07257154E-03
42,12,55629.2734,50657.4336,51083.3516,2.07257154E-03
42,13,55629.2734,51083.3516,51539.8008,2.07257154E-03
42,14,55629.2734,51539.8008,52027.3359,2.07257154E-03
42,15,55629.2734,52027.3359,52546.4688,2.07257154E-03
42,16,55629.2734,52546.4688,53097.6562,2.07257154E-03
42,17,55629.2734,53097.6562,53681.2656,2.07257154E-03
42,18,55629.2734,53681.2656,54297.6016,2.07257154E-03
42,19,55629.2734,54297.6016,54946.8906,2.07257154E-03
42,20,55629.2734,54946.8906,55629.2734,2.07257154E-03
43,1,266766.969,55629.2734,60693.3320,3.65721530E-06
43,2,266766.969,60693.3320,66794.0156,3.65721530E-06
43,3,266766.969,66794.0156,73709.1484,3.65721530E-06
43,4,266766.969,73709.1484,81174.1094,3.65721530E-06
43,5,266766.969,81174.1094,88933.2734,3.65721530E-06
43,6,266766.969,88933.2734,96788.3516,3.65721530E-06
43,7,266766.969,96788.3516,104634.258,3.65721530E-06
43,8,266766.969,104634.258,112476.172,3.65721530E-06
43,9,266766.969,112476.172,120426.633,3.65721530E-06
43,10,266766.969,120426.633,128685.031,3.65721530E-06
43,11,266766.969,128685.031,137504.625,3.65721530E-06
43,12,266766.969,137504.625,147153.312,3.65721530E-06
43,13,266766.969,147153.312,157874.344,3.65721530E-06
43,14,266766.969,157874.344,169852.156,3.65721530E-06
43,15,266766.969,169852.156,183186.625,3.65721530E-06
43,16,266766.969,183186.625,197877.953,3.65721530E-06
43,17,266766.969,197877.953,213822.391,3.65721530E-06
43,18,266766.969,213822.391,230818.453,3.65721530E-06
43,19,266766.969,230818.453,248581.828,3.65721530E-06
43,20,266766.969,248581.828,266766.969,3.65721530E-06
44,1,338820.875,266766.969,270513.562,-4.09073802E-03
44,2,338820.875,270513.562,274265.375,-4.09073802E-03
44,3,338820.875,274265.375,278018.969,-4.09073802E-03
44,4,338820.875,278018.969,281770.875,-4.09073802E-03
44,5,338820.875,281770.875,285517.719,-4.09073802E-03
44,6,338820.875,285517.719,289256.062,-4.09073802E-03
44,7,338820.875,289256.062,292982.375,-4.09073802E-03
44,8,338820.875,292982.375,296693.188,-4.09073802E-03
44,9,338820.875,296693.188,300385.188,-4.09073802E-03
44,10,338820.875,300385.188,304054.875,-4.09073802E-03
44,11,338820.875,304054.875,307698.938,-4.09073802E-03
44,12,338820.875,307698.938,311314.156,-4.09073802E-03
44,13,338820.875,311314.156,314897.125,-4.09073802E-03
44,14,338820.875,314897.125,318444.750,-4.09073802E-03
44,15,338820.875,318444.750,321953.906,-4.09073802E-03
44,16,338820.875,321953.906,325421.625,-4.09073802E-03
44,17,338820.875,325421.625,328844.938,-4.09073802E-03
44,18,338820.875,328844.938,332221.031,-4.09073802E-03
44,19,338820.875,332221.031,335547.219,-4.09073802E-03
44,20,338820.875,335547.219,338820.875,-4.09073802E-03
45,1,423633.625,338820.875,346727.812,1.32663472E-05
45,2,423633.625,346727.812,354258.438,1.32663472E-05
45,3,423633.625,354258.438,361385.406,1.32663472E-05
45,4,423633.625,361385.406,368087.875,1.32663472E-05
45,5,423633.625,368087.875,374351.594,1.32663472E-05
45,6,423633.625,374351.594,380169.219,1.32663472E-05
45,7,423633.625,380169.219,385540.281,1.32663472E-05
45,8,423633.625,385540.281,390470.938,1.32663472E-05
45,9,423633.625,390470.938,394973.688,1.32663472E-05
45,10,423633.625,394973.688,399066.375,1.32663472E-05
45,11,423633.625,399066.375,402771.688,1.32663472E-05
45,12,423633.625,402771.688,406116.344,1.32663472E-05
45,13,423633.625,406116.344,409129.969,1.32663472E-05
45,14,423633.625,409129.969,411844.188,1.32663472E-05
45,15,423633.625,411844.188,414291.844,1.32663472E-05
45,16,423633.625,414291.844,416505.688,1.32663472E-05
45,17,423633.625,416505.688,418517.781,1.32663472E-05
45,18,423633.625,418517.781,420358.375,1.32663472E-05
45,19,423633.625,420358.375,422055.438,1.32663472E-05
45,20,423633.625,422055.438,423633.625,1.32663472E-05
46,1,431445.844,423633.625,424089.500,4.49836676E-07
46,2,431445.844,424089.500,424537.062,4.49836676E-07
46,3,431445.844,424537.062,424976.750,4.49836676E-07
46,4,431445.844,424976.750,425408.938,4.49836676E-07
46,5,431445.844,425408.938,425834.000,4.49836676E-07
46,6,431445.844,425834.000,426252.156,4.49836676E-07
46,7,431445.844,426252.156,426663.625,4.49836676E-07
46,8,431445.844,426663.625,427068.688,4.49836676E-07
46,9,431445.844,427068.688,427467.438,4.49836676E-07
46,10,431445.844,427467.438,427860.000,4.49836676E-07
46,11,431445.844,427860.000,428246.500,4.49836676E-07
46,12,431445.844,428246.500,428626.969,4.49836676E-07
46,13,431445.844,428626.969,429001.375,4.49836676E-07
46,14,431445.844,429001.375,429369.719,4.49836676E-07
46,15,431445.844,429369.719,429731.969,4.49836676E-07
46,16,431445.844,429731.969,430087.875,4.49836676E-07
46,17,431445.844,430087.875,430437.500,4.49836676E-07
46,18,431445.844,430437.500,430780.469,4.49836676E-07
46,19,431445.844,430780.469,431116.688,4.49836676E-07
46,20,431445.844,431116.688,431445.844,4.49836676E-07
47,1,431799.438,431549.031,431561.250,-1.46494313E-05
47,2,431799.438,431561.250,431578.969,-1.46494313E-05
47,3,431799.438,431578.969,431585.750,-1.46494313E-05
47,4,431799.438,431585.750,431604.250,-1.46494313E-05
47,5,431799.438,431604.250,431617.406,-1.46494313E-05
47,6,431799.438,431617.406,431630.719,-1.46494313E-05
47,7,431799.438,431630.719,431640.000,-1.46494313E-05
47,8,431799.438,431640.000,431655.750,-1.46494313E-05
47,9,431799.438,431655.750,431669.875,-1.46494313E-05
47,10,431799.438,431669.875,431679.156,-1.46494313E-05
47,11,431799.438,431679.156,431693.656,-1.46494313E-05
47,12,431799.438,431693.656,431705.094,-1.46494313E-05
47,13,431799.438,431705.094,431710.531,-1.46494313E-05
47,14,431799.438,431710.531,431725.781,-1.46494313E-05
47,15,431799.438,431725.781,431757.500,-1.46494313E-05
47,16,431799.438,431757.500,431788.500,-1.46494313E-05
47,17,431799.438,431788.500,431781.531,-1.46494313E-05
47,18,431799.438,431781.531,431784.656,-1.46494313E-05
47,19,431799.438,431784.656,431770.812,-1.46494313E-05
47,20,431799.438,431770.812,431799.438,-1.46494313E-05
48,1,432536.562,431799.438,431859.844,4.28682833E-04
48,2,432536.562,431859.844,431856.281,4.28682833E-04
48,3,432536.562,431856.281,431857.156,4.28682833E-04
48,4,432536.562,431857.156,431873.375,4.28682833E-04
48,5,432536.562,431873.375,431908.188,4.28682833E-04
48,6,432536.562,431908.188,431957.750,4.28682833E-04
48,7,432536.562,431957.750,431995.812,4.28682833E-04
48,8,432536.562,431995.812,432022.281,4.28682833E-04
48,9,432536.562,432022.281,431957.094,4.28682833E-04
48,10,432536.562,431957.094,431998.844,4.28682833E-04
48,11,432536.562,431998.844,432095.719,4.28682833E-04
48,12,432536.562,432095.719,432013.531,4.28682833E-04
48,13,432536.562,432013.531,432334.844,4.28682833E-04
48,14,432536.562,432334.844,431811.000,4.28682833E-04
48,15,432536.562,431811.000,432548.031,4.28682833E-04
48,16,432536.562,432548.031,431762.375,4.28682833E-04
48,17,432536.562,431762.375,432442.844,4.28682833E-04
48,18,432536.562,432442.844,431877.031,4.28682833E-04
48,19,432536.562,431877.031,432545.656,4.28682833E-04
48,20,432536.562,432545.656,432536.562,4.28682833E-04
49,1,432576.062,432536.562,431823.594,5.53849816E-07
49,2,432576.062,431823.594,431588.938,5.53849816E-07
49,3,432576.062,431588.938,432507.469,5.53849816E-07
49,4,432576.062,432507.469,432747.031,5.53849816E-07
49,5,432576.062,432747.031,432837.250,5.53849816E-07
49,6,432576.062,432837.250,431250.781,5.53849816E-07
49,7,432576.062,431250.781,432482.000,5.53849816E-07
49,8,432576.062,432482.000,433695.938,5.53849816E-07
49,9,432576.062,433695.938,431140.656,5.53849816E-07
49,10,432576.062,431140.656,431084.031,5.53849816E-07
49,11,432576.062,431084.031,432814.344,5.53849816E-07
49,12,432576.062,432814.344,433324.625,5.53849816E-07
49,13,432576.062,433324.625,432096.000,5.53849816E-07
49,14,432576.062,432096.000,432458.312,5.53849816E-07
49,15,432576.062,432458.312,433083.812,5.53849816E-07
49,16,432576.062,433083.812,432346.969,5.53849816E-07
49,17,432576.062,432346.969,431655.500,5.53849816E-07
49,18,432576.062,431655.500,431815.219,5.53849816E-07
49,19,432576.062,431815.219,432213.688,5.53849816E-07
49,20,432576.062,432213.688,432576.062,5.53849816E-07
50,1,438467.625,432741.469,433647.156,3.37496623E-02
50,2,438467.625,433647.156,433914.625,3.37496623E-02
50,3,438467.625,433914.625,433933.031,3.37496623E-02
50,4,438467.625,433933.031,434517.000,3.37496623E-02
50,5,438467.625,434517.000,435440.469,3.37496623E-02
50,6,438467.625,435440.469,435666.906,3.37496623E-02
50,7,438467.625,435666.906,435643.312,3.37496623E-02
50,8,438467.625,435643.312,436504.750,3.37496623E-02
50,9,438467.625,436504.750,438407.281,3.37496623E-02
50,10,438467.625,438407.281,439202.156,3.37496623E-02
50,11,438467.625,439202.156,439656.219,3.37496623E-02
50,12,438467.625,439656.219,437851.031,3.37496623E-02
50,13,438467.625,437851.031,438111.938,3.37496623E-02
50,14,438467.625,438111.938,440713.000,3.37496623E-02
50,15,438467.625,440713.000,439389.938,3.37496623E-02
50,16,438467.625,439389.938,445612.531,3.37496623E-02
50,17,438467.625,445612.531,438991.469,3.37496623E-02
50,18,438467.625,438991.469,442068.219,3.37496623E-02
50,19,438467.625,442068.219,445843.125,3.37496623E-02
50,20,438467.625,445843.125,438467.625,3.37496623E-02
51,1,442974.469,438467.625,449342.719,-2.01061179E-04
51,2,442974.469,449342.719,444067.938,-2.01061179E-04
51,3,442974.469,444067.938,438326.438,-2.01061179E-04
51,4,442974.469,438326.438,441401.469,-2.01061179E-04
51,5,442974.469,441401.469,444317.969,-2.01061179E-04
51,6,442974.469,444317.969,447043.500,-2.01061179E-04
51,7,442974.469,447043.500,445971.375,-2.01061179E-04
51,8,442974.469,445971.375,444905.531,-2.01061179E-04
51,9,442974.469,444905.531,435422.000,-2.01061179E-04
51,10,442974.469,435422.000,446753.656,-2.01061179E-04
51,11,442974.469,446753.656,443962.000,-2.01061179E-04
51,12,442974.469,443962.000,442256.438,-2.01061179E-04
51,13,442974.469,442256.438,445372.781,-2.01061179E-04
51,14,442974.469,445372.781,442015.188,-2.01061179E-04
51,15,442974.469,442015.188,441140.812,-2.01061179E-04
51,16,442974.469,441140.812,447491.938,-2.01061179E-04
51,17,442974.469,447491.938,448671.188,-2.01061179E-04
51,18,442974.469,448671.188,441036.750,-2.01061179E-04
51,19,442974.469,441036.750,437020.031,-2.01061179E-04
51,20,442974.469,437020.031,442974.469,-2.01061179E-04
52,1,435089.562,442974.469,449427.531,-5.93579933E-03
52,2,435089.562,449427.531,444509.875,-5.93579933E-03
52,3,435089.562,444509.875,436710.875,-5.93579933E-03
52,4,435089.562,436710.875,439038.156,-5.93579933E-03
52,5,435089.562,439038.156,447640.219,-5.93579933E-03
52,6,435089.562,447640.219,449205.094,-5.93579933E-03
52,7,435089.562,449205.094,441337.594,-5.93579933E-03
52,8,435089.562,441337.594,434754.844,-5.93579933E-03
52,9,435089.562,434754.844,437501.156,-5.93579933E-03
52,10,435089.562,437501.156,445157.406,-5.93579933E-03
52,11,435089.562,445157.406,447883.438,-5.93579933E-03
52,12,435089.562,447883.438,442957.188,-5.93579933E-03
52,13,435089.562,442957.188,436701.750,-5.93579933E-03
52,14,435089.562,436701.750,436115.844,-5.93579933E-03
52,15,435089.562,436115.844,441206.812,-5.93579933E-03
52,16,435089.562,441206.812,446057.062,-5.93579933E-03
52,17,435089.562,446057.062,445787.594,-5.93579933E-03
52,18,435089.562,445787.594,441040.344,-5.93579933E-03
52,19,435089.562,441040.344,436270.094,-5.93579933E-03
52,20,435089.562,436270.094,435089.562,-5.93579933E-03
53,1,448740.375,435089.562,431202.375,-8.14656913E-02
53,2,448740.375,431202.375,447392.094,-8.14656913E-02
53,3,448740.375,447392.094,435110.562,-8.14656913E-02
53,4,448740.375,435110.562,424649.969,-8.14656913E-02
53,5,448740.375,424649.969,418206.812,-8.14656913E-02
53,6,448740.375,418206.812,429990.219,-8.14656913E-02
53,7,448740.375,429990.219,445707.719,-8.14656913E-02
53,8,448740.375,445707.719,453204.688,-8.14656913E-02
53,9,448740.375,453204.688,451409.812,-8.14656913E-02
53,10,448740.375,451409.812,443635.938,-8.14656913E-02
53,11,448740.375,443635.938,434002.656,-8.14656913E-02
53,12,448740.375,434002.656,425785.250,-8.14656913E-02
53,13,448740.375,425785.250,420881.625,-8.14656913E-02
53,14,448740.375,420881.625,419873.969,-8.14656913E-02
53,15,448740.375,419873.969,422353.344,-8.14656913E-02
53,16,448740.375,422353.344,427314.719,-8.14656913E-02
53,17,448740.375,427314.719,433516.406,-8.14656913E-02
53,18,448740.375,433516.406,439756.000,-8.14656913E-02
53,19,448740.375,439756.000,445052.562,-8.14656913E-02
53,20,448740.375,445052.562,448740.375,-8.14656913E-02
54,1,421334.938,448740.375,448890.719,-1.71196670E-03
54,2,421334.938,448890.719,435868.812,-1.71196670E-03
54,3,421334.938,435868.812,425899.312,-1.71196670E-03
54,4,421334.938,425899.312,428218.500,-1.71196670E-03
54,5,421334.938,428218.500,439055.844,-1.71196670E-03
54,6,421334.938,439055.844,448575.562,-1.71196670E-03
54,7,421334.938,448575.562,449904.844,-1.71196670E-03
54,8,421334.938,449904.844,443013.656,-1.71196670E-03
54,9,421334.938,443013.656,432956.125,-1.71196670E-03
54,10,421334.938,432956.125,425635.500,-1.71196670E-03
54,11,421334.938,425635.500,424356.469,-1.71196670E-03
54,12,421334.938,424356.469,428713.812,-1.71196670E-03
54,13,421334.938,428713.812,435610.438,-1.71196670E-03
54,14,421334.938,435610.438,441268.344,-1.71196670E-03
54,15,421334.938,441268.344,443044.312,-1.71196670E-03
54,16,421334.938,443044.312,440338.125,-1.71196670E-03
54,17,421334.938,440338.125,434474.625,-1.71196670E-03
54,18,421334.938,434474.625,427865.688,-1.71196670E-03
54,19,421334.938,427865.688,422950.719,-1.71196670E-03
54,20,421334.938,422950.719,421334.938,-1.71196670E-03
55,1,439680.844,421334.938,422796.594,-5.03758341E-03
55,2,439680.844,422796.594,426403.031,-5.03758341E-03
55,3,439680.844,426403.031,431289.469,-5.03758341E-03
55,4,439680.844,431289.469,436421.219,-5.03758341E-03
55,5,439680.844,436421.219,440820.812,-5.03758341E-03
55,6,439680.844,440820.812,443757.031,-5.03758341E-03
55,7,439680.844,443757.031,444861.719,-5.03758341E-03
55,8,439680.844,444861.719,444154.500,-5.03758341E-03
55,9,439680.844,444154.500,441985.438,-5.03758341E-03
55,10,439680.844,441985.438,438929.969,-5.03758341E-03
55,11,439680.844,438929.969,435657.438,-5.03758341E-03
55,12,439680.844,435657.438,432798.344,-5.03758341E-03
55,13,439680.844,432798.344,430838.562,-5.03758341E-03
55,14,439680.844,430838.562,430048.656,-5.03758341E-03
55,15,439680.844,430048.656,430460.750,-5.03758341E-03
55,16,439680.844,430460.750,431887.312,-5.03758341E-03
55,17,439680.844,431887.312,433972.000,-5.03758341E-03
55,18,439680.844,433972.000,436264.906,-5.03758341E-03
55,19,439680.844,436264.906,438301.656,-5.03758341E-03
55,20,439680.844,438301.656,439680.844,-5.03758341E-03
56,1,431210.406,439680.844,440093.562,1.75171517E-05
56,2,431210.406,440093.562,438682.438,1.75171517E-05
56,3,431210.406,438682.438,435691.531,1.75171517E-05
56,4,431210.406,435691.531,431766.250,1.75171517E-05
56,5,431210.406,431766.250,427759.000,1.75171517E-05
56,6,431210.406,427759.000,424547.719,1.75171517E-05
56,7,431210.406,424547.719,422839.469,1.75171517E-05
56,8,431210.406,422839.469,423030.031,1.75171517E-05
56,9,431210.406,423030.031,425125.750,1.75171517E-05
56,10,431210.406,425125.750,428784.562,1.75171517E-05
56,11,431210.406,428784.562,433382.625,1.75171517E-05
56,12,431210.406,433382.625,438146.031,1.75171517E-05
56,13,431210.406,438146.031,442296.375,1.75171517E-05
56,14,431210.406,442296.375,445183.938,1.75171517E-05
56,15,431210.406,445183.938,446386.500,1.75171517E-05
56,16,431210.406,446386.500,445763.781,1.75171517E-05
56,17,431210.406,445763.781,443464.875,1.75171517E-05
56,18,431210.406,443464.875,439885.188,1.75171517E-05
56,19,431210.406,439885.188,435588.312,1.75171517E-05
56,20,431210.406,435588.312,431210.406,1.75171517E-05
57,1,427618.750,431210.406,427259.281,-4.03297554E-06
57,2,427618.750,427259.281,424450.812,-4.03297554E-06
57,3,427618.750,424450.812,422928.219,-4.03297554E-06
57,4,427618.750,422928.219,423328.031,-4.03297554E-06
57,5,427618.750,423328.031,424837.500,-4.03297554E-06
57,6,427618.750,424837.500,427483.219,-4.03297554E-06
57,7,427618.750,427483.219,431112.906,-4.03297554E-06
57,8,427618.750,431112.906,434851.375,-4.03297554E-06
57,9,427618.750,434851.375,438221.188,-4.03297554E-06
57,10,427618.750,438221.188,441049.875,-4.03297554E-06
57,11,427618.750,441049.875,442560.688,-4.03297554E-06
57,12,427618.750,442560.688,442962.500,-4.03297554E-06
57,13,427618.750,442962.500,442587.344,-4.03297554E-06
57,14,427618.750,442587.344,441034.000,-4.03297554E-06
57,15,427618.750,441034.000,439039.031,-4.03297554E-06
57,16,427618.750,439039.031,436402.156,-4.03297554E-06
57,17,427618.750,436402.156,433167.094,-4.03297554E-06
57,18,427618.750,433167.094,430405.094,-4.03297554E-06
57,19,427618.750,430405.094,428639.594,-4.03297554E-06
57,20,427618.750,428639.594,427618.750,-4.03297554E-06
58,1,431582.781,427618.750,428628.531,1.39940734E-04
58,2,431582.781,428628.531,435858.000,1.39940734E-04
58,3,431582.781,435858.000,440098.125,1.39940734E-04
58,4,431582.781,440098.125,438707.062,1.39940734E-04
58,5,431582.781,438707.062,434809.594,1.39940734E-04
58,6,431582.781,434809.594,431296.188,1.39940734E-04
58,7,431582.781,431296.188,430905.438,1.39940734E-04
58,8,431582.781,430905.438,432789.281,1.39940734E-04
58,9,431582.781,432789.281,434942.188,1.39940734E-04
58,10,431582.781,434942.188,435415.375,1.39940734E-04
58,11,431582.781,435415.375,439195.719,1.39940734E-04
58,12,431582.781,439195.719,437371.969,1.39940734E-04
58,13,431582.781,437371.969,432902.719,1.39940734E-04
58,14,431582.781,432902.719,429134.375,1.39940734E-04
58,15,431582.781,429134.375,428585.562,1.39940734E-04
58,16,431582.781,428585.562,433059.125,1.39940734E-04
58,17,431582.781,433059.125,438808.594,1.39940734E-04
58,18,431582.781,438808.594,441626.719,1.39940734E-04
58,19,431582.781,441626.719,437869.656,1.39940734E-04
58,20,431582.781,437869.656,431582.781,1.39940734E-04
