i,k,old_q,old_q_ch_in,old_q_ch_out,qlat_ch_old
1,1,101.884941,0.00000000,5.14313316,1.18404088E-04
1,2,101.884941,5.14313316,10.2838993,1.18404088E-04
1,3,101.884941,10.2838993,15.4383278,1.18404088E-04
1,4,101.884941,15.4383278,20.5535011,1.18404088E-04
1,5,101.884941,20.5535011,25.7122841,1.18404088E-04
1,6,101.884941,25.7122841,30.9352131,1.18404088E-04
1,7,101.884941,30.9352131,35.8555298,1.18404088E-04
1,8,101.884941,35.8555298,41.3054733,1.18404088E-04
1,9,101.884941,41.3054733,46.0511169,1.18404088E-04
1,10,101.884941,46.0511169,51.7015991,1.18404088E-04
1,11,101.884941,51.7015991,56.6055450,1.18404088E-04
1,12,101.884941,56.6055450,61.4986572,1.18404088E-04
1,13,101.884941,61.4986572,66.5508194,1.18404088E-04
1,14,101.884941,66.5508194,72.5491333,1.18404088E-04
1,15,101.884941,72.5491333,77.4052048,1.18404088E-04
1,16,101.884941,77.4052048,81.3801956,1.18404088E-04
1,17,101.884941,81.3801956,87.7283173,1.18404088E-04
1,18,101.884941,87.7283173,93.9212189,1.18404088E-04
1,19,101.884941,93.9212189,95.9983444,1.18404088E-04
1,20,101.884941,95.9983444,101.884941,1.18404088E-04
2,1,25.7309170,0.00000000,1.29630756,5.22970113E-05
2,2,25.7309170,1.29630756,2.62578058,5.22970113E-05
2,3,25.7309170,2.62578058,3.78651762,5.22970113E-05
2,4,25.7309170,3.78651762,5.28352928,5.22970113E-05
2,5,25.7309170,5.28352928,6.55640984,5.22970113E-05
2,6,25.7309170,6.55640984,7.71155930,5.22970113E-05
2,7,25.7309170,7.71155930,9.00203228,5.22970113E-05
2,8,25.7309170,9.00203228,10.3938751,5.22970113E-05
2,9,25.7309170,10.3938751,11.8108740,5.22970113E-05
2,10,25.7309170,11.8108740,12.9324665,5.22970113E-05
2,11,25.7309170,12.9324665,14.2755890,5.22970113E-05
2,12,25.7309170,14.2755890,15.4934959,5.22970113E-05
2,13,25.7309170,15.4934959,16.7717876,5.22970113E-05
2,14,25.7309170,16.7717876,18.1862164,5.22970113E-05
2,15,25.7309170,18.1862164,19.5890789,5.22970113E-05
2,16,25.7309170,19.5890789,20.9672642,5.22970113E-05
2,17,25.7309170,20.9672642,22.1683121,5.22970113E-05
2,18,25.7309170,22.1683121,23.2573605,5.22970113E-05
2,19,25.7309170,23.2573605,24.3658180,5.22970113E-05
2,20,25.7309170,24.3658180,25.7309170,5.22970113E-05
3,1,16.9030399,0.00000000,0.845050037,1.26328878E-05
3,2,16.9030399,0.845050037,1.69009995,1.26328878E-05
3,3,16.9030399,1.69009995,2.53515005,1.26328878E-05
3,4,16.9030399,2.53515005,3.38020015,1.26328878E-05
3,5,16.9030399,3.38020015,4.22525024,1.26328878E-05
3,6,16.9030399,4.22525024,5.07030010,1.26328878E-05
3,7,16.9030399,5.07030010,5.91535282,1.26328878E-05
3,8,16.9030399,5.91535282,6.76038551,1.26328878E-05
3,9,16.9030399,6.76038551,7.60552979,1.26328878E-05
3,10,16.9030399,7.60552979,8.45015812,1.26328878E-05
3,11,16.9030399,8.45015812,9.29669285,1.26328878E-05
3,12,16.9030399,9.29669285,10.1376982,1.26328878E-05
3,13,16.9030399,10.1376982,10.9908180,1.26328878E-05
3,14,16.9030399,10.9908180,11.8256521,1.26328878E-05
3,15,16.9030399,11.8256521,12.6738682,1.26328878E-05
3,16,16.9030399,12.6738682,13.5344400,1.26328878E-05
3,17,16.9030399,13.5344400,14.3511744,1.26328878E-05
3,18,16.9030399,14.3511744,15.2043562,1.26328878E-05
3,19,16.9030399,15.2043562,16.0792789,1.26328878E-05
3,20,16.9030399,16.0792789,16.9030399,1.26328878E-05
4,1,103.837410,0.00000000,5.21689463,8.50896031E-05
4,2,103.837410,5.21689463,10.4221706,8.50896031E-05
4,3,103.837410,10.4221706,15.5761719,8.50896031E-05
4,4,103.837410,15.5761719,21.1218681,8.50896031E-05
4,5,103.837410,21.1218681,25.6897392,8.50896031E-05
4,6,103.837410,25.6897392,31.4219608,8.50896031E-05
4,7,103.837410,31.4219608,36.6914062,8.50896031E-05
4,8,103.837410,36.6914062,41.4863815,8.50896031E-05
4,9,103.837410,41.4863815,46.7809982,8.50896031E-05
4,10,103.837410,46.7809982,52.3870239,8.50896031E-05
4,11,103.837410,52.3870239,57.7944183,8.50896031E-05
4,12,103.837410,57.7944183,62.0323181,8.50896031E-05
4,13,103.837410,62.0323181,67.8426208,8.50896031E-05
4,14,103.837410,67.8426208,72.6459885,8.50896031E-05
4,15,103.837410,72.6459885,77.4077454,8.50896031E-05
4,16,103.837410,77.4077454,85.0442810,8.50896031E-05
4,17,103.837410,85.0442810,88.7842026,8.50896031E-05
4,18,103.837410,88.7842026,93.7982788,8.50896031E-05
4,19,103.837410,93.7982788,98.7535324,8.50896031E-05
4,20,103.837410,98.7535324,103.837410,8.50896031E-05
5,1,11.8222980,0.00000000,0.593426108,1.01068263E-05
5,2,11.8222980,0.593426108,1.18684232,1.01068263E-05
5,3,11.8222980,1.18684232,1.78036225,1.01068263E-05
5,4,11.8222980,1.78036225,2.37325168,1.01068263E-05
5,5,11.8222980,2.37325168,2.96856260,1.01068263E-05
5,6,11.8222980,2.96856260,3.55802011,1.01068263E-05
5,7,11.8222980,3.55802011,4.15516424,1.01068263E-05
5,8,11.8222980,4.15516424,4.75187302,1.01068263E-05
5,9,11.8222980,4.75187302,5.33210278,1.01068263E-05
5,10,11.8222980,5.33210278,5.93838215,1.01068263E-05
5,11,11.8222980,5.93838215,6.52444696,1.01068263E-05
5,12,11.8222980,6.52444696,7.14806843,1.01068263E-05
5,13,11.8222980,7.14806843,7.65989113,1.01068263E-05
5,14,11.8222980,7.65989113,8.36064625,1.01068263E-05
5,15,11.8222980,8.36064625,8.84866619,1.01068263E-05
5,16,11.8222980,8.84866619,9.56999588,1.01068263E-05
5,17,11.8222980,9.56999588,10.0257788,1.01068263E-05
5,18,11.8222980,10.0257788,10.7106733,1.01068263E-05
5,19,11.8222980,10.7106733,11.2546978,1.01068263E-05
5,20,11.8222980,11.2546978,11.8222980,1.01068263E-05
6,1,17.2458839,0.00000000,0.862646341,5.70069569E-05
6,2,17.2458839,0.862646341,1.72394311,5.70069569E-05
6,3,17.2458839,1.72394311,2.57112193,5.70069569E-05
6,4,17.2458839,2.57112193,3.49997187,5.70069569E-05
6,5,17.2458839,3.49997187,4.24863625,5.70069569E-05
6,6,17.2458839,4.24863625,5.18101692,5.70069569E-05
6,7,17.2458839,5.18101692,6.07719326,5.70069569E-05
6,8,17.2458839,6.07719326,6.87256908,5.70069569E-05
6,9,17.2458839,6.87256908,7.71806812,5.70069569E-05
6,10,17.2458839,7.71806812,8.64281845,5.70069569E-05
6,11,17.2458839,8.64281845,9.55392456,5.70069569E-05
6,12,17.2458839,9.55392456,10.3565769,5.70069569E-05
6,13,17.2458839,10.3565769,11.1109638,5.70069569E-05
6,14,17.2458839,11.1109638,12.1097116,5.70069569E-05
6,15,17.2458839,12.1097116,12.7403059,5.70069569E-05
6,16,17.2458839,12.7403059,13.9406862,5.70069569E-05
6,17,17.2458839,13.9406862,14.7182074,5.70069569E-05
6,18,17.2458839,14.7182074,15.5922871,5.70069569E-05
6,19,17.2458839,15.5922871,16.3922863,5.70069569E-05
6,20,17.2458839,16.3922863,17.2458839,5.70069569E-05
7,1,2.08470678,0.00000000,0.105208747,7.99459121E-06
7,2,2.08470678,0.105208747,0.210208878,7.99459121E-06
7,3,2.08470678,0.210208878,0.315793902,7.99459121E-06
7,4,2.08470678,0.315793902,0.421586156,7.99459121E-06
7,5,2.08470678,0.421586156,0.522262931,7.99459121E-06
7,6,2.08470678,0.522262931,0.636824191,7.99459121E-06
7,7,2.08470678,0.636824191,0.731364012,7.99459121E-06
7,8,2.08470678,0.731364012,0.843480885,7.99459121E-06
7,9,2.08470678,0.843480885,0.950606644,7.99459121E-06
7,10,2.08470678,0.950606644,1.04618967,7.99459121E-06
7,11,2.08470678,1.04618967,1.15095234,7.99459121E-06
7,12,2.08470678,1.15095234,1.27604318,7.99459121E-06
7,13,2.08470678,1.27604318,1.35091650,7.99459121E-06
7,14,2.08470678,1.35091650,1.50916541,7.99459121E-06
7,15,2.08470678,1.50916541,1.55070460,7.99459121E-06
7,16,2.08470678,1.55070460,1.65020335,7.99459121E-06
7,17,2.08470678,1.65020335,1.83325195,7.99459121E-06
7,18,2.08470678,1.83325195,1.89806640,7.99459121E-06
7,19,2.08470678,1.89806640,1.98297381,7.99459121E-06
7,20,2.08470678,1.98297381,2.08470678,7.99459121E-06
8,1,3.28225565,0.00000000,0.164132684,2.18934638E-05
8,2,3.28225565,0.164132684,0.328020245,2.18934638E-05
8,3,3.28225565,0.328020245,0.489120662,2.18934638E-05
8,4,3.28225565,0.489120662,0.666042507,2.18934638E-05
8,5,3.28225565,0.666042507,0.808409929,2.18934638E-05
8,6,3.28225565,0.808409929,0.985522211,2.18934638E-05
8,7,3.28225565,0.985522211,1.15640593,2.18934638E-05
8,8,3.28225565,1.15640593,1.30786991,2.18934638E-05
8,9,3.28225565,1.30786991,1.46827817,2.18934638E-05
8,10,3.28225565,1.46827817,1.64408016,2.18934638E-05
8,11,3.28225565,1.64408016,1.81750071,2.18934638E-05
8,12,3.28225565,1.81750071,1.97231627,2.18934638E-05
8,13,3.28225565,1.97231627,2.11233473,2.18934638E-05
8,14,3.28225565,2.11233473,2.30552745,2.18934638E-05
8,15,3.28225565,2.30552745,2.42390680,2.18934638E-05
8,16,3.28225565,2.42390680,2.64987922,2.18934638E-05
8,17,3.28225565,2.64987922,2.80056596,2.18934638E-05
8,18,3.28225565,2.80056596,2.96770453,2.18934638E-05
8,19,3.28225565,2.96770453,3.12001491,2.18934638E-05
8,20,3.28225565,3.12001491,3.28225565,2.18934638E-05
9,1,2.97235370,0.00000000,0.146003634,2.27657401E-05
9,2,2.97235370,0.146003634,0.300582498,2.27657401E-05
9,3,2.97235370,0.300582498,0.425131768,2.27657401E-05
9,4,2.97235370,0.425131768,0.588070035,2.27657401E-05
9,5,2.97235370,0.588070035,0.750031352,2.27657401E-05
9,6,2.97235370,0.750031352,0.882752895,2.27657401E-05
9,7,2.97235370,0.882752895,1.01775014,2.27657401E-05
9,8,2.97235370,1.01775014,1.16490030,2.27657401E-05
9,9,2.97235370,1.16490030,1.30989444,2.27657401E-05
9,10,2.97235370,1.30989444,1.50281322,2.27657401E-05
9,11,2.97235370,1.50281322,1.59620094,2.27657401E-05
9,12,2.97235370,1.59620094,1.75580561,2.27657401E-05
9,13,2.97235370,1.75580561,1.92593753,2.27657401E-05
9,14,2.97235370,1.92593753,2.05265522,2.27657401E-05
9,15,2.97235370,2.05265522,2.17582273,2.27657401E-05
9,16,2.97235370,2.17582273,2.32658958,2.27657401E-05
9,17,2.97235370,2.32658958,2.49994636,2.27657401E-05
9,18,2.97235370,2.49994636,2.66609931,2.27657401E-05
9,19,2.97235370,2.66609931,2.82155252,2.27657401E-05
9,20,2.97235370,2.82155252,2.97235370,2.27657401E-05
10,1,0.971780121,0.00000000,4.76580560E-02,9.83442260E-06
10,2,0.971780121,4.76580560E-02,9.85683054E-02,9.83442260E-06
10,3,0.971780121,9.85683054E-02,0.138969451,9.83442260E-06
10,4,0.971780121,0.138969451,0.190826625,9.83442260E-06
10,5,0.971780121,0.190826625,0.246716291,9.83442260E-06
10,6,0.971780121,0.246716291,0.287911147,9.83442260E-06
10,7,0.971780121,0.287911147,0.333426356,9.83442260E-06
10,8,0.971780121,0.333426356,0.381249815,9.83442260E-06
10,9,0.971780121,0.381249815,0.428322017,9.83442260E-06
10,10,0.971780121,0.428322017,0.485305876,9.83442260E-06
10,11,0.971780121,0.485305876,0.529915571,9.83442260E-06
10,12,0.971780121,0.529915571,0.569611371,9.83442260E-06
10,13,0.971780121,0.569611371,0.628114700,9.83442260E-06
10,14,0.971780121,0.628114700,0.675029397,9.83442260E-06
10,15,0.971780121,0.675029397,0.714451849,9.83442260E-06
10,16,0.971780121,0.714451849,0.758692086,9.83442260E-06
10,17,0.971780121,0.758692086,0.811273932,9.83442260E-06
10,18,0.971780121,0.811273932,0.868351758,9.83442260E-06
10,19,0.971780121,0.868351758,0.918694615,9.83442260E-06
10,20,0.971780121,0.918694615,0.971780121,9.83442260E-06
11,1,11.4910908,0.00000000,0.580681801,9.89568525E-06
11,2,11.4910908,0.580681801,1.16016245,9.89568525E-06
11,3,11.4910908,1.16016245,1.74282479,9.89568525E-06
11,4,11.4910908,1.74282479,2.32759953,9.89568525E-06
11,5,11.4910908,2.32759953,2.88113356,9.89568525E-06
11,6,11.4910908,2.88113356,3.51555824,9.89568525E-06
11,7,11.4910908,3.51555824,4.03736305,9.89568525E-06
11,8,11.4910908,4.03736305,4.65249348,9.89568525E-06
11,9,11.4910908,4.65249348,5.24923086,9.89568525E-06
11,10,11.4910908,5.24923086,5.78036404,9.89568525E-06
11,11,11.4910908,5.78036404,6.33744621,9.89568525E-06
11,12,11.4910908,6.33744621,7.05838823,9.89568525E-06
11,13,11.4910908,7.05838823,7.43471622,9.89568525E-06
11,14,11.4910908,7.43471622,8.32984543,9.89568525E-06
11,15,11.4910908,8.32984543,8.62717724,9.89568525E-06
11,16,11.4910908,8.62717724,9.03860474,9.89568525E-06
11,17,11.4910908,9.03860474,10.0850191,9.89568525E-06
11,18,11.4910908,10.0850191,10.5393066,9.89568525E-06
11,19,11.4910908,10.5393066,10.9607277,9.89568525E-06
11,20,11.4910908,10.9607277,11.4910908,9.89568525E-06
12,1,4.32459021,0.00000000,0.215941727,5.21728225E-06
12,2,4.32459021,0.215941727,0.431292981,5.21728225E-06
12,3,4.32459021,0.431292981,0.646616697,5.21728225E-06
12,4,4.32459021,0.646616697,0.870375037,5.21728225E-06
12,5,4.32459021,0.870375037,1.06520081,5.21728225E-06
12,6,4.32459021,1.06520081,1.30636489,5.21728225E-06
12,7,4.32459021,1.30636489,1.51086760,5.21728225E-06
12,8,4.32459021,1.51086760,1.71683657,5.21728225E-06
12,9,4.32459021,1.71683657,1.94849336,5.21728225E-06
12,10,4.32459021,1.94849336,2.17156386,5.21728225E-06
12,11,4.32459021,2.17156386,2.36886549,5.21728225E-06
12,12,4.32459021,2.36886549,2.56478691,5.21728225E-06
12,13,4.32459021,2.56478691,2.82859492,5.21728225E-06
12,14,4.32459021,2.82859492,2.98139620,5.21728225E-06
12,15,4.32459021,2.98139620,3.28729439,5.21728225E-06
12,16,4.32459021,3.28729439,3.49406075,5.21728225E-06
12,17,4.32459021,3.49406075,3.61164021,5.21728225E-06
12,18,4.32459021,3.61164021,3.87629247,5.21728225E-06
12,19,4.32459021,3.87629247,4.08338928,5.21728225E-06
12,20,4.32459021,4.08338928,4.32459021,5.21728225E-06
13,1,38.2960472,0.00000000,1.91775060,2.34037088E-05
13,2,38.2960472,1.91775060,3.83114386,2.34037088E-05
13,3,38.2960472,3.83114386,5.75430298,2.34037088E-05
13,4,38.2960472,5.75430298,7.69376373,2.34037088E-05
13,5,38.2960472,7.69376373,9.50338364,2.34037088E-05
13,6,38.2960472,9.50338364,11.6148319,2.34037088E-05
13,7,38.2960472,11.6148319,13.3427544,2.34037088E-05
13,8,38.2960472,13.3427544,15.3389044,2.34037088E-05
13,9,38.2960472,15.3389044,17.3502350,2.34037088E-05
13,10,38.2960472,17.3502350,19.1456318,2.34037088E-05
13,11,38.2960472,19.1456318,20.8372097,2.34037088E-05
13,12,38.2960472,20.8372097,23.3674240,2.34037088E-05
13,13,38.2960472,23.3674240,24.4730949,2.34037088E-05
13,14,38.2960472,24.4730949,27.4234810,2.34037088E-05
13,15,38.2960472,27.4234810,28.9328480,2.34037088E-05
13,16,38.2960472,28.9328480,29.6753006,2.34037088E-05
13,17,38.2960472,29.6753006,32.8417397,2.34037088E-05
13,18,38.2960472,32.8417397,35.1097603,2.34037088E-05
13,19,38.2960472,35.1097603,36.2859688,2.34037088E-05
13,20,38.2960472,36.2859688,38.2960472,2.34037088E-05
14,1,83.1480103,0.00000000,0.810008645,5.97230137E-05
14,2,83.1480103,0.810008645,1.61410010,5.97230137E-05
14,3,83.1480103,1.61410010,2.40559363,5.97230137E-05
14,4,83.1480103,2.40559363,3.17952085,5.97230137E-05
14,5,83.1480103,3.17952085,3.93910193,5.97230137E-05
14,6,83.1480103,3.93910193,4.70311594,5.97230137E-05
14,7,83.1480103,4.70311594,5.51253510,5.97230137E-05
14,8,83.1480103,5.51253510,6.43532228,5.97230137E-05
14,9,83.1480103,6.43532228,7.56902027,5.97230137E-05
14,10,83.1480103,7.56902027,9.04118156,5.97230137E-05
14,11,83.1480103,9.04118156,11.0079184,5.97230137E-05
14,12,83.1480103,11.0079184,13.6506805,5.97230137E-05
14,13,83.1480103,13.6506805,17.1711407,5.97230137E-05
14,14,83.1480103,17.1711407,21.7838478,5.97230137E-05
14,15,83.1480103,21.7838478,27.7064190,5.97230137E-05
14,16,83.1480103,27.7064190,35.1472778,5.97230137E-05
14,17,83.1480103,35.1472778,44.2915382,5.97230137E-05
14,18,83.1480103,44.2915382,55.2863998,5.97230137E-05
14,19,83.1480103,55.2863998,68.2274780,5.97230137E-05
14,20,83.1480103,68.2274780,83.1480103,5.97230137E-05
15,1,21.6430550,19.8753929,19.8651733,5.11340886E-06
15,2,21.6430550,19.8651733,19.9222965,5.11340886E-06
15,3,21.6430550,19.9222965,20.1178837,5.11340886E-06
15,4,21.6430550,20.1178837,20.1499767,5.11340886E-06
15,5,21.6430550,20.1499767,20.1508255,5.11340886E-06
15,6,21.6430550,20.1508255,20.2138367,5.11340886E-06
15,7,21.6430550,20.2138367,20.4558182,5.11340886E-06
15,8,21.6430550,20.4558182,20.4129791,5.11340886E-06
15,9,21.6430550,20.4129791,20.5299320,5.11340886E-06
15,10,21.6430550,20.5299320,20.7887573,5.11340886E-06
15,11,21.6430550,20.7887573,20.5976353,5.11340886E-06
15,12,21.6430550,20.5976353,20.8331604,5.11340886E-06
15,13,21.6430550,20.8331604,20.8996010,5.11340886E-06
15,14,21.6430550,20.8996010,20.5617886,5.11340886E-06
15,15,21.6430550,20.5617886,21.1473541,5.11340886E-06
15,16,21.6430550,21.1473541,21.7425270,5.11340886E-06
15,17,21.6430550,21.7425270,21.2017822,5.11340886E-06
15,18,21.6430550,21.2017822,21.0212097,5.11340886E-06
15,19,21.6430550,21.0212097,21.1412582,5.11340886E-06
15,20,21.6430550,21.1412582,21.6430550,5.11340886E-06
16,1,6.29154968,3.28225565,3.38296533,1.68005918E-05
16,2,6.29154968,3.38296533,3.53743625,1.68005918E-05
16,3,6.29154968,3.53743625,3.73879075,1.68005918E-05
16,4,6.29154968,3.73879075,3.90579414,1.68005918E-05
16,5,6.29154968,3.90579414,3.90595961,1.68005918E-05
16,6,6.29154968,3.90595961,3.98023701,1.68005918E-05
16,7,6.29154968,3.98023701,4.41983223,1.68005918E-05
16,8,6.29154968,4.41983223,4.38764954,1.68005918E-05
16,9,6.29154968,4.38764954,4.62127686,1.68005918E-05
16,10,6.29154968,4.62127686,4.58167315,1.68005918E-05
16,11,6.29154968,4.58167315,4.63079453,1.68005918E-05
16,12,6.29154968,4.63079453,4.98068047,1.68005918E-05
16,13,6.29154968,4.98068047,5.20579958,1.68005918E-05
16,14,6.29154968,5.20579958,5.46159172,1.68005918E-05
16,15,6.29154968,5.46159172,5.16736507,1.68005918E-05
16,16,6.29154968,5.16736507,5.30645180,1.68005918E-05
16,17,6.29154968,5.30645180,5.65948582,1.68005918E-05
16,18,6.29154968,5.65948582,5.77701139,1.68005918E-05
16,19,6.29154968,5.77701139,6.21339655,1.68005918E-05
16,20,6.29154968,6.21339655,6.29154968,1.68005918E-05
17,1,35.2961464,4.32459021,5.91600132,2.76364553E-05
17,2,35.2961464,5.91600132,7.54767036,2.76364553E-05
17,3,35.2961464,7.54767036,8.96625805,2.76364553E-05
17,4,35.2961464,8.96625805,10.5724154,2.76364553E-05
17,5,35.2961464,10.5724154,12.0609426,2.76364553E-05
17,6,35.2961464,12.0609426,13.8011465,2.76364553E-05
17,7,35.2961464,13.8011465,15.4579792,2.76364553E-05
17,8,35.2961464,15.4579792,16.8073120,2.76364553E-05
17,9,35.2961464,16.8073120,18.7238560,2.76364553E-05
17,10,35.2961464,18.7238560,20.3146820,2.76364553E-05
17,11,35.2961464,20.3146820,20.7538128,2.76364553E-05
17,12,35.2961464,20.7538128,22.6885624,2.76364553E-05
17,13,35.2961464,22.6885624,25.9223328,2.76364553E-05
17,14,35.2961464,25.9223328,26.9261055,2.76364553E-05
17,15,35.2961464,26.9261055,26.5232410,2.76364553E-05
17,16,35.2961464,26.5232410,29.1613121,2.76364553E-05
17,17,35.2961464,29.1613121,31.6707249,2.76364553E-05
17,18,35.2961464,31.6707249,33.4821053,2.76364553E-05
17,19,35.2961464,33.4821053,34.0843124,2.76364553E-05
17,20,35.2961464,34.0843124,35.2961464,2.76364553E-05
18,1,14.0814152,11.4910908,11.4688587,1.29438795E-05
18,2,14.0814152,11.4688587,12.0527906,1.29438795E-05
18,3,14.0814152,12.0527906,11.7939453,1.29438795E-05
18,4,14.0814152,11.7939453,11.8254309,1.29438795E-05
18,5,14.0814152,11.8254309,12.2205324,1.29438795E-05
18,6,14.0814152,12.2205324,12.5481510,1.29438795E-05
18,7,14.0814152,12.5481510,12.6091022,1.29438795E-05
18,8,14.0814152,12.6091022,12.5243092,1.29438795E-05
18,9,14.0814152,12.5243092,12.4961596,1.29438795E-05
18,10,14.0814152,12.4961596,12.6300249,1.29438795E-05
18,11,14.0814152,12.6300249,12.9075909,1.29438795E-05
18,12,14.0814152,12.9075909,13.2516575,1.29438795E-05
18,13,14.0814152,13.2516575,13.5840073,1.29438795E-05
18,14,14.0814152,13.5840073,13.8526716,1.29438795E-05
18,15,14.0814152,13.8526716,14.0278673,1.29438795E-05
18,16,14.0814152,14.0278673,14.1190662,1.29438795E-05
18,17,14.0814152,14.1190662,14.1146564,1.29438795E-05
18,18,14.0814152,14.1146564,14.0537977,1.29438795E-05
18,19,14.0814152,14.0537977,14.0591755,1.29438795E-05
18,20,14.0814152,14.0591755,14.0814152,1.29438795E-05
19,1,8.38923264,6.29154968,5.78026772,3.96426185E-06
19,2,8.38923264,5.78026772,6.53910875,3.96426185E-06
19,3,8.38923264,6.53910875,6.58034420,3.96426185E-06
19,4,8.38923264,6.58034420,6.25831461,3.96426185E-06
19,5,8.38923264,6.25831461,6.83815479,3.96426185E-06
19,6,8.38923264,6.83815479,6.92525578,3.96426185E-06
19,7,8.38923264,6.92525578,6.79089880,3.96426185E-06
19,8,8.38923264,6.79089880,6.92076111,3.96426185E-06
19,9,8.38923264,6.92076111,7.73871660,3.96426185E-06
19,10,8.38923264,7.73871660,6.73023415,3.96426185E-06
19,11,8.38923264,6.73023415,7.76651478,3.96426185E-06
19,12,8.38923264,7.76651478,7.56736088,3.96426185E-06
19,13,8.38923264,7.56736088,7.48921824,3.96426185E-06
19,14,8.38923264,7.48921824,7.98877525,3.96426185E-06
19,15,8.38923264,7.98877525,7.97691154,3.96426185E-06
19,16,8.38923264,7.97691154,8.17798519,3.96426185E-06
19,17,8.38923264,8.17798519,8.02452183,3.96426185E-06
19,18,8.38923264,8.02452183,8.22333145,3.96426185E-06
19,19,8.38923264,8.22333145,8.76856136,3.96426185E-06
19,20,8.38923264,8.76856136,8.38923264,3.96426185E-06
20,1,22.8742180,22.6148357,22.5022507,1.25296992E-06
20,2,22.8742180,22.5022507,22.1360149,1.25296992E-06
20,3,22.8742180,22.1360149,22.3391819,1.25296992E-06
20,4,22.8742180,22.3391819,22.6389866,1.25296992E-06
20,5,22.8742180,22.6389866,22.5505695,1.25296992E-06
20,6,22.8742180,22.5505695,22.1709614,1.25296992E-06
20,7,22.8742180,22.1709614,22.0280762,1.25296992E-06
20,8,22.8742180,22.0280762,22.0440063,1.25296992E-06
20,9,22.8742180,22.0440063,22.4522419,1.25296992E-06
20,10,22.8742180,22.4522419,22.5715752,1.25296992E-06
20,11,22.8742180,22.5715752,22.5253582,1.25296992E-06
20,12,22.8742180,22.5253582,22.3113556,1.25296992E-06
20,13,22.8742180,22.3113556,21.7990303,1.25296992E-06
20,14,22.8742180,21.7990303,21.3312931,1.25296992E-06
20,15,22.8742180,21.3312931,21.4817829,1.25296992E-06
20,16,22.8742180,21.4817829,21.6312122,1.25296992E-06
20,17,22.8742180,21.6312122,21.9956951,1.25296992E-06
20,18,22.8742180,21.9956951,22.0383968,1.25296992E-06
20,19,22.8742180,22.0383968,22.6378899,1.25296992E-06
20,20,22.8742180,22.6378899,22.8742180,1.25296992E-06
21,1,37.9831581,35.2961464,34.7972183,3.57421668E-05
21,2,37.9831581,34.7972183,34.7365837,3.57421668E-05
21,3,37.9831581,34.7365837,35.1298218,3.57421668E-05
21,4,37.9831581,35.1298218,35.4440956,3.57421668E-05
21,5,37.9831581,35.4440956,35.8389206,3.57421668E-05
21,6,37.9831581,35.8389206,36.5484161,3.57421668E-05
21,7,37.9831581,36.5484161,36.7112160,3.57421668E-05
21,8,37.9831581,36.7112160,36.6044540,3.57421668E-05
21,9,37.9831581,36.6044540,37.8638687,3.57421668E-05
21,10,37.9831581,37.8638687,37.7084045,3.57421668E-05
21,11,37.9831581,37.7084045,37.4469986,3.57421668E-05
21,12,37.9831581,37.4469986,37.8017273,3.57421668E-05
21,13,37.9831581,37.8017273,38.3521805,3.57421668E-05
21,14,37.9831581,38.3521805,38.5699501,3.57421668E-05
21,15,37.9831581,38.5699501,38.3316727,3.57421668E-05
21,16,37.9831581,38.3316727,37.8568954,3.57421668E-05
21,17,37.9831581,37.8568954,37.4594460,3.57421668E-05
21,18,37.9831581,37.4594460,37.3473549,3.57421668E-05
21,19,37.9831581,37.3473549,37.5544472,3.57421668E-05
21,20,37.9831581,37.5544472,37.9831581,3.57421668E-05
22,1,24.5887260,14.0814152,14.5558128,2.25238346E-05
22,2,24.5887260,14.5558128,15.3441238,2.25238346E-05
22,3,24.5887260,15.3441238,15.6918974,2.25238346E-05
22,4,24.5887260,15.6918974,15.6608152,2.25238346E-05
22,5,24.5887260,15.6608152,16.1229610,2.25238346E-05
22,6,24.5887260,16.1229610,16.9182892,2.25238346E-05
22,7,24.5887260,16.9182892,17.7625675,2.25238346E-05
22,8,24.5887260,17.7625675,18.7423229,2.25238346E-05
22,9,24.5887260,18.7423229,19.1889858,2.25238346E-05
22,10,24.5887260,19.1889858,19.3237190,2.25238346E-05
22,11,24.5887260,19.3237190,19.6386986,2.25238346E-05
22,12,24.5887260,19.6386986,20.8981571,2.25238346E-05
22,13,24.5887260,20.8981571,22.0535831,2.25238346E-05
22,14,24.5887260,22.0535831,22.4999332,2.25238346E-05
22,15,24.5887260,22.4999332,22.5575294,2.25238346E-05
22,16,24.5887260,22.5575294,22.3033047,2.25238346E-05
22,17,24.5887260,22.3033047,22.0436325,2.25238346E-05
22,18,24.5887260,22.0436325,22.4055882,2.25238346E-05
22,19,24.5887260,22.4055882,23.4504147,2.25238346E-05
22,20,24.5887260,23.4504147,24.5887260,2.25238346E-05
23,1,13.9370165,8.38923264,8.78702354,3.79606427E-05
23,2,13.9370165,8.78702354,9.17687893,3.79606427E-05
23,3,13.9370165,9.17687893,9.41835213,3.79606427E-05
23,4,13.9370165,9.41835213,9.43991184,3.79606427E-05
23,5,13.9370165,9.43991184,9.15861702,3.79606427E-05
23,6,13.9370165,9.15861702,9.34448910,3.79606427E-05
23,7,13.9370165,9.34448910,9.52757263,3.79606427E-05
23,8,13.9370165,9.52757263,10.1310549,3.79606427E-05
23,9,13.9370165,10.1310549,10.5520115,3.79606427E-05
23,10,13.9370165,10.5520115,10.2504015,3.79606427E-05
23,11,13.9370165,10.2504015,10.5327168,3.79606427E-05
23,12,13.9370165,10.5327168,11.4721756,3.79606427E-05
23,13,13.9370165,11.4721756,12.0426855,3.79606427E-05
23,14,13.9370165,12.0426855,12.3248281,3.79606427E-05
23,15,13.9370165,12.3248281,12.4112673,3.79606427E-05
23,16,13.9370165,12.4112673,12.5104599,3.79606427E-05
23,17,13.9370165,12.5104599,13.2391663,3.79606427E-05
23,18,13.9370165,13.2391663,13.7994995,3.79606427E-05
23,19,13.9370165,13.7994995,13.7999249,3.79606427E-05
23,20,13.9370165,13.7999249,13.9370165,3.79606427E-05
24,1,41.9063721,37.9831581,39.1392136,8.78317314E-06
24,2,41.9063721,39.1392136,39.7742157,8.78317314E-06
24,3,41.9063721,39.7742157,40.8838081,8.78317314E-06
24,4,41.9063721,40.8838081,41.9303207,8.78317314E-06
24,5,41.9063721,41.9303207,40.9424629,8.78317314E-06
24,6,41.9063721,40.9424629,39.5856247,8.78317314E-06
24,7,41.9063721,39.5856247,39.9148560,8.78317314E-06
24,8,41.9063721,39.9148560,41.6074905,8.78317314E-06
24,9,41.9063721,41.6074905,41.8127594,8.78317314E-06
24,10,41.9063721,41.8127594,40.4793663,8.78317314E-06
24,11,41.9063721,40.4793663,39.5022774,8.78317314E-06
24,12,41.9063721,39.5022774,39.2101135,8.78317314E-06
24,13,41.9063721,39.2101135,39.7166557,8.78317314E-06
24,14,41.9063721,39.7166557,40.2293243,8.78317314E-06
24,15,41.9063721,40.2293243,40.5264397,8.78317314E-06
24,16,41.9063721,40.5264397,40.7857971,8.78317314E-06
24,17,41.9063721,40.7857971,41.1423569,8.78317314E-06
24,18,41.9063721,41.1423569,41.5539246,8.78317314E-06
24,19,41.9063721,41.5539246,41.8864861,8.78317314E-06
24,20,41.9063721,41.8864861,41.9063721,8.78317314E-06
25,1,67.5529099,62.8847733,62.4303513,1.86299840E-05
25,2,67.5529099,62.4303513,63.1413460,1.86299840E-05
25,3,67.5529099,63.1413460,63.0778999,1.86299840E-05
25,4,67.5529099,63.0778999,63.7503014,1.86299840E-05
25,5,67.5529099,63.7503014,63.1627541,1.86299840E-05
25,6,67.5529099,63.1627541,63.1422195,1.86299840E-05
25,7,67.5529099,63.1422195,64.3784561,1.86299840E-05
25,8,67.5529099,64.3784561,65.5093231,1.86299840E-05
25,9,67.5529099,65.5093231,65.8779755,1.86299840E-05
25,10,67.5529099,65.8779755,64.8794861,1.86299840E-05
25,11,67.5529099,64.8794861,63.0965729,1.86299840E-05
25,12,67.5529099,63.0965729,62.9492569,1.86299840E-05
25,13,67.5529099,62.9492569,63.9839096,1.86299840E-05
25,14,67.5529099,63.9839096,65.2580948,1.86299840E-05
25,15,67.5529099,65.2580948,65.9921722,1.86299840E-05
25,16,67.5529099,65.9921722,66.1129379,1.86299840E-05
25,17,67.5529099,66.1129379,66.5112762,1.86299840E-05
25,18,67.5529099,66.5112762,66.9875641,1.86299840E-05
25,19,67.5529099,66.9875641,66.1778412,1.86299840E-05
25,20,67.5529099,66.1778412,67.5529099,1.86299840E-05
26,1,21.1115589,13.9370165,12.7318134,6.50152697E-06
26,2,21.1115589,12.7318134,13.8986912,6.50152697E-06
26,3,21.1115589,13.8986912,14.4370098,6.50152697E-06
26,4,21.1115589,14.4370098,15.0651875,6.50152697E-06
26,5,21.1115589,15.0651875,14.9145470,6.50152697E-06
26,6,21.1115589,14.9145470,14.9620581,6.50152697E-06
26,7,21.1115589,14.9620581,16.8625774,6.50152697E-06
26,8,21.1115589,16.8625774,16.9946766,6.50152697E-06
26,9,21.1115589,16.9946766,16.0606041,6.50152697E-06
26,10,21.1115589,16.0606041,16.8249207,6.50152697E-06
26,11,21.1115589,16.8249207,19.1528416,6.50152697E-06
26,12,21.1115589,19.1528416,17.7221699,6.50152697E-06
26,13,21.1115589,17.7221699,17.9054680,6.50152697E-06
26,14,21.1115589,17.9054680,18.2127094,6.50152697E-06
26,15,21.1115589,18.2127094,19.5703430,6.50152697E-06
26,16,21.1115589,19.5703430,20.0780983,6.50152697E-06
26,17,21.1115589,20.0780983,20.0032291,6.50152697E-06
26,18,21.1115589,20.0032291,20.9485035,6.50152697E-06
26,19,21.1115589,20.9485035,20.6345444,6.50152697E-06
26,20,21.1115589,20.6345444,21.1115589,6.50152697E-06
27,1,57.4027710,41.9063721,43.3688202,5.05284406E-05
27,2,57.4027710,43.3688202,44.8193474,5.05284406E-05
27,3,57.4027710,44.8193474,47.1521492,5.05284406E-05
27,4,57.4027710,47.1521492,48.6574554,5.05284406E-05
27,5,57.4027710,48.6574554,48.8232155,5.05284406E-05
27,6,57.4027710,48.8232155,47.9372177,5.05284406E-05
27,7,57.4027710,47.9372177,46.7168312,5.05284406E-05
27,8,57.4027710,46.7168312,46.4628830,5.05284406E-05
27,9,57.4027710,46.4628830,47.2699852,5.05284406E-05
27,10,57.4027710,47.2699852,49.8254776,5.05284406E-05
27,11,57.4027710,49.8254776,52.3298798,5.05284406E-05
27,12,57.4027710,52.3298798,53.2972336,5.05284406E-05
27,13,57.4027710,53.2972336,55.1483421,5.05284406E-05
27,14,57.4027710,55.1483421,56.1559181,5.05284406E-05
27,15,57.4027710,56.1559181,61.1474075,5.05284406E-05
27,16,57.4027710,61.1474075,59.6552429,5.05284406E-05
27,17,57.4027710,59.6552429,60.8078651,5.05284406E-05
27,18,57.4027710,60.8078651,60.5311623,5.05284406E-05
27,19,57.4027710,60.5311623,56.8832664,5.05284406E-05
27,20,57.4027710,56.8832664,57.4027710,5.05284406E-05
28,1,116.887436,67.5529099,70.4352722,3.69185582E-05
28,2,116.887436,70.4352722,70.3055267,3.69185582E-05
28,3,116.887436,70.3055267,72.5274658,3.69185582E-05
28,4,116.887436,72.5274658,75.7452698,3.69185582E-05
28,5,116.887436,75.7452698,79.3089905,3.69185582E-05
28,6,116.887436,79.3089905,87.3595886,3.69185582E-05
28,7,116.887436,87.3595886,82.1419296,3.69185582E-05
28,8,116.887436,82.1419296,88.1390228,3.69185582E-05
28,9,116.887436,88.1390228,88.7482529,3.69185582E-05
28,10,116.887436,88.7482529,90.6053314,3.69185582E-05
28,11,116.887436,90.6053314,99.3165512,3.69185582E-05
28,12,116.887436,99.3165512,100.546883,3.69185582E-05
28,13,116.887436,100.546883,100.277885,3.69185582E-05
28,14,116.887436,100.277885,103.777000,3.69185582E-05
28,15,116.887436,103.777000,100.520531,3.69185582E-05
28,16,116.887436,100.520531,108.399651,3.69185582E-05
28,17,116.887436,108.399651,117.129471,3.69185582E-05
28,18,116.887436,117.129471,119.376350,3.69185582E-05
28,19,116.887436,119.376350,113.066238,3.69185582E-05
28,20,116.887436,113.066238,116.887436,3.69185582E-05
29,1,22.6152935,23.1962662,23.1955853,7.56045665E-06
29,2,22.6152935,23.1955853,23.1304951,7.56045665E-06
29,3,22.6152935,23.1304951,22.9926014,7.56045665E-06
29,4,22.6152935,22.9926014,23.5723877,7.56045665E-06
29,5,22.6152935,23.5723877,24.3887253,7.56045665E-06
29,6,22.6152935,24.3887253,25.0394382,7.56045665E-06
29,7,22.6152935,25.0394382,24.3926506,7.56045665E-06
29,8,22.6152935,24.3926506,24.4019299,7.56045665E-06
29,9,22.6152935,24.4019299,24.9877567,7.56045665E-06
29,10,22.6152935,24.9877567,25.2632885,7.56045665E-06
29,11,22.6152935,25.2632885,26.5440235,7.56045665E-06
29,12,22.6152935,26.5440235,26.1217365,7.56045665E-06
29,13,22.6152935,26.1217365,27.6468048,7.56045665E-06
29,14,22.6152935,27.6468048,28.8005981,7.56045665E-06
29,15,22.6152935,28.8005981,27.8233986,7.56045665E-06
29,16,22.6152935,27.8233986,27.1765919,7.56045665E-06
29,17,22.6152935,27.1765919,26.8307800,7.56045665E-06
29,18,22.6152935,26.8307800,25.8851032,7.56045665E-06
29,19,22.6152935,25.8851032,24.0225906,7.56045665E-06
29,20,22.6152935,24.0225906,22.6152935,7.56045665E-06
30,1,76.3886261,57.4027710,64.1835251,1.58124203E-05
30,2,76.3886261,64.1835251,61.1687164,1.58124203E-05
30,3,76.3886261,61.1687164,60.4020462,1.58124203E-05
30,4,76.3886261,60.4020462,63.4900093,1.58124203E-05
30,5,76.3886261,63.4900093,64.8764343,1.58124203E-05
30,6,76.3886261,64.8764343,70.4917374,1.58124203E-05
30,7,76.3886261,70.4917374,67.4805069,1.58124203E-05
30,8,76.3886261,67.4805069,60.6402283,1.58124203E-05
30,9,76.3886261,60.6402283,64.0436172,1.58124203E-05
30,10,76.3886261,64.0436172,63.6347694,1.58124203E-05
30,11,76.3886261,63.6347694,62.9876251,1.58124203E-05
30,12,76.3886261,62.9876251,67.3737106,1.58124203E-05
30,13,76.3886261,67.3737106,75.5404053,1.58124203E-05
30,14,76.3886261,75.5404053,74.1192474,1.58124203E-05
30,15,76.3886261,74.1192474,71.3696136,1.58124203E-05
30,16,76.3886261,71.3696136,63.8236427,1.58124203E-05
30,17,76.3886261,63.8236427,63.8616295,1.58124203E-05
30,18,76.3886261,63.8616295,70.0688019,1.58124203E-05
30,19,76.3886261,70.0688019,72.5654831,1.58124203E-05
30,20,76.3886261,72.5654831,76.3886261,1.58124203E-05
31,1,137.783966,126.452705,126.450134,5.68238875E-06
31,2,137.783966,126.450134,125.945213,5.68238875E-06
31,3,137.783966,125.945213,126.940323,5.68238875E-06
31,4,137.783966,126.940323,125.055885,5.68238875E-06
31,5,137.783966,125.055885,134.494873,5.68238875E-06
31,6,137.783966,134.494873,132.946625,5.68238875E-06
31,7,137.783966,132.946625,131.838486,5.68238875E-06
31,8,137.783966,131.838486,132.358109,5.68238875E-06
31,9,137.783966,132.358109,133.742004,5.68238875E-06
31,10,137.783966,133.742004,127.952675,5.68238875E-06
31,11,137.783966,127.952675,125.357513,5.68238875E-06
31,12,137.783966,125.357513,132.986023,5.68238875E-06
31,13,137.783966,132.986023,135.251892,5.68238875E-06
31,14,137.783966,135.251892,129.626556,5.68238875E-06
31,15,137.783966,129.626556,125.342445,5.68238875E-06
31,16,137.783966,125.342445,130.387131,5.68238875E-06
31,17,137.783966,130.387131,133.031769,5.68238875E-06
31,18,137.783966,133.031769,139.672806,5.68238875E-06
31,19,137.783966,139.672806,139.246231,5.68238875E-06
31,20,137.783966,139.246231,137.783966,5.68238875E-06
32,1,1856.95630,159.536636,188.923096,7.00577129E-06
32,2,1856.95630,188.923096,230.788300,7.00577129E-06
32,3,1856.95630,230.788300,281.866302,7.00577129E-06
32,4,1856.95630,281.866302,358.711670,7.00577129E-06
32,5,1856.95630,358.711670,483.238007,7.00577129E-06
32,6,1856.95630,483.238007,675.873047,7.00577129E-06
32,7,1856.95630,675.873047,947.693665,7.00577129E-06
32,8,1856.95630,947.693665,1294.31628,7.00577129E-06
32,9,1856.95630,1294.31628,1690.13831,7.00577129E-06
32,10,1856.95630,1690.13831,2086.90430,7.00577129E-06
32,11,1856.95630,2086.90430,2422.95215,7.00577129E-06
32,12,1856.95630,2422.95215,2643.45410,7.00577129E-06
32,13,1856.95630,2643.45410,2721.88403,7.00577129E-06
32,14,1856.95630,2721.88403,2669.55005,7.00577129E-06
32,15,1856.95630,2669.55005,2527.60352,7.00577129E-06
32,16,1856.95630,2527.60352,2347.59033,7.00577129E-06
32,17,1856.95630,2347.59033,2172.54785,7.00577129E-06
32,18,1856.95630,2172.54785,2027.68152,7.00577129E-06
32,19,1856.95630,2027.68152,1922.09888,7.00577129E-06
32,20,1856.95630,1922.09888,1856.95630,7.00577129E-06
33,1,159.753067,149.606262,146.615280,5.26340082E-05
33,2,159.753067,146.615280,145.780090,5.26340082E-05
33,3,159.753067,145.780090,141.227127,5.26340082E-05
33,4,159.753067,141.227127,138.077164,5.26340082E-05
33,5,159.753067,138.077164,141.308411,5.26340082E-05
33,6,159.753067,141.308411,145.081314,5.26340082E-05
33,7,159.753067,145.081314,143.980118,5.26340082E-05
33,8,159.753067,143.980118,146.926910,5.26340082E-05
33,9,159.753067,146.926910,147.876678,5.26340082E-05
33,10,159.753067,147.876678,153.017090,5.26340082E-05
33,11,159.753067,153.017090,148.833099,5.26340082E-05
33,12,159.753067,148.833099,150.063477,5.26340082E-05
33,13,159.753067,150.063477,144.096863,5.26340082E-05
33,14,159.753067,144.096863,147.141815,5.26340082E-05
33,15,159.753067,147.141815,147.390045,5.26340082E-05
33,16,159.753067,147.390045,147.460388,5.26340082E-05
33,17,159.753067,147.460388,155.102234,5.26340082E-05
33,18,159.753067,155.102234,157.764053,5.26340082E-05
33,19,159.753067,157.764053,155.687424,5.26340082E-05
33,20,159.753067,155.687424,159.753067,5.26340082E-05
34,1,2097.35962,1856.95630,1848.41919,4.81997949E-06
34,2,2097.35962,1848.41919,1841.60974,4.81997949E-06
34,3,2097.35962,1841.60974,1836.57007,4.81997949E-06
34,4,2097.35962,1836.57007,1833.35425,4.81997949E-06
34,5,2097.35962,1833.35425,1832.02881,4.81997949E-06
34,6,2097.35962,1832.02881,1832.67041,4.81997949E-06
34,7,2097.35962,1832.67041,1835.36426,4.81997949E-06
34,8,2097.35962,1835.36426,1840.20239,4.81997949E-06
34,9,2097.35962,1840.20239,1847.28125,4.81997949E-06
34,10,2097.35962,1847.28125,1856.69922,4.81997949E-06
34,11,2097.35962,1856.69922,1868.55432,4.81997949E-06
34,12,2097.35962,1868.55432,1882.94116,4.81997949E-06
34,13,2097.35962,1882.94116,1899.94849,4.81997949E-06
34,14,2097.35962,1899.94849,1919.65601,4.81997949E-06
34,15,2097.35962,1919.65601,1942.13232,4.81997949E-06
34,16,2097.35962,1942.13232,1967.43213,4.81997949E-06
34,17,2097.35962,1967.43213,1995.59412,4.81997949E-06
34,18,2097.35962,1995.59412,2026.63928,4.81997949E-06
34,19,2097.35962,2026.63928,2060.56812,4.81997949E-06
34,20,2097.35962,2060.56812,2097.35962,4.81997949E-06
35,1,2108.46240,2097.35962,2097.85986,1.36873787E-04
35,2,2108.46240,2097.85986,2098.34692,1.36873787E-04
35,3,2108.46240,2098.34692,2098.88843,1.36873787E-04
35,4,2108.46240,2098.88843,2099.48169,1.36873787E-04
35,5,2108.46240,2099.48169,2100.08569,1.36873787E-04
35,6,2108.46240,2100.08569,2100.66675,1.36873787E-04
35,7,2108.46240,2100.66675,2101.28613,1.36873787E-04
35,8,2108.46240,2101.28613,2101.88989,1.36873787E-04
35,9,2108.46240,2101.88989,2102.34351,1.36873787E-04
35,10,2108.46240,2102.34351,2102.64893,1.36873787E-04
35,11,2108.46240,2102.64893,2102.93750,1.36873787E-04
35,12,2108.46240,2102.93750,2103.29346,1.36873787E-04
35,13,2108.46240,2103.29346,2103.69531,1.36873787E-04
35,14,2108.46240,2103.69531,2104.18384,1.36873787E-04
35,15,2108.46240,2104.18384,2104.84863,1.36873787E-04
35,16,2108.46240,2104.84863,2105.63354,1.36873787E-04
35,17,2108.46240,2105.63354,2106.46948,1.36873787E-04
35,18,2108.46240,2106.46948,2107.29956,1.36873787E-04
35,19,2108.46240,2107.29956,2108.01196,1.36873787E-04
35,20,2108.46240,2108.01196,2108.46240,1.36873787E-04
36,1,5801.53027,2225.34985,2329.78760,9.13555632E-05
36,2,5801.53027,2329.78760,2443.19556,9.13555632E-05
36,3,5801.53027,2443.19556,2564.53247,9.13555632E-05
36,4,5801.53027,2564.53247,2693.13062,9.13555632E-05
36,5,5801.53027,2693.13062,2828.79468,9.13555632E-05
36,6,5801.53027,2828.79468,2971.77588,9.13555632E-05
36,7,5801.53027,2971.77588,3122.67261,9.13555632E-05
36,8,5801.53027,3122.67261,3282.29419,9.13555632E-05
36,9,5801.53027,3282.29419,3451.50244,9.13555632E-05
36,10,5801.53027,3451.50244,3631.03198,9.13555632E-05
36,11,5801.53027,3631.03198,3821.31616,9.13555632E-05
36,12,5801.53027,3821.31616,4022.32300,9.13555632E-05
36,13,5801.53027,4022.32300,4233.41846,9.13555632E-05
36,14,5801.53027,4233.41846,4453.28027,9.13555632E-05
36,15,5801.53027,4453.28027,4679.86328,9.13555632E-05
36,16,5801.53027,4679.86328,4910.44238,9.13555632E-05
36,17,5801.53027,4910.44238,5141.71289,9.13555632E-05
36,18,5801.53027,5141.71289,5369.94824,9.13555632E-05
36,19,5801.53027,5369.94824,5591.20264,9.13555632E-05
36,20,5801.53027,5591.20264,5801.53027,9.13555632E-05
37,1,5628.56348,5801.53027,6080.62354,3.69785380E-06
37,2,5628.56348,6080.62354,6322.35449,3.69785380E-06
37,3,5628.56348,6322.35449,6518.39795,3.69785380E-06
37,4,5628.56348,6518.39795,6663.34961,3.69785380E-06
37,5,5628.56348,6663.34961,6755.09570,3.69785380E-06
37,6,5628.56348,6755.09570,6794.75244,3.69785380E-06
37,7,5628.56348,6794.75244,6786.24023,3.69785380E-06
37,8,5628.56348,6786.24023,6735.62109,3.69785380E-06
37,9,5628.56348,6735.62109,6650.35010,3.69785380E-06
37,10,5628.56348,6650.35010,6538.58545,3.69785380E-06
37,11,5628.56348,6538.58545,6408.64746,3.69785380E-06
37,12,5628.56348,6408.64746,6268.68066,3.69785380E-06
37,13,5628.56348,6268.68066,6126.47900,3.69785380E-06
37,14,5628.56348,6126.47900,5989.44385,3.69785380E-06
37,15,5628.56348,5989.44385,5864.56689,3.69785380E-06
37,16,5628.56348,5864.56689,5758.40088,3.69785380E-06
37,17,5628.56348,5758.40088,5676.95508,3.69785380E-06
37,18,5628.56348,5676.95508,5625.50830,3.69785380E-06
37,19,5628.56348,5625.50830,5608.36279,3.69785380E-06
37,20,5628.56348,5608.36279,5628.56348,3.69785380E-06
38,1,5877.35254,5628.56348,5744.70361,5.39899611E-06
38,2,5877.35254,5744.70361,5977.87939,5.39899611E-06
38,3,5877.35254,5977.87939,6312.03613,5.39899611E-06
38,4,5877.35254,6312.03613,6715.19531,5.39899611E-06
38,5,5877.35254,6715.19531,7143.38428,5.39899611E-06
38,6,5877.35254,7143.38428,7547.16064,5.39899611E-06
38,7,5877.35254,7547.16064,7879.27637,5.39899611E-06
38,8,5877.35254,7879.27637,8101.82812,5.39899611E-06
38,9,5877.35254,8101.82812,8191.51074,5.39899611E-06
38,10,5877.35254,8191.51074,8142.15186,5.39899611E-06
38,11,5877.35254,8142.15186,7964.44434,5.39899611E-06
38,12,5877.35254,7964.44434,7683.26660,5.39899611E-06
38,13,5877.35254,7683.26660,7333.41797,5.39899611E-06
38,14,5877.35254,7333.41797,6954.64551,5.39899611E-06
38,15,5877.35254,6954.64551,6586.77783,5.39899611E-06
38,16,5877.35254,6586.77783,6265.56152,5.39899611E-06
38,17,5877.35254,6265.56152,6019.54395,5.39899611E-06
38,18,5877.35254,6019.54395,5868.13867,5.39899611E-06
38,19,5877.35254,5868.13867,5820.82471,5.39899611E-06
38,20,5877.35254,5820.82471,5877.35254,5.39899611E-06
39,1,7960.03271,5877.35254,5989.65088,1.77159245E-06
39,2,7960.03271,5989.65088,6150.26758,1.77159245E-06
39,3,7960.03271,6150.26758,6349.83545,1.77159245E-06
39,4,7960.03271,6349.83545,6577.72656,1.77159245E-06
39,5,7960.03271,6577.72656,6822.64697,1.77159245E-06
39,6,7960.03271,6822.64697,7073.20850,1.77159245E-06
39,7,7960.03271,7073.20850,7318.46924,1.77159245E-06
39,8,7960.03271,7318.46924,7548.43311,1.77159245E-06
39,9,7960.03271,7548.43311,7754.47510,1.77159245E-06
39,10,7960.03271,7754.47510,7929.69971,1.77159245E-06
39,11,7960.03271,7929.69971,8069.21143,1.77159245E-06
39,12,7960.03271,8069.21143,8170.29199,1.77159245E-06
39,13,7960.03271,8170.29199,8232.47266,1.77159245E-06
39,14,7960.03271,8232.47266,8257.51758,1.77159245E-06
39,15,7960.03271,8257.51758,8249.29785,1.77159245E-06
39,16,7960.03271,8249.29785,8213.59082,1.77159245E-06
39,17,7960.03271,8213.59082,8157.78174,1.77159245E-06
39,18,7960.03271,8157.78174,8090.52393,1.77159245E-06
39,19,7960.03271,8090.52393,8021.31201,1.77159245E-06
39,20,7960.03271,8021.31201,7960.03271,1.77159245E-06
40,1,8152.20605,7960.03271,7946.57959,1.30746470E-04
40,2,8152.20605,7946.57959,7934.55273,1.30746470E-04
40,3,8152.20605,7934.55273,7924.13867,1.30746470E-04
40,4,8152.20605,7924.13867,7915.52344,1.30746470E-04
40,5,8152.20605,7915.52344,7908.88574,1.30746470E-04
40,6,8152.20605,7908.88574,7904.39941,1.30746470E-04
40,7,8152.20605,7904.39941,7902.23242,1.30746470E-04
40,8,8152.20605,7902.23242,7902.54834,1.30746470E-04
40,9,8152.20605,7902.54834,7905.50586,1.30746470E-04
40,10,8152.20605,7905.50586,7911.25781,1.30746470E-04
40,11,8152.20605,7911.25781,7919.95312,1.30746470E-04
40,12,8152.20605,7919.95312,7931.73340,1.30746470E-04
40,13,8152.20605,7931.73340,7946.73730,1.30746470E-04
40,14,8152.20605,7946.73730,7965.09521,1.30746470E-04
40,15,8152.20605,7965.09521,7986.93164,1.30746470E-04
40,16,8152.20605,7986.93164,8012.36621,1.30746470E-04
40,17,8152.20605,8012.36621,8041.51025,1.30746470E-04
40,18,8152.20605,8041.51025,8074.46777,1.30746470E-04
40,19,8152.20605,8074.46777,8111.33691,1.30746470E-04
40,20,8152.20605,8111.33691,8152.20605,1.30746470E-04
41,1,9686.80469,8152.20605,8193.73926,2.77933782E-06
41,2,9686.80469,8193.73926,8238.95996,2.77933782E-06
41,3,9686.80469,8238.95996,8287.91992,2.77933782E-06
41,4,9686.80469,8287.91992,8340.66309,2.77933782E-06
41,5,9686.80469,8340.66309,8397.22266,2.77933782E-06
41,6,9686.80469,8397.22266,8457.62207,2.77933782E-06
41,7,9686.80469,8457.62207,8521.87695,2.77933782E-06
41,8,9686.80469,8521.87695,8589.98730,2.77933782E-06
41,9,9686.80469,8589.98730,8661.93945,2.77933782E-06
41,10,9686.80469,8661.93945,8737.70801,2.77933782E-06
41,11,9686.80469,8737.70801,8817.24805,2.77933782E-06
41,12,9686.80469,8817.24805,8900.50098,2.77933782E-06
41,13,9686.80469,8900.50098,8987.38867,2.77933782E-06
41,14,9686.80469,8987.38867,9077.81543,2.77933782E-06
41,15,9686.80469,9077.81543,9171.66504,2.77933782E-06
41,16,9686.80469,9171.66504,9268.80176,2.77933782E-06
41,17,9686.80469,9268.80176,9369.07031,2.77933782E-06
41,18,9686.80469,9369.07031,9472.29492,2.77933782E-06
41,19,9686.80469,9472.29492,9578.27832,2.77933782E-06
41,20,9686.80469,9578.27832,9686.80469,2.77933782E-06
42,1,10969.0850,9686.80469,9747.48828,1.36899735E-05
42,2,10969.0850,9747.48828,9808.82227,1.36899735E-05
42,3,10969.0850,9808.82227,9870.76465,1.36899735E-05
42,4,10969.0850,9870.76465,9933.27051,1.36899735E-05
42,5,10969.0850,9933.27051,9996.29297,1.36899735E-05
42,6,10969.0850,9996.29297,10059.7852,1.36899735E-05
42,7,10969.0850,10059.7852,10123.6992,1.36899735E-05
42,8,10969.0850,10123.6992,10187.9844,1.36899735E-05
42,9,10969.0850,10187.9844,10252.5918,1.36899735E-05
42,10,10969.0850,10252.5918,10317.4668,1.36899735E-05
42,11,10969.0850,10317.4668,10382.5566,1.36899735E-05
42,12,10969.0850,10382.5566,10447.8096,1.36899735E-05
42,13,10969.0850,10447.8096,10513.1719,1.36899735E-05
42,14,10969.0850,10513.1719,10578.5859,1.36899735E-05
42,15,10969.0850,10578.5859,10643.9980,1.36899735E-05
42,16,10969.0850,10643.9980,10709.3516,1.36899735E-05
42,17,10969.0850,10709.3516,10774.5938,1.36899735E-05
42,18,10969.0850,10774.5938,10839.6670,1.36899735E-05
42,19,10969.0850,10839.6670,10904.5156,1.36899735E-05
42,20,10969.0850,10904.5156,10969.0850,1.36899735E-05
43,1,11043.6328,10969.0850,11345.7568,2.97209208E-05
43,2,11043.6328,11345.7568,11693.8350,2.97209208E-05
43,3,11043.6328,11693.8350,12004.7197,2.97209208E-05
43,4,11043.6328,12004.7197,12272.0000,2.97209208E-05
43,5,11043.6328,12272.0000,12491.4629,2.97209208E-05
43,6,11043.6328,12491.4629,12660.9102,2.97209208E-05
43,7,11043.6328,12660.9102,12779.8779,2.97209208E-05
43,8,11043.6328,12779.8779,12849.2939,2.97209208E-05
43,9,11043.6328,12849.2939,12871.1777,2.97209208E-05
43,10,11043.6328,12871.1777,12848.3721,2.97209208E-05
43,11,11043.6328,12848.3721,12784.3252,2.97209208E-05
43,12,11043.6328,12784.3252,12682.9287,2.97209208E-05
43,13,11043.6328,12682.9287,12548.3799,2.97209208E-05
43,14,11043.6328,12548.3799,12385.0732,2.97209208E-05
43,15,11043.6328,12385.0732,12197.4688,2.97209208E-05
43,16,11043.6328,12197.4688,11990.0117,2.97209208E-05
43,17,11043.6328,11990.0117,11767.0010,2.97209208E-05
43,18,11043.6328,11767.0010,11532.5039,2.97209208E-05
43,19,11043.6328,11532.5039,11290.2627,2.97209208E-05
43,20,11043.6328,11290.2627,11043.6328,2.97209208E-05
44,1,10035.5820,11043.6328,10992.7754,9.23544576E-05
44,2,10035.5820,10992.7754,10941.8359,9.23544576E-05
44,3,10035.5820,10941.8359,10890.8398,9.23544576E-05
44,4,10035.5820,10890.8398,10839.8105,9.23544576E-05
44,5,10035.5820,10839.8105,10788.7715,9.23544576E-05
44,6,10035.5820,10788.7715,10737.7451,9.23544576E-05
44,7,10035.5820,10737.7451,10686.7539,9.23544576E-05
44,8,10035.5820,10686.7539,10635.8174,9.23544576E-05
44,9,10035.5820,10635.8174,10584.9561,9.23544576E-05
44,10,10035.5820,10584.9561,10534.1895,9.23544576E-05
44,11,10035.5820,10534.1895,10483.5342,9.23544576E-05
44,12,10035.5820,10483.5342,10433.0117,9.23544576E-05
44,13,10035.5820,10433.0117,10382.6377,9.23544576E-05
44,14,10035.5820,10382.6377,10332.4297,9.23544576E-05
44,15,10035.5820,10332.4297,10282.4043,9.23544576E-05
44,16,10035.5820,10282.4043,10232.5781,9.23544576E-05
44,17,10035.5820,10232.5781,10182.9668,9.23544576E-05
44,18,10035.5820,10182.9668,10133.5879,9.23544576E-05
44,19,10035.5820,10133.5879,10084.4541,9.23544576E-05
44,20,10035.5820,10084.4541,10035.5820,9.23544576E-05
45,1,8205.57715,10035.5820,9915.15625,4.60408774E-05
45,2,8205.57715,9915.15625,9796.70020,4.60408774E-05
45,3,8205.57715,9796.70020,9680.44238,4.60408774E-05
45,4,8205.57715,9680.44238,9566.60449,4.60408774E-05
45,5,8205.57715,9566.60449,9455.40527,4.60408774E-05
45,6,8205.57715,9455.40527,9347.05762,4.60408774E-05
45,7,8205.57715,9347.05762,9241.76270,4.60408774E-05
45,8,8205.57715,9241.76270,9139.71191,4.60408774E-05
45,9,8205.57715,9139.71191,9041.07910,4.60408774E-05
45,10,8205.57715,9041.07910,8946.01758,4.60408774E-05
45,11,8205.57715,8946.01758,8854.65527,4.60408774E-05
45,12,8205.57715,8854.65527,8767.09375,4.60408774E-05
45,13,8205.57715,8767.09375,8683.40527,4.60408774E-05
45,14,8205.57715,8683.40527,8603.62988,4.60408774E-05
45,15,8205.57715,8603.62988,8527.77539,4.60408774E-05
45,16,8205.57715,8527.77539,8455.81934,4.60408774E-05
45,17,8205.57715,8455.81934,8387.70801,4.60408774E-05
45,18,8205.57715,8387.70801,8323.36426,4.60408774E-05
45,19,8205.57715,8323.36426,8262.69043,4.60408774E-05
45,20,8205.57715,8262.69043,8205.57715,4.60408774E-05
46,1,7967.28271,8205.57715,8190.94141,3.61191080E-04
46,2,7967.28271,8190.94141,8176.61377,3.61191080E-04
46,3,7967.28271,8176.61377,8162.58936,3.61191080E-04
46,4,7967.28271,8162.58936,8148.86377,3.61191080E-04
46,5,7967.28271,8148.86377,8135.43262,3.61191080E-04
46,6,7967.28271,8135.43262,8122.29297,3.61191080E-04
46,7,7967.28271,8122.29297,8109.43848,3.61191080E-04
46,8,7967.28271,8109.43848,8096.86572,3.61191080E-04
46,9,7967.28271,8096.86572,8084.57324,3.61191080E-04
46,10,7967.28271,8084.57324,8072.55566,3.61191080E-04
46,11,7967.28271,8072.55566,8060.81055,3.61191080E-04
46,12,7967.28271,8060.81055,8049.33643,3.61191080E-04
46,13,7967.28271,8049.33643,8038.13281,3.61191080E-04
46,14,7967.28271,8038.13281,8027.19678,3.61191080E-04
46,15,7967.28271,8027.19678,8016.52930,3.61191080E-04
46,16,7967.28271,8016.52930,8006.13135,3.61191080E-04
46,17,7967.28271,8006.13135,7996.00488,3.61191080E-04
46,18,7967.28271,7996.00488,7986.15137,3.61191080E-04
46,19,7967.28271,7986.15137,7976.57617,3.61191080E-04
46,20,7967.28271,7976.57617,7967.28271,3.61191080E-04
47,1,8021.90967,8007.40283,8007.85742,9.95215523E-05
47,2,8021.90967,8007.85742,8008.18945,9.95215523E-05
47,3,8021.90967,8008.18945,8009.03955,9.95215523E-05
47,4,8021.90967,8009.03955,8009.55615,9.95215523E-05
47,5,8021.90967,8009.55615,8010.07031,9.95215523E-05
47,6,8021.90967,8010.07031,8011.66553,9.95215523E-05
47,7,8021.90967,8011.66553,8013.06592,9.95215523E-05
47,8,8021.90967,8013.06592,8013.91260,9.95215523E-05
47,9,8021.90967,8013.91260,8013.79395,9.95215523E-05
47,10,8021.90967,8013.79395,8014.54346,9.95215523E-05
47,11,8021.90967,8014.54346,8015.11621,9.95215523E-05
47,12,8021.90967,8015.11621,8016.78516,9.95215523E-05
47,13,8021.90967,8016.78516,8017.21924,9.95215523E-05
47,14,8021.90967,8017.21924,8016.74365,9.95215523E-05
47,15,8021.90967,8016.74365,8015.08447,9.95215523E-05
47,16,8021.90967,8015.08447,8014.42871,9.95215523E-05
47,17,8021.90967,8014.42871,8016.52588,9.95215523E-05
47,18,8021.90967,8016.52588,8019.07080,9.95215523E-05
47,19,8021.90967,8019.07080,8021.13428,9.95215523E-05
47,20,8021.90967,8021.13428,8021.90967,9.95215523E-05
48,1,8064.96289,8021.90967,8022.64355,1.61378441E-04
48,2,8064.96289,8022.64355,8025.56445,1.61378441E-04
48,3,8064.96289,8025.56445,8027.51270,1.61378441E-04
48,4,8064.96289,8027.51270,8029.39893,1.61378441E-04
48,5,8064.96289,8029.39893,8032.96631,1.61378441E-04
48,6,8064.96289,8032.96631,8036.37842,1.61378441E-04
48,7,8064.96289,8036.37842,8038.56592,1.61378441E-04
48,8,8064.96289,8038.56592,8040.79688,1.61378441E-04
48,9,8064.96289,8040.79688,8045.12158,1.61378441E-04
48,10,8064.96289,8045.12158,8046.56836,1.61378441E-04
48,11,8064.96289,8046.56836,8047.98291,1.61378441E-04
48,12,8064.96289,8047.98291,8048.86133,1.61378441E-04
48,13,8064.96289,8048.86133,8049.28906,1.61378441E-04
48,14,8064.96289,8049.28906,8048.52002,1.61378441E-04
48,15,8064.96289,8048.52002,8050.84668,1.61378441E-04
48,16,8064.96289,8050.84668,8056.22314,1.61378441E-04
48,17,8064.96289,8056.22314,8060.45459,1.61378441E-04
48,18,8064.96289,8060.45459,8062.19092,1.61378441E-04
48,19,8064.96289,8062.19092,8062.35693,1.61378441E-04
48,20,8064.96289,8062.35693,8064.96289,1.61378441E-04
49,1,8064.55566,8064.96289,8065.75635,7.95870164E-06
49,2,8064.55566,8065.75635,8066.65869,7.95870164E-06
49,3,8064.55566,8066.65869,8067.06006,7.95870164E-06
49,4,8064.55566,8067.06006,8066.79248,7.95870164E-06
49,5,8064.55566,8066.79248,8068.39746,7.95870164E-06
49,6,8064.55566,8068.39746,8069.75244,7.95870164E-06
49,7,8064.55566,8069.75244,8070.77344,7.95870164E-06
49,8,8064.55566,8070.77344,8069.73975,7.95870164E-06
49,9,8064.55566,8069.73975,8068.82666,7.95870164E-06
49,10,8064.55566,8068.82666,8069.47314,7.95870164E-06
49,11,8064.55566,8069.47314,8068.70020,7.95870164E-06
49,12,8064.55566,8068.70020,8068.37207,7.95870164E-06
49,13,8064.55566,8068.37207,8068.77832,7.95870164E-06
49,14,8064.55566,8068.77832,8067.67090,7.95870164E-06
49,15,8064.55566,8067.67090,8065.70410,7.95870164E-06
49,16,8064.55566,8065.70410,8064.57178,7.95870164E-06
49,17,8064.55566,8064.57178,8066.35449,7.95870164E-06
49,18,8064.55566,8066.35449,8066.54639,7.95870164E-06
49,19,8064.55566,8066.54639,8065.65283,7.95870164E-06
49,20,8064.55566,8065.65283,8064.55566,7.95870164E-06
50,1,8241.54297,8224.30859,8228.67676,8.56923070E-05
50,2,8241.54297,8228.67676,8223.49414,8.56923070E-05
50,3,8241.54297,8223.49414,8220.47559,8.56923070E-05
50,4,8241.54297,8220.47559,8223.90527,8.56923070E-05
50,5,8241.54297,8223.90527,8230.90820,8.56923070E-05
50,6,8241.54297,8230.90820,8229.70703,8.56923070E-05
50,7,8241.54297,8229.70703,8225.97363,8.56923070E-05
50,8,8241.54297,8225.97363,8220.49121,8.56923070E-05
50,9,8241.54297,8220.49121,8223.58105,8.56923070E-05
50,10,8241.54297,8223.58105,8218.69629,8.56923070E-05
50,11,8241.54297,8218.69629,8225.07324,8.56923070E-05
50,12,8241.54297,8225.07324,8223.50098,8.56923070E-05
50,13,8241.54297,8223.50098,8232.59082,8.56923070E-05
50,14,8241.54297,8232.59082,8233.01367,8.56923070E-05
50,15,8241.54297,8233.01367,8232.38770,8.56923070E-05
50,16,8241.54297,8232.38770,8233.40137,8.56923070E-05
50,17,8241.54297,8233.40137,8235.30176,8.56923070E-05
50,18,8241.54297,8235.30176,8242.82520,8.56923070E-05
50,19,8241.54297,8242.82520,8249.06738,8.56923070E-05
50,20,8241.54297,8249.06738,8241.54297,8.56923070E-05
51,1,8259.25000,8241.54297,8236.12500,1.52528610E-05
51,2,8259.25000,8236.12500,8232.28320,1.52528610E-05
51,3,8259.25000,8232.28320,8229.39551,1.52528610E-05
51,4,8259.25000,8229.39551,8232.13281,1.52528610E-05
51,5,8259.25000,8232.13281,8230.70703,1.52528610E-05
51,6,8259.25000,8230.70703,8235.89551,1.52528610E-05
51,7,8259.25000,8235.89551,8235.13867,1.52528610E-05
51,8,8259.25000,8235.13867,8240.78906,1.52528610E-05
51,9,8259.25000,8240.78906,8246.70898,1.52528610E-05
51,10,8259.25000,8246.70898,8250.15820,1.52528610E-05
51,11,8259.25000,8250.15820,8256.05469,1.52528610E-05
51,12,8259.25000,8256.05469,8252.64941,1.52528610E-05
51,13,8259.25000,8252.64941,8252.40039,1.52528610E-05
51,14,8259.25000,8252.40039,8245.77734,1.52528610E-05
51,15,8259.25000,8245.77734,8240.61719,1.52528610E-05
51,16,8259.25000,8240.61719,8237.48828,1.52528610E-05
51,17,8259.25000,8237.48828,8240.80469,1.52528610E-05
51,18,8259.25000,8240.80469,8249.57129,1.52528610E-05
51,19,8259.25000,8249.57129,8259.51758,1.52528610E-05
51,20,8259.25000,8259.51758,8259.25000,1.52528610E-05
52,1,8375.96289,8361.13477,8353.70898,6.85885743E-06
52,2,8375.96289,8353.70898,8341.74609,6.85885743E-06
52,3,8375.96289,8341.74609,8331.13867,6.85885743E-06
52,4,8375.96289,8331.13867,8323.75977,6.85885743E-06
52,5,8375.96289,8323.75977,8320.22852,6.85885743E-06
52,6,8375.96289,8320.22852,8319.76172,6.85885743E-06
52,7,8375.96289,8319.76172,8323.40039,6.85885743E-06
52,8,8375.96289,8323.40039,8330.30078,6.85885743E-06
52,9,8375.96289,8330.30078,8331.51758,6.85885743E-06
52,10,8375.96289,8331.51758,8331.07617,6.85885743E-06
52,11,8375.96289,8331.07617,8335.86719,6.85885743E-06
52,12,8375.96289,8335.86719,8343.43750,6.85885743E-06
52,13,8375.96289,8343.43750,8348.92383,6.85885743E-06
52,14,8375.96289,8348.92383,8370.17578,6.85885743E-06
52,15,8375.96289,8370.17578,8362.12500,6.85885743E-06
52,16,8375.96289,8362.12500,8366.88477,6.85885743E-06
52,17,8375.96289,8366.88477,8366.05859,6.85885743E-06
52,18,8375.96289,8366.05859,8359.80859,6.85885743E-06
52,19,8375.96289,8359.80859,8364.87891,6.85885743E-06
52,20,8375.96289,8364.87891,8375.96289,6.85885743E-06
53,1,8383.57715,8375.96289,8374.24023,2.94513564E-04
53,2,8383.57715,8374.24023,8380.73926,2.94513564E-04
53,3,8383.57715,8380.73926,8374.15137,2.94513564E-04
53,4,8383.57715,8374.15137,8373.39355,2.94513564E-04
53,5,8383.57715,8373.39355,8374.50586,2.94513564E-04
53,6,8383.57715,8374.50586,8377.56055,2.94513564E-04
53,7,8383.57715,8377.56055,8380.58301,2.94513564E-04
53,8,8383.57715,8380.58301,8379.83887,2.94513564E-04
53,9,8383.57715,8379.83887,8376.61621,2.94513564E-04
53,10,8383.57715,8376.61621,8376.74121,2.94513564E-04
53,11,8383.57715,8376.74121,8373.40234,2.94513564E-04
53,12,8383.57715,8373.40234,8376.02441,2.94513564E-04
53,13,8383.57715,8376.02441,8379.95020,2.94513564E-04
53,14,8383.57715,8379.95020,8382.63867,2.94513564E-04
53,15,8383.57715,8382.63867,8384.52734,2.94513564E-04
53,16,8383.57715,8384.52734,8384.25977,2.94513564E-04
53,17,8383.57715,8384.25977,8380.49512,2.94513564E-04
53,18,8383.57715,8380.49512,8379.63770,2.94513564E-04
53,19,8383.57715,8379.63770,8381.54199,2.94513564E-04
53,20,8383.57715,8381.54199,8383.57715,2.94513564E-04
54,1,8324.81738,8383.57715,8382.05859,7.56045347E-06
54,2,8324.81738,8382.05859,8375.86328,7.56045347E-06
54,3,8324.81738,8375.86328,8366.46680,7.56045347E-06
54,4,8324.81738,8366.46680,8361.08398,7.56045347E-06
54,5,8324.81738,8361.08398,8356.80078,7.56045347E-06
54,6,8324.81738,8356.80078,8346.16992,7.56045347E-06
54,7,8324.81738,8346.16992,8345.30176,7.56045347E-06
54,8,8324.81738,8345.30176,8353.88281,7.56045347E-06
54,9,8324.81738,8353.88281,8357.64258,7.56045347E-06
54,10,8324.81738,8357.64258,8354.71094,7.56045347E-06
54,11,8324.81738,8354.71094,8343.66113,7.56045347E-06
54,12,8324.81738,8343.66113,8336.78418,7.56045347E-06
54,13,8324.81738,8336.78418,8328.71289,7.56045347E-06
54,14,8324.81738,8328.71289,8328.07520,7.56045347E-06
54,15,8324.81738,8328.07520,8327.98633,7.56045347E-06
54,16,8324.81738,8327.98633,8330.80957,7.56045347E-06
54,17,8324.81738,8330.80957,8327.92578,7.56045347E-06
54,18,8324.81738,8327.92578,8325.91113,7.56045347E-06
54,19,8324.81738,8325.91113,8318.71484,7.56045347E-06
54,20,8324.81738,8318.71484,8324.81738,7.56045347E-06
55,1,8339.72754,8324.81738,8324.80664,3.34755605E-05
55,2,8339.72754,8324.80664,8327.18848,3.34755605E-05
55,3,8339.72754,8327.18848,8329.90039,3.34755605E-05
55,4,8339.72754,8329.90039,8340.01660,3.34755605E-05
55,5,8339.72754,8340.01660,8340.83496,3.34755605E-05
55,6,8339.72754,8340.83496,8341.61230,3.34755605E-05
55,7,8339.72754,8341.61230,8335.91016,3.34755605E-05
55,8,8339.72754,8335.91016,8339.23730,3.34755605E-05
55,9,8339.72754,8339.23730,8340.47168,3.34755605E-05
55,10,8339.72754,8340.47168,8351.47949,3.34755605E-05
55,11,8339.72754,8351.47949,8355.59473,3.34755605E-05
55,12,8339.72754,8355.59473,8366.65918,3.34755605E-05
55,13,8339.72754,8366.65918,8372.35352,3.34755605E-05
55,14,8339.72754,8372.35352,8374.69238,3.34755605E-05
55,15,8339.72754,8374.69238,8369.26562,3.34755605E-05
55,16,8339.72754,8369.26562,8364.38379,3.34755605E-05
55,17,8339.72754,8364.38379,8358.85352,3.34755605E-05
55,18,8339.72754,8358.85352,8349.78027,3.34755605E-05
55,19,8339.72754,8349.78027,8340.45215,3.34755605E-05
55,20,8339.72754,8340.45215,8339.72754,3.34755605E-05
56,1,8361.54395,8339.72754,8339.90820,1.36380149E-05
56,2,8361.54395,8339.90820,8339.40137,1.36380149E-05
56,3,8361.54395,8339.40137,8338.49121,1.36380149E-05
56,4,8361.54395,8338.49121,8344.11133,1.36380149E-05
56,5,8361.54395,8344.11133,8350.37012,1.36380149E-05
56,6,8361.54395,8350.37012,8355.98828,1.36380149E-05
56,7,8361.54395,8355.98828,8359.00391,1.36380149E-05
56,8,8361.54395,8359.00391,8368.06348,1.36380149E-05
56,9,8361.54395,8368.06348,8383.93555,1.36380149E-05
56,10,8361.54395,8383.93555,8403.85059,1.36380149E-05
56,11,8361.54395,8403.85059,8409.69629,1.36380149E-05
56,12,8361.54395,8409.69629,8412.11133,1.36380149E-05
56,13,8361.54395,8412.11133,8414.91895,1.36380149E-05
56,14,8361.54395,8414.91895,8416.17480,1.36380149E-05
56,15,8361.54395,8416.17480,8398.99902,1.36380149E-05
56,16,8361.54395,8398.99902,8377.94531,1.36380149E-05
56,17,8361.54395,8377.94531,8366.95605,1.36380149E-05
56,18,8361.54395,8366.95605,8369.79004,1.36380149E-05
56,19,8361.54395,8369.79004,8365.87012,1.36380149E-05
56,20,8361.54395,8365.87012,8361.54395,1.36380149E-05
57,1,8384.31348,8387.27441,8395.56348,9.12973792E-06
57,2,8384.31348,8395.56348,8407.29883,9.12973792E-06
57,3,8384.31348,8407.29883,8399.80566,9.12973792E-06
57,4,8384.31348,8399.80566,8374.98340,9.12973792E-06
57,5,8384.31348,8374.98340,8373.17578,9.12973792E-06
57,6,8384.31348,8373.17578,8380.36621,9.12973792E-06
57,7,8384.31348,8380.36621,8375.56543,9.12973792E-06
57,8,8384.31348,8375.56543,8359.26758,9.12973792E-06
57,9,8384.31348,8359.26758,8344.62793,9.12973792E-06
57,10,8384.31348,8344.62793,8352.71387,9.12973792E-06
57,11,8384.31348,8352.71387,8368.43750,9.12973792E-06
57,12,8384.31348,8368.43750,8368.09961,9.12973792E-06
57,13,8384.31348,8368.09961,8366.04883,9.12973792E-06
57,14,8384.31348,8366.04883,8375.96777,9.12973792E-06
57,15,8384.31348,8375.96777,8386.97363,9.12973792E-06
57,16,8384.31348,8386.97363,8386.51074,9.12973792E-06
57,17,8384.31348,8386.51074,8386.28223,9.12973792E-06
57,18,8384.31348,8386.28223,8376.83984,9.12973792E-06
57,19,8384.31348,8376.83984,8379.66309,9.12973792E-06
57,20,8384.31348,8379.66309,8384.31348,9.12973792E-06
58,1,8398.90723,8384.31348,8400.75684,4.52186905E-05
58,2,8398.90723,8400.75684,8383.21289,4.52186905E-05
58,3,8398.90723,8383.21289,8351.75098,4.52186905E-05
58,4,8398.90723,8351.75098,8364.61035,4.52186905E-05
58,5,8398.90723,8364.61035,8399.47363,4.52186905E-05
58,6,8398.90723,8399.47363,8389.73340,4.52186905E-05
58,7,8398.90723,8389.73340,8375.95996,4.52186905E-05
58,8,8398.90723,8375.95996,8411.75684,4.52186905E-05
58,9,8398.90723,8411.75684,8406.80762,4.52186905E-05
58,10,8398.90723,8406.80762,8374.61133,4.52186905E-05
58,11,8398.90723,8374.61133,8380.17090,4.52186905E-05
58,12,8398.90723,8380.17090,8398.29395,4.52186905E-05
58,13,8398.90723,8398.29395,8442.28809,4.52186905E-05
58,14,8398.90723,8442.28809,8431.43262,4.52186905E-05
58,15,8398.90723,8431.43262,8371.46484,4.52186905E-05
58,16,8398.90723,8371.46484,8334.05078,4.52186905E-05
58,17,8398.90723,8334.05078,8382.59375,4.52186905E-05
58,18,8398.90723,8382.59375,8425.11133,4.52186905E-05
58,19,8398.90723,8425.11133,8391.24609,4.52186905E-05
58,20,8398.90723,8391.24609,8398.90723,4.52186905E-05
