403
289	289	289
478	478	478
541	541	541
548	548	548
594	594	594
612	612	612
675	675	675
715	715	715
855	855	855
906	906	906
958	958	958
981	981	981
1023	1023	1023
1047	1047	1047
1093	1093	1093
1227	1227	1227
1249	1249	1249
1265	1265	1265
1271	1271	1271
1431	1431	1431
1551	1551	1551
1695	1695	1695
1699	1699	1699
1754	1754	1754
1932	1932	1932
1952	1952	1952
1962	1962	1962
1994	1994	1994
2046	2046	2046
2048	2048	2048
2178	2178	2178
2362	2362	2362
2372	2372	2372
2653	2653	2653
2695	2695	2695
2696	2696	2696
2748	2748	2748
2766	2766	2766
2825	2825	2825
2826	2826	2826
2847	2847	2847
2893	2893	2893
3005	3005	3005
3010	3010	3010
3049	3049	3049
3109	3109	3109
3111	3111	3111
3139	3139	3139
3161	3161	3161
3425	3425	3425
3653	3653	3653
3735	3735	3735
3945	3945	3945
3985	3985	3985
4075	4075	4075
4089	4089	4089
4134	4134	4134
4300	4300	4300
4437	4437	4437
4438	4438	4438
4506	4506	4506
4632	4632	4632
4746	4746	4746
4819	4819	4819
4859	4859	4859
4880	4880	4880
5005	5005	5005
5077	5077	5077
5129	5129	5129
5197	5197	5197
5379	5379	5379
5636	5636	5636
5814	5814	5814
5868	5868	5868
5934	5934	5934
6186	6186	6186
6730	6730	6730
6860	6860	6860
6876	6876	6876
6959	6959	6959
7593	7593	7593
7818	7818	7818
7869	7869	7869
7977	7977	7977
8121	8121	8121
8299	8299	8299
8610	8610	8610
8689	8689	8689
9238	9238	9238
9278	9278	9278
9284	9284	9284
9433	9433	9433
9614	9614	9614
9682	9682	9682
9872	9872	9872
9896	9896	9896
10074	10074	10074
10300	10300	10300
10337	10337	10337
10507	10507	10507
10562	10562	10562
10602	10602	10602
10670	10670	10670
10680	10680	10680
10766	10766	10766
10848	10848	10848
10945	10945	10945
11110	11110	11110
11212	11212	11212
11328	11328	11328
11482	11482	11482
11497	11497	11497
11504	11504	11504
11530	11530	11530
11575	11575	11575
11576	11576	11576
11588	11588	11588
11626	11626	11626
11688	11688	11688
11756	11756	11756
11774	11774	11774
11830	11830	11830
11907	11907	11907
11932	11932	11932
12028	12028	12028
12213	12213	12213
12413	12413	12413
12561	12561	12561
12568	12568	12568
12570	12570	12570
12634	12634	12634
12712	12712	12712
12714	12714	12714
12839	12839	12839
12843	12843	12843
12973	12973	12973
12979	12979	12979
13025	13025	13025
13029	13029	13029
13059	13059	13059
13088	13088	13088
13089	13089	13089
13256	13256	13256
13288	13288	13288
13410	13410	13410
13432	13432	13432
13470	13470	13470
13498	13498	13498
13548	13548	13548
13557	13557	13557
13560	13560	13560
13634	13634	13634
13746	13746	13746
13758	13758	13758
13852	13852	13852
13886	13886	13886
13904	13904	13904
14040	14040	14040
14177	14177	14177
14214	14214	14214
14244	14244	14244
14246	14246	14246
14248	14248	14248
14281	14281	14281
14456	14456	14456
14463	14463	14463
14555	14555	14555
14679	14679	14679
14685	14685	14685
14710	14710	14710
14769	14769	14769
14902	14902	14902
15151	15151	15151
15159	15159	15159
15198	15198	15198
15275	15275	15275
15305	15305	15305
15415	15415	15415
15459	15459	15459
15579	15579	15579
15797	15797	15797
15929	15929	15929
15970	15970	15970
16452	16452	16452
16453	16453	16453
16748	16748	16748
16839	16839	16839
16874	16874	16874
16904	16904	16904
16990	16990	16990
17009	17009	17009
17275	17275	17275
17327	17327	17327
17440	17440	17440
17550	17550	17550
17574	17574	17574
17604	17604	17604
17796	17796	17796
18062	18062	18062
18154	18154	18154
18222	18222	18222
18352	18352	18352
18394	18394	18394
18543	18543	18543
18586	18586	18586
18718	18718	18718
18928	18928	18928
18966	18966	18966
19064	19064	19064
19331	19331	19331
19440	19440	19440
19454	19454	19454
19558	19558	19558
19687	19687	19687
19718	19718	19718
20040	20040	20040
20288	20288	20288
20299	20299	20299
20446	20446	20446
20578	20578	20578
20673	20673	20673
20913	20913	20913
20983	20983	20983
21141	21141	21141
21179	21179	21179
21447	21447	21447
21689	21689	21689
21747	21747	21747
21795	21795	21795
21923	21923	21923
21925	21925	21925
21981	21981	21981
22133	22133	22133
22160	22160	22160
22161	22161	22161
22363	22363	22363
22464	22464	22464
22465	22465	22465
22524	22524	22524
22699	22699	22699
22717	22717	22717
23135	23135	23135
23153	23153	23153
23233	23233	23233
23291	23291	23291
23333	23333	23333
23381	23381	23381
23396	23396	23396
23400	23400	23400
23403	23403	23403
23434	23434	23434
23435	23435	23435
23455	23455	23455
23457	23457	23457
23463	23463	23463
23652	23652	23652
23691	23691	23691
23713	23713	23713
23727	23727	23727
23739	23739	23739
23771	23771	23771
23891	23891	23891
23987	23987	23987
24110	24110	24110
24156	24156	24156
24171	24171	24171
24172	24172	24172
24218	24218	24218
24238	24238	24238
24310	24310	24310
24337	24337	24337
24373	24373	24373
24404	24404	24404
24440	24440	24440
24443	24443	24443
24482	24482	24482
24514	24514	24514
24522	24522	24522
24598	24598	24598
24635	24635	24635
24650	24650	24650
24660	24660	24660
24689	24689	24689
24690	24690	24690
24716	24716	24716
24734	24734	24734
24778	24778	24778
24813	24813	24813
24841	24841	24841
24845	24845	24845
24870	24870	24870
24900	24900	24900
24952	24952	24952
24962	24962	24962
24964	24964	24964
24976	24976	24976
25058	25058	25058
25068	25068	25068
25102	25102	25102
25105	25105	25105
25220	25220	25220
25334	25334	25334
25344	25344	25344
25366	25366	25366
25422	25422	25422
25432	25432	25432
25548	25548	25548
25574	25574	25574
25578	25578	25578
25586	25586	25586
25590	25590	25590
25610	25610	25610
25682	25682	25682
25720	25720	25720
25800	25800	25800
25826	25826	25826
25827	25827	25827
25836	25836	25836
25855	25855	25855
25903	25903	25903
25931	25931	25931
25983	25983	25983
26010	26010	26010
26051	26051	26051
26122	26122	26122
26174	26174	26174
26199	26199	26199
26209	26209	26209
26222	26222	26222
26259	26259	26259
26359	26359	26359
26403	26403	26403
26411	26411	26411
26480	26480	26480
26495	26495	26495
26532	26532	26532
26547	26547	26547
26578	26578	26578
26585	26585	26585
26607	26607	26607
26613	26613	26613
26767	26767	26767
26778	26778	26778
26781	26781	26781
26787	26787	26787
26857	26857	26857
26889	26889	26889
26903	26903	26903
26911	26911	26911
26931	26931	26931
26999	26999	26999
27023	27023	27023
27039	27039	27039
27053	27053	27053
27091	27091	27091
27147	27147	27147
27163	27163	27163
27216	27216	27216
27236	27236	27236
27257	27257	27257
27258	27258	27258
27293	27293	27293
27302	27302	27302
27317	27317	27317
27415	27415	27415
27419	27419	27419
27475	27475	27475
27532	27532	27532
27551	27551	27551
27651	27651	27651
27654	27654	27654
27702	27702	27702
27761	27761	27761
27777	27777	27777
27817	27817	27817
27921	27921	27921
27963	27963	27963
27976	27976	27976
27995	27995	27995
28041	28041	28041
28043	28043	28043
28055	28055	28055
28078	28078	28078
28101	28101	28101
28113	28113	28113
28163	28163	28163
28183	28183	28183
28415	28415	28415
28485	28485	28485
28541	28541	28541
28629	28629	28629
28649	28649	28649
28691	28691	28691
28741	28741	28741
28777	28777	28777
28826	28826	28826
28835	28835	28835
28853	28853	28853
28931	28931	28931
28986	28986	28986
28988	28988	28988
28989	28989	28989
28990	28990	28990