i,k,old_q,old_q_ch_in,old_q_ch_out,qlat_ch_old
1,1,3966.80200,0.00000000,198.300995,4.56539216E-03
1,2,3966.80200,198.300995,396.602020,4.56539216E-03
1,3,3966.80200,396.602020,594.902954,4.56539216E-03
1,4,3966.80200,594.902954,793.204102,4.56539216E-03
1,5,3966.80200,793.204102,991.504761,4.56539216E-03
1,6,3966.80200,991.504761,1189.80652,4.56539216E-03
1,7,3966.80200,1189.80652,1388.10645,4.56539216E-03
1,8,3966.80200,1388.10645,1586.40857,4.56539216E-03
1,9,3966.80200,1586.40857,1784.70862,4.56539216E-03
1,10,3966.80200,1784.70862,1983.01062,4.56539216E-03
1,11,3966.80200,1983.01062,2181.31055,4.56539216E-03
1,12,3966.80200,2181.31055,2379.61304,4.56539216E-03
1,13,3966.80200,2379.61304,2577.91211,4.56539216E-03
1,14,3966.80200,2577.91211,2776.21533,4.56539216E-03
1,15,3966.80200,2776.21533,2974.51367,4.56539216E-03
1,16,3966.80200,2974.51367,3172.82349,4.56539216E-03
1,17,3966.80200,3172.82349,3371.08887,4.56539216E-03
1,18,3966.80200,3371.08887,3569.51367,4.56539216E-03
1,19,3966.80200,3569.51367,3767.43066,4.56539216E-03
1,20,3966.80200,3767.43066,3966.80200,4.56539216E-03
2,1,995.458862,0.00000000,50.0329170,2.01645377E-03
2,2,995.458862,50.0329170,100.066109,2.01645377E-03
2,3,995.458862,100.066109,150.095367,2.01645377E-03
2,4,995.458862,150.095367,200.159027,2.01645377E-03
2,5,995.458862,200.159027,250.017212,2.01645377E-03
2,6,995.458862,250.017212,300.761047,2.01645377E-03
2,7,995.458862,300.761047,348.700500,2.01645377E-03
2,8,995.458862,348.700500,403.112427,2.01645377E-03
2,9,995.458862,403.112427,447.141205,2.01645377E-03
2,10,995.458862,447.141205,500.979370,2.01645377E-03
2,11,995.458862,500.979370,554.001038,2.01645377E-03
2,12,995.458862,554.001038,595.975037,2.01645377E-03
2,13,995.458862,595.975037,649.399902,2.01645377E-03
2,14,995.458862,649.399902,705.686340,2.01645377E-03
2,15,995.458862,705.686340,750.254517,2.01645377E-03
2,16,995.458862,750.254517,794.915955,2.01645377E-03
2,17,995.458862,794.915955,851.203918,2.01645377E-03
2,18,995.458862,851.203918,905.163940,2.01645377E-03
2,19,995.458862,905.163940,952.948975,2.01645377E-03
2,20,995.458862,952.948975,995.458862,2.01645377E-03
3,1,651.664246,0.00000000,32.5832024,4.87095385E-04
3,2,651.664246,32.5832024,65.1664047,4.87095385E-04
3,3,651.664246,65.1664047,97.7496033,4.87095385E-04
3,4,651.664246,97.7496033,130.332794,4.87095385E-04
3,5,651.664246,130.332794,162.915985,4.87095385E-04
3,6,651.664246,162.915985,195.499207,4.87095385E-04
3,7,651.664246,195.499207,228.082367,4.87095385E-04
3,8,651.664246,228.082367,260.665619,4.87095385E-04
3,9,651.664246,260.665619,293.248749,4.87095385E-04
3,10,651.664246,293.248749,325.832031,4.87095385E-04
3,11,651.664246,325.832031,358.415131,4.87095385E-04
3,12,651.664246,358.415131,390.998444,4.87095385E-04
3,13,651.664246,390.998444,423.581512,4.87095385E-04
3,14,651.664246,423.581512,456.164856,4.87095385E-04
3,15,651.664246,456.164856,488.747894,4.87095385E-04
3,16,651.664246,488.747894,521.331360,4.87095385E-04
3,17,651.664246,521.331360,553.914307,4.87095385E-04
3,18,651.664246,553.914307,586.497803,4.87095385E-04
3,19,651.664246,586.497803,619.080750,4.87095385E-04
3,20,651.664246,619.080750,651.664246,4.87095385E-04
4,1,4035.11279,0.00000000,201.026535,3.28086154E-03
4,2,4035.11279,201.026535,402.053162,3.28086154E-03
4,3,4035.11279,402.053162,603.079529,3.28086154E-03
4,4,4035.11279,603.079529,804.106323,3.28086154E-03
4,5,4035.11279,804.106323,1005.13232,3.28086154E-03
4,6,4035.11279,1005.13232,1206.16394,3.28086154E-03
4,7,4035.11279,1206.16394,1407.15466,3.28086154E-03
4,8,4035.11279,1407.15466,1608.36646,3.28086154E-03
4,9,4035.11279,1608.36646,1808.63196,3.28086154E-03
4,10,4035.11279,1808.63196,2012.21338,3.28086154E-03
4,11,4035.11279,2012.21338,2206.22119,3.28086154E-03
4,12,4035.11279,2206.22119,2422.86572,3.28086154E-03
4,13,4035.11279,2422.86572,2596.38428,3.28086154E-03
4,14,4035.11279,2596.38428,2833.85742,3.28086154E-03
4,15,4035.11279,2833.85742,3003.23340,3.28086154E-03
4,16,4035.11279,3003.23340,3211.99756,3.28086154E-03
4,17,4035.11279,3211.99756,3435.07861,3.28086154E-03
4,18,4035.11279,3435.07861,3606.01904,3.28086154E-03
4,19,4035.11279,3606.01904,3812.75684,3.28086154E-03
4,20,4035.11279,3812.75684,4035.11279,3.28086154E-03
5,1,457.622955,0.00000000,22.8811455,3.89696215E-04
5,2,457.622955,22.8811455,45.7622910,3.89696215E-04
5,3,457.622955,45.7622910,68.6434326,3.89696215E-04
5,4,457.622955,68.6434326,91.5245819,3.89696215E-04
5,5,457.622955,91.5245819,114.405701,3.89696215E-04
5,6,457.622955,114.405701,137.286865,3.89696215E-04
5,7,457.622955,137.286865,160.167999,3.89696215E-04
5,8,457.622955,160.167999,183.049164,3.89696215E-04
5,9,457.622955,183.049164,205.930267,3.89696215E-04
5,10,457.622955,205.930267,228.811462,3.89696215E-04
5,11,457.622955,228.811462,251.692535,3.89696215E-04
5,12,457.622955,251.692535,274.573822,3.89696215E-04
5,13,457.622955,274.573822,297.454803,3.89696215E-04
5,14,457.622955,297.454803,320.336090,3.89696215E-04
5,15,457.622955,320.336090,343.217072,3.89696215E-04
5,16,457.622955,343.217072,366.098419,3.89696215E-04
5,17,457.622955,366.098419,388.979401,3.89696215E-04
5,18,457.622955,388.979401,411.860626,3.89696215E-04
5,19,457.622955,411.860626,434.741760,3.89696215E-04
5,20,457.622955,434.741760,457.622955,3.89696215E-04
6,1,666.131226,0.00000000,33.2393684,2.19805865E-03
6,2,666.131226,33.2393684,66.4787674,2.19805865E-03
6,3,666.131226,66.4787674,99.7180786,2.19805865E-03
6,4,666.131226,99.7180786,132.957535,2.19805865E-03
6,5,666.131226,132.957535,166.196594,2.19805865E-03
6,6,666.131226,166.196594,199.438416,2.19805865E-03
6,7,666.131226,199.438416,232.663330,2.19805865E-03
6,8,666.131226,232.663330,265.970428,2.19805865E-03
6,9,666.131226,265.970428,298.953613,2.19805865E-03
6,10,666.131226,298.953613,332.978546,2.19805865E-03
6,11,666.131226,332.978546,364.273987,2.19805865E-03
6,12,666.131226,364.273987,401.332458,2.19805865E-03
6,13,666.131226,401.332458,428.836151,2.19805865E-03
6,14,666.131226,428.836151,468.075256,2.19805865E-03
6,15,666.131226,468.075256,498.262054,2.19805865E-03
6,16,666.131226,498.262054,529.464783,2.19805865E-03
6,17,666.131226,529.464783,567.512146,2.19805865E-03
6,18,666.131226,567.512146,599.016479,2.19805865E-03
6,19,666.131226,599.016479,628.343506,2.19805865E-03
6,20,666.131226,628.343506,666.131226,2.19805865E-03
7,1,81.3147964,0.00000000,4.05569839,3.08253249E-04
7,2,81.3147964,4.05569839,8.11139965,3.08253249E-04
7,3,81.3147964,8.11139965,12.1670961,3.08253249E-04
7,4,81.3147964,12.1670961,16.2227993,3.08253249E-04
7,5,81.3147964,16.2227993,20.2784920,3.08253249E-04
7,6,81.3147964,20.2784920,24.3342075,3.08253249E-04
7,7,81.3147964,24.3342075,28.3898754,3.08253249E-04
7,8,81.3147964,28.3898754,32.4456177,3.08253249E-04
7,9,81.3147964,32.4456177,36.5012589,3.08253249E-04
7,10,81.3147964,36.5012589,40.5571289,3.08253249E-04
7,11,81.3147964,40.5571289,44.6120377,3.08253249E-04
7,12,81.3147964,44.6120377,48.6710281,3.08253249E-04
7,13,81.3147964,48.6710281,52.7151184,3.08253249E-04
7,14,81.3147964,52.7151184,56.8058548,3.08253249E-04
7,15,81.3147964,56.8058548,60.7706375,3.08253249E-04
7,16,81.3147964,60.7706375,65.0275421,3.08253249E-04
7,17,81.3147964,65.0275421,68.7090454,3.08253249E-04
7,18,81.3147964,68.7090454,73.3343353,3.08253249E-04
7,19,81.3147964,73.3343353,76.7163162,3.08253249E-04
7,20,81.3147964,76.7163162,81.3147964,3.08253249E-04
8,1,126.708054,0.00000000,6.32431650,8.44162132E-04
8,2,126.708054,6.32431650,12.6486359,8.44162132E-04
8,3,126.708054,12.6486359,18.9729462,8.44162132E-04
8,4,126.708054,18.9729462,25.2972717,8.44162132E-04
8,5,126.708054,25.2972717,31.6215248,8.44162132E-04
8,6,126.708054,31.6215248,37.9463463,8.44162132E-04
8,7,126.708054,37.9463463,44.2677193,8.44162132E-04
8,8,126.708054,44.2677193,50.6057777,8.44162132E-04
8,9,126.708054,50.6057777,56.8785172,8.44162132E-04
8,10,126.708054,56.8785172,63.3597450,8.44162132E-04
8,11,126.708054,63.3597450,69.2993011,8.44162132E-04
8,12,126.708054,69.2993011,76.3711929,8.44162132E-04
8,13,126.708054,76.3711929,81.5891037,8.44162132E-04
8,14,126.708054,81.5891037,89.0438538,8.44162132E-04
8,15,126.708054,89.0438538,94.8323898,8.44162132E-04
8,16,126.708054,94.8323898,100.721840,8.44162132E-04
8,17,126.708054,100.721840,107.953773,8.44162132E-04
8,18,126.708054,107.953773,114.021141,8.44162132E-04
8,19,126.708054,114.021141,119.537163,8.44162132E-04
8,20,126.708054,119.537163,126.708054,8.44162132E-04
9,1,113.396996,0.00000000,5.65785265,8.77795159E-04
9,2,113.396996,5.65785265,11.3160381,8.77795159E-04
9,3,113.396996,11.3160381,16.9704971,8.77795159E-04
9,4,113.396996,16.9704971,22.6501160,8.77795159E-04
9,5,113.396996,22.6501160,28.2172089,8.77795159E-04
9,6,113.396996,28.2172089,34.1285439,8.77795159E-04
9,7,113.396996,34.1285439,39.3326569,8.77795159E-04
9,8,113.396996,39.3326569,45.4068146,8.77795159E-04
9,9,113.396996,45.4068146,51.1805191,8.77795159E-04
9,10,113.396996,51.1805191,56.1091156,8.77795159E-04
9,11,113.396996,56.1091156,62.2148552,8.77795159E-04
9,12,113.396996,62.2148552,68.4801025,8.77795159E-04
9,13,113.396996,68.4801025,73.4464035,8.77795159E-04
9,14,113.396996,73.4464035,78.5666199,8.77795159E-04
9,15,113.396996,78.5666199,84.9071198,8.77795159E-04
9,16,113.396996,84.9071198,91.2091904,8.77795159E-04
9,17,113.396996,91.2091904,96.4179764,8.77795159E-04
9,18,113.396996,96.4179764,101.180580,8.77795159E-04
9,19,113.396996,101.180580,107.008575,8.77795159E-04
9,20,113.396996,107.008575,113.396996,8.77795159E-04
10,1,36.8975601,0.00000000,1.84939051,3.79192963E-04
10,2,36.8975601,1.84939051,3.69895267,3.79192963E-04
10,3,36.8975601,3.69895267,5.54668236,3.79192963E-04
10,4,36.8975601,5.54668236,7.40612030,3.79192963E-04
10,5,36.8975601,7.40612030,9.21635246,3.79192963E-04
10,6,36.8975601,9.21635246,11.1665497,3.79192963E-04
10,7,36.8975601,11.1665497,12.8541279,3.79192963E-04
10,8,36.8975601,12.8541279,14.8249264,3.79192963E-04
10,9,36.8975601,14.8249264,16.7370892,3.79192963E-04
10,10,36.8975601,16.7370892,18.4014111,3.79192963E-04
10,11,36.8975601,18.4014111,20.2464657,3.79192963E-04
10,12,36.8975601,20.2464657,22.3505611,3.79192963E-04
10,13,36.8975601,22.3505611,24.1378822,3.79192963E-04
10,14,36.8975601,24.1378822,25.7140751,3.79192963E-04
10,15,36.8975601,25.7140751,27.6021175,3.79192963E-04
10,16,36.8975601,27.6021175,29.7373657,3.79192963E-04
10,17,36.8975601,29.7373657,31.6484966,3.79192963E-04
10,18,36.8975601,31.6484966,33.2526894,3.79192963E-04
10,19,36.8975601,33.2526894,34.8753510,3.79192963E-04
10,20,36.8975601,34.8753510,36.8975601,3.79192963E-04
11,1,448.498291,0.00000000,22.3843899,3.81555117E-04
11,2,448.498291,22.3843899,44.7687912,3.81555117E-04
11,3,448.498291,44.7687912,67.1531754,3.81555117E-04
11,4,448.498291,67.1531754,89.5375824,3.81555117E-04
11,5,448.498291,89.5375824,111.921967,3.81555117E-04
11,6,448.498291,111.921967,134.306366,3.81555117E-04
11,7,448.498291,134.306366,156.690735,3.81555117E-04
11,8,448.498291,156.690735,179.075165,3.81555117E-04
11,9,448.498291,179.075165,201.459335,3.81555117E-04
11,10,448.498291,201.459335,223.845032,3.81555117E-04
11,11,448.498291,223.845032,246.223236,3.81555117E-04
11,12,448.498291,246.223236,268.632477,3.81555117E-04
11,13,448.498291,268.632477,290.932129,3.81555117E-04
11,14,448.498291,290.932129,313.565002,3.81555117E-04
11,15,448.498291,313.565002,335.325317,3.81555117E-04
11,16,448.498291,335.325317,359.039886,3.81555117E-04
11,17,448.498291,359.039886,379.057343,3.81555117E-04
11,18,448.498291,379.057343,404.851929,3.81555117E-04
11,19,448.498291,404.851929,423.501099,3.81555117E-04
11,20,448.498291,423.501099,448.498291,3.81555117E-04
12,1,166.147949,0.00000000,8.32225990,2.01166535E-04
12,2,166.147949,8.32225990,16.6445312,2.01166535E-04
12,3,166.147949,16.6445312,24.9667664,2.01166535E-04
12,4,166.147949,24.9667664,33.2890434,2.01166535E-04
12,5,166.147949,33.2890434,41.6112976,2.01166535E-04
12,6,166.147949,41.6112976,49.9335747,2.01166535E-04
12,7,166.147949,49.9335747,58.2556763,2.01166535E-04
12,8,166.147949,58.2556763,66.5789413,2.01166535E-04
12,9,166.147949,66.5789413,74.8962250,2.01166535E-04
12,10,166.147949,74.8962250,83.2386627,2.01166535E-04
12,11,166.147949,83.2386627,91.4925232,2.01166535E-04
12,12,166.147949,91.4925232,100.008469,2.01166535E-04
12,13,166.147949,100.008469,107.876129,2.01166535E-04
12,14,166.147949,107.876129,117.069046,2.01166535E-04
12,15,166.147949,117.069046,124.073868,2.01166535E-04
12,16,166.147949,124.073868,133.860962,2.01166535E-04
12,17,166.147949,133.860962,141.233490,2.01166535E-04
12,18,166.147949,141.233490,149.384033,2.01166535E-04
12,19,166.147949,149.384033,158.839096,2.01166535E-04
12,20,166.147949,158.839096,166.147949,2.01166535E-04
13,1,1478.50012,0.00000000,73.9232635,9.02393716E-04
13,2,1478.50012,73.9232635,147.846527,9.02393716E-04
13,3,1478.50012,147.846527,221.769775,9.02393716E-04
13,4,1478.50012,221.769775,295.693115,9.02393716E-04
13,5,1478.50012,295.693115,369.616150,9.02393716E-04
13,6,1478.50012,369.616150,443.539612,9.02393716E-04
13,7,1478.50012,443.539612,517.462830,9.02393716E-04
13,8,1478.50012,517.462830,591.386292,9.02393716E-04
13,9,1478.50012,591.386292,665.307556,9.02393716E-04
13,10,1478.50012,665.307556,739.241516,9.02393716E-04
13,11,1478.50012,739.241516,813.118896,9.02393716E-04
13,12,1478.50012,813.118896,887.211548,9.02393716E-04
13,13,1478.50012,887.211548,960.596130,9.02393716E-04
13,14,1478.50012,960.596130,1035.98376,9.02393716E-04
13,15,1478.50012,1035.98376,1106.52820,9.02393716E-04
13,16,1478.50012,1106.52820,1186.98145,9.02393716E-04
13,17,1478.50012,1186.98145,1250.57983,9.02393716E-04
13,18,1478.50012,1250.57983,1337.26819,9.02393716E-04
13,19,1478.50012,1337.26819,1400.09009,9.02393716E-04
13,20,1478.50012,1400.09009,1478.50012,9.02393716E-04
14,1,625.884521,0.00000000,31.2889080,2.30278354E-03
14,2,625.884521,31.2889080,62.5778160,2.30278354E-03
14,3,625.884521,62.5778160,93.8667297,2.30278354E-03
14,4,625.884521,93.8667297,125.155632,2.30278354E-03
14,5,625.884521,125.155632,156.444565,2.30278354E-03
14,6,625.884521,156.444565,187.733521,2.30278354E-03
14,7,625.884521,187.733521,219.022430,2.30278354E-03
14,8,625.884521,219.022430,250.311325,2.30278354E-03
14,9,625.884521,250.311325,281.600311,2.30278354E-03
14,10,625.884521,281.600311,312.889282,2.30278354E-03
14,11,625.884521,312.889282,344.178253,2.30278354E-03
14,12,625.884521,344.178253,375.467194,2.30278354E-03
14,13,625.884521,375.467194,406.756226,2.30278354E-03
14,14,625.884521,406.756226,438.045624,2.30278354E-03
14,15,625.884521,438.045624,469.335907,2.30278354E-03
14,16,625.884521,469.335907,500.627899,2.30278354E-03
14,17,625.884521,500.627899,531.923462,2.30278354E-03
14,18,625.884521,531.923462,563.226257,2.30278354E-03
14,19,625.884521,563.226257,594.542847,2.30278354E-03
14,20,625.884521,594.542847,625.884521,2.30278354E-03
15,1,825.824768,765.061218,768.315186,1.97161411E-04
15,2,825.824768,768.315186,770.157227,1.97161411E-04
15,3,825.824768,770.157227,774.041321,1.97161411E-04
15,4,825.824768,774.041321,777.649597,1.97161411E-04
15,5,825.824768,777.649597,779.112366,1.97161411E-04
15,6,825.824768,779.112366,782.931519,1.97161411E-04
15,7,825.824768,782.931519,786.956116,1.97161411E-04
15,8,825.824768,786.956116,788.377625,1.97161411E-04
15,9,825.824768,788.377625,791.534729,1.97161411E-04
15,10,825.824768,791.534729,796.181763,1.97161411E-04
15,11,825.824768,796.181763,797.615784,1.97161411E-04
15,12,825.824768,797.615784,801.341370,1.97161411E-04
15,13,825.824768,801.341370,802.909607,1.97161411E-04
15,14,825.824768,802.909607,809.229309,1.97161411E-04
15,15,825.824768,809.229309,810.058167,1.97161411E-04
15,16,825.824768,810.058167,809.911072,1.97161411E-04
15,17,825.824768,809.911072,821.174866,1.97161411E-04
15,18,825.824768,821.174866,815.946838,1.97161411E-04
15,19,825.824768,815.946838,823.395813,1.97161411E-04
15,20,825.824768,823.395813,825.824768,1.97161411E-04
16,1,239.463593,126.708054,132.152039,6.47792593E-04
16,2,239.463593,132.152039,136.800446,6.47792593E-04
16,3,239.463593,136.800446,142.528870,6.47792593E-04
16,4,239.463593,142.528870,148.306946,6.47792593E-04
16,5,239.463593,148.306946,153.178604,6.47792593E-04
16,6,239.463593,153.178604,158.219589,6.47792593E-04
16,7,239.463593,158.219589,164.278198,6.47792593E-04
16,8,239.463593,164.278198,169.767319,6.47792593E-04
16,9,239.463593,169.767319,174.218079,6.47792593E-04
16,10,239.463593,174.218079,179.741562,6.47792593E-04
16,11,239.463593,179.741562,186.135696,6.47792593E-04
16,12,239.463593,186.135696,190.864731,6.47792593E-04
16,13,239.463593,190.864731,195.780426,6.47792593E-04
16,14,239.463593,195.780426,200.263763,6.47792593E-04
16,15,239.463593,200.263763,210.321701,6.47792593E-04
16,16,239.463593,210.321701,207.302475,6.47792593E-04
16,17,239.463593,207.302475,224.325409,6.47792593E-04
16,18,239.463593,224.325409,214.533508,6.47792593E-04
16,19,239.463593,214.533508,233.246536,6.47792593E-04
16,20,239.463593,233.246536,239.463593,6.47792593E-04
17,1,1374.98364,166.147949,226.655029,1.06559880E-03
17,2,1374.98364,226.655029,287.857330,1.06559880E-03
17,3,1374.98364,287.857330,348.797791,1.06559880E-03
17,4,1374.98364,348.797791,408.816925,1.06559880E-03
17,5,1374.98364,408.816925,468.895111,1.06559880E-03
17,6,1374.98364,468.895111,530.154053,1.06559880E-03
17,7,1374.98364,530.154053,591.487671,1.06559880E-03
17,8,1374.98364,591.487671,651.759277,1.06559880E-03
17,9,1374.98364,651.759277,710.816162,1.06559880E-03
17,10,1374.98364,710.816162,773.306458,1.06559880E-03
17,11,1374.98364,773.306458,831.247437,1.06559880E-03
17,12,1374.98364,831.247437,898.618347,1.06559880E-03
17,13,1374.98364,898.618347,950.333252,1.06559880E-03
17,14,1374.98364,950.333252,1015.90466,1.06559880E-03
17,15,1374.98364,1015.90466,1077.55310,1.06559880E-03
17,16,1374.98364,1077.55310,1132.82715,1.06559880E-03
17,17,1374.98364,1132.82715,1198.59338,1.06559880E-03
17,18,1374.98364,1198.59338,1261.51160,1.06559880E-03
17,19,1374.98364,1261.51160,1314.83008,1.06559880E-03
17,20,1374.98364,1314.83008,1374.98364,1.06559880E-03
18,1,545.675537,448.498291,453.524445,4.99086571E-04
18,2,545.675537,453.524445,458.405792,4.99086571E-04
18,3,545.675537,458.405792,463.930115,4.99086571E-04
18,4,545.675537,463.930115,467.678864,4.99086571E-04
18,5,545.675537,467.678864,472.175690,4.99086571E-04
18,6,545.675537,472.175690,477.017822,4.99086571E-04
18,7,545.675537,477.017822,481.154999,4.99086571E-04
18,8,545.675537,481.154999,484.821442,4.99086571E-04
18,9,545.675537,484.821442,488.919769,4.99086571E-04
18,10,545.675537,488.919769,493.914276,4.99086571E-04
18,11,545.675537,493.914276,499.543945,4.99086571E-04
18,12,545.675537,499.543945,505.245483,4.99086571E-04
18,13,545.675537,505.245483,510.642517,4.99086571E-04
18,14,545.675537,510.642517,515.727783,4.99086571E-04
18,15,545.675537,515.727783,520.720947,4.99086571E-04
18,16,545.675537,520.720947,525.824646,4.99086571E-04
18,17,545.675537,525.824646,531.059937,4.99086571E-04
18,18,545.675537,531.059937,536.260559,4.99086571E-04
18,19,545.675537,536.260559,541.188110,4.99086571E-04
18,20,545.675537,541.188110,545.675537,4.99086571E-04
19,1,355.324463,239.463593,228.517960,1.52852910E-04
19,2,355.324463,228.517960,257.129730,1.52852910E-04
19,3,355.324463,257.129730,231.786026,1.52852910E-04
19,4,355.324463,231.786026,271.010559,1.52852910E-04
19,5,355.324463,271.010559,240.276962,1.52852910E-04
19,6,355.324463,240.276962,278.809326,1.52852910E-04
19,7,355.324463,278.809326,255.218140,1.52852910E-04
19,8,355.324463,255.218140,280.156189,1.52852910E-04
19,9,355.324463,280.156189,276.220612,1.52852910E-04
19,10,355.324463,276.220612,276.512329,1.52852910E-04
19,11,355.324463,276.512329,299.994263,1.52852910E-04
19,12,355.324463,299.994263,273.816956,1.52852910E-04
19,13,355.324463,273.816956,317.760620,1.52852910E-04
19,14,355.324463,317.760620,282.583496,1.52852910E-04
19,15,355.324463,282.583496,319.868103,1.52852910E-04
19,16,355.324463,319.868103,308.084595,1.52852910E-04
19,17,355.324463,308.084595,308.569763,1.52852910E-04
19,18,355.324463,308.569763,339.283691,1.52852910E-04
19,19,355.324463,339.283691,302.044159,1.52852910E-04
19,20,355.324463,302.044159,355.324463,1.52852910E-04
20,1,863.365967,862.722351,861.497620,4.83116710E-05
20,2,863.365967,861.497620,860.766113,4.83116710E-05
20,3,863.365967,860.766113,860.937012,4.83116710E-05
20,4,863.365967,860.937012,861.278625,4.83116710E-05
20,5,863.365967,861.278625,862.364746,4.83116710E-05
20,6,863.365967,862.364746,863.643921,4.83116710E-05
20,7,863.365967,863.643921,864.515686,4.83116710E-05
20,8,863.365967,864.515686,864.919128,4.83116710E-05
20,9,863.365967,864.919128,865.034119,4.83116710E-05
20,10,863.365967,865.034119,864.933655,4.83116710E-05
20,11,863.365967,864.933655,864.540039,4.83116710E-05
20,12,863.365967,864.540039,863.817078,4.83116710E-05
20,13,863.365967,863.817078,862.876831,4.83116710E-05
20,14,863.365967,862.876831,861.960022,4.83116710E-05
20,15,863.365967,861.960022,861.315857,4.83116710E-05
20,16,863.365967,861.315857,861.086365,4.83116710E-05
20,17,863.365967,861.086365,861.287415,4.83116710E-05
20,18,863.365967,861.287415,861.823181,4.83116710E-05
20,19,863.365967,861.823181,862.555786,4.83116710E-05
20,20,863.365967,862.555786,863.365967,4.83116710E-05
21,1,1513.25037,1374.98364,1382.97620,1.37813669E-03
21,2,1513.25037,1382.97620,1389.16675,1.37813669E-03
21,3,1513.25037,1389.16675,1397.88403,1.37813669E-03
21,4,1513.25037,1397.88403,1406.78882,1.37813669E-03
21,5,1513.25037,1406.78882,1414.49878,1.37813669E-03
21,6,1513.25037,1414.49878,1421.25195,1.37813669E-03
21,7,1513.25037,1421.25195,1427.87598,1.37813669E-03
21,8,1513.25037,1427.87598,1434.98181,1.37813669E-03
21,9,1513.25037,1434.98181,1442.68738,1.37813669E-03
21,10,1513.25037,1442.68738,1450.69702,1.37813669E-03
21,11,1513.25037,1450.69702,1458.56970,1.37813669E-03
21,12,1513.25037,1458.56970,1465.93359,1.37813669E-03
21,13,1513.25037,1465.93359,1472.60950,1.37813669E-03
21,14,1513.25037,1472.60950,1478.63269,1.37813669E-03
21,15,1513.25037,1478.63269,1484.20422,1.37813669E-03
21,16,1513.25037,1484.20422,1489.59326,1.37813669E-03
21,17,1513.25037,1489.59326,1495.05969,1.37813669E-03
21,18,1513.25037,1495.05969,1500.78699,1.37813669E-03
21,19,1513.25037,1500.78699,1506.85583,1.37813669E-03
21,20,1513.25037,1506.85583,1513.25037,1.37813669E-03
22,1,951.517578,545.675537,564.072021,8.68467789E-04
22,2,951.517578,564.072021,582.686890,8.68467789E-04
22,3,951.517578,582.686890,603.541626,8.68467789E-04
22,4,951.517578,603.541626,626.128418,8.68467789E-04
22,5,951.517578,626.128418,647.842285,8.68467789E-04
22,6,951.517578,647.842285,669.295532,8.68467789E-04
22,7,951.517578,669.295532,687.774658,8.68467789E-04
22,8,951.517578,687.774658,709.086304,8.68467789E-04
22,9,951.517578,709.086304,729.032593,8.68467789E-04
22,10,951.517578,729.032593,747.491455,8.68467789E-04
22,11,951.517578,747.491455,767.629517,8.68467789E-04
22,12,951.517578,767.629517,789.093506,8.68467789E-04
22,13,951.517578,789.093506,810.339233,8.68467789E-04
22,14,951.517578,810.339233,831.729248,8.68467789E-04
22,15,951.517578,831.729248,853.721558,8.68467789E-04
22,16,951.517578,853.721558,875.043091,8.68467789E-04
22,17,951.517578,875.043091,894.266479,8.68467789E-04
22,18,951.517578,894.266479,912.021973,8.68467789E-04
22,19,951.517578,912.021973,930.588013,8.68467789E-04
22,20,951.517578,930.588013,951.517578,8.68467789E-04
23,1,517.908142,355.324463,359.188538,1.46367599E-03
23,2,517.908142,359.188538,347.232666,1.46367599E-03
23,3,517.908142,347.232666,336.677307,1.46367599E-03
23,4,517.908142,336.677307,350.916992,1.46367599E-03
23,5,517.908142,350.916992,356.643127,1.46367599E-03
23,6,517.908142,356.643127,399.338135,1.46367599E-03
23,7,517.908142,399.338135,406.267151,1.46367599E-03
23,8,517.908142,406.267151,405.711426,1.46367599E-03
23,9,517.908142,405.711426,419.903198,1.46367599E-03
23,10,517.908142,419.903198,427.125000,1.46367599E-03
23,11,517.908142,427.125000,418.777710,1.46367599E-03
23,12,517.908142,418.777710,414.583618,1.46367599E-03
23,13,517.908142,414.583618,430.173279,1.46367599E-03
23,14,517.908142,430.173279,456.614258,1.46367599E-03
23,15,517.908142,456.614258,474.709534,1.46367599E-03
23,16,517.908142,474.709534,478.273621,1.46367599E-03
23,17,517.908142,478.273621,477.816528,1.46367599E-03
23,18,517.908142,477.816528,485.567322,1.46367599E-03
23,19,517.908142,485.567322,502.150818,1.46367599E-03
23,20,517.908142,502.150818,517.908142,1.46367599E-03
24,1,1616.63049,1513.25037,1517.78491,3.38659185E-04
24,2,1616.63049,1517.78491,1521.43555,3.38659185E-04
24,3,1616.63049,1521.43555,1524.81653,3.38659185E-04
24,4,1616.63049,1524.81653,1531.08667,3.38659185E-04
24,5,1616.63049,1531.08667,1541.38220,3.38659185E-04
24,6,1616.63049,1541.38220,1549.97278,3.38659185E-04
24,7,1616.63049,1549.97278,1554.10291,3.38659185E-04
24,8,1616.63049,1554.10291,1556.76343,3.38659185E-04
24,9,1616.63049,1556.76343,1559.09241,3.38659185E-04
24,10,1616.63049,1559.09241,1562.12256,3.38659185E-04
24,11,1616.63049,1562.12256,1567.04749,3.38659185E-04
24,12,1616.63049,1567.04749,1573.07129,3.38659185E-04
24,13,1616.63049,1573.07129,1578.43042,3.38659185E-04
24,14,1616.63049,1578.43042,1583.18774,3.38659185E-04
24,15,1616.63049,1583.18774,1589.32788,3.38659185E-04
24,16,1616.63049,1589.32788,1598.00830,3.38659185E-04
24,17,1616.63049,1598.00830,1607.60693,3.38659185E-04
24,18,1616.63049,1607.60693,1614.81128,3.38659185E-04
24,19,1616.63049,1614.81128,1617.50586,3.38659185E-04
24,20,1616.63049,1617.50586,1616.63049,3.38659185E-04
25,1,2547.49390,2430.01758,2436.96533,7.18329800E-04
25,2,2547.49390,2436.96533,2442.78955,7.18329800E-04
25,3,2547.49390,2442.78955,2454.54639,7.18329800E-04
25,4,2547.49390,2454.54639,2460.32544,7.18329800E-04
25,5,2547.49390,2460.32544,2464.92090,7.18329800E-04
25,6,2547.49390,2464.92090,2472.12329,7.18329800E-04
25,7,2547.49390,2472.12329,2480.20044,7.18329800E-04
25,8,2547.49390,2480.20044,2486.09155,7.18329800E-04
25,9,2547.49390,2486.09155,2488.85449,7.18329800E-04
25,10,2547.49390,2488.85449,2489.95068,7.18329800E-04
25,11,2547.49390,2489.95068,2491.59473,7.18329800E-04
25,12,2547.49390,2491.59473,2495.26978,7.18329800E-04
25,13,2547.49390,2495.26978,2501.10352,7.18329800E-04
25,14,2547.49390,2501.10352,2508.23120,7.18329800E-04
25,15,2547.49390,2508.23120,2515.54224,7.18329800E-04
25,16,2547.49390,2515.54224,2522.27759,7.18329800E-04
25,17,2547.49390,2522.27759,2528.34644,7.18329800E-04
25,18,2547.49390,2528.34644,2534.17651,7.18329800E-04
25,19,2547.49390,2534.17651,2540.39966,7.18329800E-04
25,20,2547.49390,2540.39966,2547.49390,7.18329800E-04
26,1,831.018005,517.908142,509.124023,2.50684068E-04
26,2,831.018005,509.124023,545.571899,2.50684068E-04
26,3,831.018005,545.571899,557.407898,2.50684068E-04
26,4,831.018005,557.407898,554.381531,2.50684068E-04
26,5,831.018005,554.381531,607.957764,2.50684068E-04
26,6,831.018005,607.957764,582.956970,2.50684068E-04
26,7,831.018005,582.956970,624.734802,2.50684068E-04
26,8,831.018005,624.734802,641.179993,2.50684068E-04
26,9,831.018005,641.179993,633.225891,2.50684068E-04
26,10,831.018005,633.225891,681.686035,2.50684068E-04
26,11,831.018005,681.686035,673.572266,2.50684068E-04
26,12,831.018005,673.572266,696.914856,2.50684068E-04
26,13,831.018005,696.914856,717.731812,2.50684068E-04
26,14,831.018005,717.731812,727.736450,2.50684068E-04
26,15,831.018005,727.736450,744.224060,2.50684068E-04
26,16,831.018005,744.224060,760.318298,2.50684068E-04
26,17,831.018005,760.318298,786.715088,2.50684068E-04
26,18,831.018005,786.715088,777.483948,2.50684068E-04
26,19,831.018005,777.483948,820.730652,2.50684068E-04
26,20,831.018005,820.730652,831.018005,2.50684068E-04
27,1,2375.09668,1616.63049,1647.04395,1.94826163E-03
27,2,2375.09668,1647.04395,1682.00024,1.94826163E-03
27,3,2375.09668,1682.00024,1722.36670,1.94826163E-03
27,4,2375.09668,1722.36670,1765.66577,1.94826163E-03
27,5,2375.09668,1765.66577,1805.78003,1.94826163E-03
27,6,2375.09668,1805.78003,1846.57751,1.94826163E-03
27,7,2375.09668,1846.57751,1879.82654,1.94826163E-03
27,8,2375.09668,1879.82654,1916.93481,1.94826163E-03
27,9,2375.09668,1916.93481,1957.29468,1.94826163E-03
27,10,2375.09668,1957.29468,1994.27930,1.94826163E-03
27,11,2375.09668,1994.27930,2029.39294,1.94826163E-03
27,12,2375.09668,2029.39294,2065.61523,1.94826163E-03
27,13,2375.09668,2065.61523,2101.00439,1.94826163E-03
27,14,2375.09668,2101.00439,2133.87842,1.94826163E-03
27,15,2375.09668,2133.87842,2167.65723,1.94826163E-03
27,16,2375.09668,2167.65723,2207.24414,1.94826163E-03
27,17,2375.09668,2207.24414,2252.80957,1.94826163E-03
27,18,2375.09668,2252.80957,2299.11670,1.94826163E-03
27,19,2375.09668,2299.11670,2340.40771,1.94826163E-03
27,20,2375.09668,2340.40771,2375.09668,1.94826163E-03
28,1,4629.59570,2547.49390,2660.12598,1.42349559E-03
28,2,4629.59570,2660.12598,2747.64746,1.42349559E-03
28,3,4629.59570,2747.64746,2853.73755,1.42349559E-03
28,4,4629.59570,2853.73755,2976.90576,1.42349559E-03
28,5,4629.59570,2976.90576,3063.05786,1.42349559E-03
28,6,4629.59570,3063.05786,3161.04126,1.42349559E-03
28,7,4629.59570,3161.04126,3279.56519,1.42349559E-03
28,8,4629.59570,3279.56519,3382.50146,1.42349559E-03
28,9,4629.59570,3382.50146,3480.97900,1.42349559E-03
28,10,4629.59570,3480.97900,3578.06616,1.42349559E-03
28,11,4629.59570,3578.06616,3689.89673,1.42349559E-03
28,12,4629.59570,3689.89673,3804.22827,1.42349559E-03
28,13,4629.59570,3804.22827,3890.09814,1.42349559E-03
28,14,4629.59570,3890.09814,3991.69043,1.42349559E-03
28,15,4629.59570,3991.69043,4113.35986,1.42349559E-03
28,16,4629.59570,4113.35986,4214.12695,1.42349559E-03
28,17,4629.59570,4214.12695,4297.90625,1.42349559E-03
28,18,4629.59570,4297.90625,4424.50098,1.42349559E-03
28,19,4629.59570,4424.50098,4511.58496,1.42349559E-03
28,20,4629.59570,4511.58496,4629.59570,1.42349559E-03
29,1,984.717896,912.332825,899.956726,2.91514007E-04
29,2,984.717896,899.956726,889.047546,2.91514007E-04
29,3,984.717896,889.047546,886.525757,2.91514007E-04
29,4,984.717896,886.525757,896.127747,2.91514007E-04
29,5,984.717896,896.127747,915.499451,2.91514007E-04
29,6,984.717896,915.499451,938.916199,2.91514007E-04
29,7,984.717896,938.916199,956.926025,2.91514007E-04
29,8,984.717896,956.926025,965.760010,2.91514007E-04
29,9,984.717896,965.760010,965.945801,2.91514007E-04
29,10,984.717896,965.945801,953.537170,2.91514007E-04
29,11,984.717896,953.537170,942.007812,2.91514007E-04
29,12,984.717896,942.007812,934.416321,2.91514007E-04
29,13,984.717896,934.416321,930.639282,2.91514007E-04
29,14,984.717896,930.639282,934.802307,2.91514007E-04
29,15,984.717896,934.802307,946.508606,2.91514007E-04
29,16,984.717896,946.508606,960.208252,2.91514007E-04
29,17,984.717896,960.208252,971.899658,2.91514007E-04
29,18,984.717896,971.899658,980.318298,2.91514007E-04
29,19,984.717896,980.318298,984.604492,2.91514007E-04
29,20,984.717896,984.604492,984.717896,2.91514007E-04
30,1,2746.88135,2375.09668,2380.78516,6.09690906E-04
30,2,2746.88135,2380.78516,2396.88477,6.09690906E-04
30,3,2746.88135,2396.88477,2423.24927,6.09690906E-04
30,4,2746.88135,2423.24927,2449.00635,6.09690906E-04
30,5,2746.88135,2449.00635,2471.04712,6.09690906E-04
30,6,2746.88135,2471.04712,2485.25977,6.09690906E-04
30,7,2746.88135,2485.25977,2497.36475,6.09690906E-04
30,8,2746.88135,2497.36475,2520.22461,6.09690906E-04
30,9,2746.88135,2520.22461,2548.34204,6.09690906E-04
30,10,2746.88135,2548.34204,2567.92163,6.09690906E-04
30,11,2746.88135,2567.92163,2584.53076,6.09690906E-04
30,12,2746.88135,2584.53076,2605.24219,6.09690906E-04
30,13,2746.88135,2605.24219,2625.87598,6.09690906E-04
30,14,2746.88135,2625.87598,2634.33472,6.09690906E-04
30,15,2746.88135,2634.33472,2658.43701,6.09690906E-04
30,16,2746.88135,2658.43701,2689.95508,6.09690906E-04
30,17,2746.88135,2689.95508,2718.37427,6.09690906E-04
30,18,2746.88135,2718.37427,2729.58594,6.09690906E-04
30,19,2746.88135,2729.58594,2725.35229,6.09690906E-04
30,20,2746.88135,2725.35229,2746.88135,6.09690906E-04
31,1,5056.13525,5019.83057,5014.50098,2.19099980E-04
31,2,5056.13525,5014.50098,5004.27588,2.19099980E-04
31,3,5056.13525,5004.27588,4998.10693,2.19099980E-04
31,4,5056.13525,4998.10693,4999.78564,2.19099980E-04
31,5,5056.13525,4999.78564,5016.42090,2.19099980E-04
31,6,5056.13525,5016.42090,5022.65283,2.19099980E-04
31,7,5056.13525,5022.65283,5054.10449,2.19099980E-04
31,8,5056.13525,5054.10449,5041.48730,2.19099980E-04
31,9,5056.13525,5041.48730,5036.48828,2.19099980E-04
31,10,5056.13525,5036.48828,5044.79932,2.19099980E-04
31,11,5056.13525,5044.79932,5038.75098,2.19099980E-04
31,12,5056.13525,5038.75098,5035.59326,2.19099980E-04
31,13,5056.13525,5035.59326,5057.12207,2.19099980E-04
31,14,5056.13525,5057.12207,5084.35986,2.19099980E-04
31,15,5056.13525,5084.35986,5087.54736,2.19099980E-04
31,16,5056.13525,5087.54736,5067.03955,2.19099980E-04
31,17,5056.13525,5067.03955,5046.54102,2.19099980E-04
31,18,5056.13525,5046.54102,5041.68164,2.19099980E-04
31,19,5056.13525,5041.68164,5048.20410,2.19099980E-04
31,20,5056.13525,5048.20410,5056.13525,2.19099980E-04
32,1,15845.1611,3372.76587,3398.89282,2.70126591E-04
32,2,15845.1611,3398.89282,3402.02271,2.70126591E-04
32,3,15845.1611,3402.02271,3411.07129,2.70126591E-04
32,4,15845.1611,3411.07129,3422.33740,2.70126591E-04
32,5,15845.1611,3422.33740,3439.63232,2.70126591E-04
32,6,15845.1611,3439.63232,3467.15723,2.70126591E-04
32,7,15845.1611,3467.15723,3511.19751,2.70126591E-04
32,8,15845.1611,3511.19751,3580.01196,2.70126591E-04
32,9,15845.1611,3580.01196,3684.06470,2.70126591E-04
32,10,15845.1611,3684.06470,3836.64355,2.70126591E-04
32,11,15845.1611,3836.64355,4055.48926,2.70126591E-04
32,12,15845.1611,4055.48926,4365.75342,2.70126591E-04
32,13,15845.1611,4365.75342,4803.77588,2.70126591E-04
32,14,15845.1611,4803.77588,5419.89209,2.70126591E-04
32,15,15845.1611,5419.89209,6277.41797,2.70126591E-04
32,16,15845.1611,6277.41797,7444.99365,2.70126591E-04
32,17,15845.1611,7444.99365,8981.46582,2.70126591E-04
32,18,15845.1611,8981.46582,10915.9717,2.70126591E-04
32,19,15845.1611,10915.9717,13229.4502,2.70126591E-04
32,20,15845.1611,13229.4502,15845.1611,2.70126591E-04
33,1,5953.86035,5513.75830,5534.30176,2.02944758E-03
33,2,5953.86035,5534.30176,5556.57275,2.02944758E-03
33,3,5953.86035,5556.57275,5580.88867,2.02944758E-03
33,4,5953.86035,5580.88867,5608.88672,2.02944758E-03
33,5,5953.86035,5608.88672,5641.10449,2.02944758E-03
33,6,5953.86035,5641.10449,5673.31152,2.02944758E-03
33,7,5953.86035,5673.31152,5704.10596,2.02944758E-03
33,8,5953.86035,5704.10596,5731.73486,2.02944758E-03
33,9,5953.86035,5731.73486,5753.45752,2.02944758E-03
33,10,5953.86035,5753.45752,5768.31445,2.02944758E-03
33,11,5953.86035,5768.31445,5778.10986,2.02944758E-03
33,12,5953.86035,5778.10986,5786.03711,2.02944758E-03
33,13,5953.86035,5786.03711,5794.87256,2.02944758E-03
33,14,5953.86035,5794.87256,5806.40283,2.02944758E-03
33,15,5953.86035,5806.40283,5821.70947,2.02944758E-03
33,16,5953.86035,5821.70947,5841.47266,2.02944758E-03
33,17,5953.86035,5841.47266,5865.87793,2.02944758E-03
33,18,5953.86035,5865.87793,5894.13916,2.02944758E-03
33,19,5953.86035,5894.13916,5924.35693,2.02944758E-03
33,20,5953.86035,5924.35693,5953.86035,2.02944758E-03
34,1,26688.6289,15845.1611,16409.4102,1.85847442E-04
34,2,26688.6289,16409.4102,16980.1328,1.85847442E-04
34,3,26688.6289,16980.1328,17555.8848,1.85847442E-04
34,4,26688.6289,17555.8848,18135.1699,1.85847442E-04
34,5,26688.6289,18135.1699,18716.4648,1.85847442E-04
34,6,26688.6289,18716.4648,19298.2168,1.85847442E-04
34,7,26688.6289,19298.2168,19878.8750,1.85847442E-04
34,8,26688.6289,19878.8750,20456.8906,1.85847442E-04
34,9,26688.6289,20456.8906,21030.7383,1.85847442E-04
34,10,26688.6289,21030.7383,21598.9277,1.85847442E-04
34,11,26688.6289,21598.9277,22160.0137,1.85847442E-04
34,12,26688.6289,22160.0137,22712.6094,1.85847442E-04
34,13,26688.6289,22712.6094,23255.4004,1.85847442E-04
34,14,26688.6289,23255.4004,23787.1484,1.85847442E-04
34,15,26688.6289,23787.1484,24306.7090,1.85847442E-04
34,16,26688.6289,24306.7090,24813.0332,1.85847442E-04
34,17,26688.6289,24813.0332,25305.1719,1.85847442E-04
34,18,26688.6289,25305.1719,25782.2852,1.85847442E-04
34,19,26688.6289,25782.2852,26243.6426,1.85847442E-04
34,20,26688.6289,26243.6426,26688.6289,1.85847442E-04
35,1,27003.5566,26688.6289,26704.1172,5.27754193E-03
35,2,27003.5566,26704.1172,26720.3574,5.27754193E-03
35,3,27003.5566,26720.3574,26736.1113,5.27754193E-03
35,4,27003.5566,26736.1113,26751.3691,5.27754193E-03
35,5,27003.5566,26751.3691,26766.5527,5.27754193E-03
35,6,27003.5566,26766.5527,26782.1621,5.27754193E-03
35,7,27003.5566,26782.1621,26798.2168,5.27754193E-03
35,8,27003.5566,26798.2168,26814.5020,5.27754193E-03
35,9,27003.5566,26814.5020,26830.6777,5.27754193E-03
35,10,27003.5566,26830.6777,26846.5352,5.27754193E-03
35,11,27003.5566,26846.5352,26862.0469,5.27754193E-03
35,12,27003.5566,26862.0469,26877.2188,5.27754193E-03
35,13,27003.5566,26877.2188,26892.2891,5.27754193E-03
35,14,27003.5566,26892.2891,26907.3906,5.27754193E-03
35,15,27003.5566,26907.3906,26922.8047,5.27754193E-03
35,16,27003.5566,26922.8047,26938.5410,5.27754193E-03
35,17,27003.5566,26938.5410,26954.6543,5.27754193E-03
35,18,27003.5566,26954.6543,26970.9082,5.27754193E-03
35,19,27003.5566,26970.9082,26987.2793,5.27754193E-03
35,20,27003.5566,26987.2793,27003.5566,5.27754193E-03
36,1,40708.5312,31633.1523,32617.5098,3.52246244E-03
36,2,40708.5312,32617.5098,33518.0664,3.52246244E-03
36,3,40708.5312,33518.0664,34336.5391,3.52246244E-03
36,4,40708.5312,34336.5391,35076.4922,3.52246244E-03
36,5,40708.5312,35076.4922,35742.7461,3.52246244E-03
36,6,40708.5312,35742.7461,36340.8867,3.52246244E-03
36,7,40708.5312,36340.8867,36876.9102,3.52246244E-03
36,8,40708.5312,36876.9102,37356.9727,3.52246244E-03
36,9,40708.5312,37356.9727,37787.1641,3.52246244E-03
36,10,40708.5312,37787.1641,38173.4062,3.52246244E-03
36,11,40708.5312,38173.4062,38521.3203,3.52246244E-03
36,12,40708.5312,38521.3203,38836.1680,3.52246244E-03
36,13,40708.5312,38836.1680,39122.8906,3.52246244E-03
36,14,40708.5312,39122.8906,39386.0781,3.52246244E-03
36,15,40708.5312,39386.0781,39630.0742,3.52246244E-03
36,16,40708.5312,39630.0742,39859.0625,3.52246244E-03
36,17,40708.5312,39859.0625,40077.1289,3.52246244E-03
36,18,40708.5312,40077.1289,40288.4375,3.52246244E-03
36,19,40708.5312,40288.4375,40497.3477,3.52246244E-03
36,20,40708.5312,40497.3477,40708.5312,3.52246244E-03
37,1,69964.9609,40708.5312,40853.5742,1.42580830E-04
37,2,69964.9609,40853.5742,41025.6406,1.42580830E-04
37,3,69964.9609,41025.6406,41243.6484,1.42580830E-04
37,4,69964.9609,41243.6484,41529.3320,1.42580830E-04
37,5,69964.9609,41529.3320,41907.0898,1.42580830E-04
37,6,69964.9609,41907.0898,42403.4570,1.42580830E-04
37,7,69964.9609,42403.4570,43046.0742,1.42580830E-04
37,8,69964.9609,43046.0742,43862.2188,1.42580830E-04
37,9,69964.9609,43862.2188,44877.0586,1.42580830E-04
37,10,69964.9609,44877.0586,46111.7422,1.42580830E-04
37,11,69964.9609,46111.7422,47581.5820,1.42580830E-04
37,12,69964.9609,47581.5820,49294.5469,1.42580830E-04
37,13,69964.9609,49294.5469,51250.1055,1.42580830E-04
37,14,69964.9609,51250.1055,53438.7852,1.42580830E-04
37,15,69964.9609,53438.7852,55842.3203,1.42580830E-04
37,16,69964.9609,55842.3203,58434.3906,1.42580830E-04
37,17,69964.9609,58434.3906,61182.0117,1.42580830E-04
37,18,69964.9609,61182.0117,64047.1758,1.42580830E-04
37,19,69964.9609,64047.1758,66988.8516,1.42580830E-04
37,20,69964.9609,66988.8516,69964.9609,1.42580830E-04
38,1,105678.750,69964.9609,75172.4766,2.08173005E-04
38,2,105678.750,75172.4766,80201.1094,2.08173005E-04
38,3,105678.750,80201.1094,84874.7656,2.08173005E-04
38,4,105678.750,84874.7656,89065.6562,2.08173005E-04
38,5,105678.750,89065.6562,92699.0391,2.08173005E-04
38,6,105678.750,92699.0391,95749.8906,2.08173005E-04
38,7,105678.750,95749.8906,98234.1094,2.08173005E-04
38,8,105678.750,98234.1094,100197.500,2.08173005E-04
38,9,105678.750,100197.500,101704.914,2.08173005E-04
38,10,105678.750,101704.914,102830.445,2.08173005E-04
38,11,105678.750,102830.445,103649.508,2.08173005E-04
38,12,105678.750,103649.508,104232.906,2.08173005E-04
38,13,105678.750,104232.906,104642.805,2.08173005E-04
38,14,105678.750,104642.805,104930.492,2.08173005E-04
38,15,105678.750,104930.492,105135.906,2.08173005E-04
38,16,105678.750,105135.906,105288.352,2.08173005E-04
38,17,105678.750,105288.352,105408.062,2.08173005E-04
38,18,105678.750,105408.062,105508.211,2.08173005E-04
38,19,105678.750,105508.211,105596.883,2.08173005E-04
38,20,105678.750,105596.883,105678.750,2.08173005E-04
39,1,106689.531,105678.750,105735.516,6.83085746E-05
39,2,106689.531,105735.516,105790.594,6.83085746E-05
39,3,106689.531,105790.594,105844.391,6.83085746E-05
39,4,106689.531,105844.391,105897.219,6.83085746E-05
39,5,106689.531,105897.219,105949.305,6.83085746E-05
39,6,106689.531,105949.305,106000.812,6.83085746E-05
39,7,106689.531,106000.812,106051.898,6.83085746E-05
39,8,106689.531,106051.898,106102.672,6.83085746E-05
39,9,106689.531,106102.672,106153.211,6.83085746E-05
39,10,106689.531,106153.211,106203.609,6.83085746E-05
39,11,106689.531,106203.609,106253.883,6.83085746E-05
39,12,106689.531,106253.883,106304.039,6.83085746E-05
39,13,106689.531,106304.039,106354.055,6.83085746E-05
39,14,106689.531,106354.055,106403.891,6.83085746E-05
39,15,106689.531,106403.891,106453.438,6.83085746E-05
39,16,106689.531,106453.438,106502.516,6.83085746E-05
39,17,106689.531,106502.516,106550.938,6.83085746E-05
39,18,106689.531,106550.938,106598.438,6.83085746E-05
39,19,106689.531,106598.438,106644.719,6.83085746E-05
39,20,106689.531,106644.719,106689.531,6.83085746E-05
40,1,107643.977,106689.531,106738.711,5.04128635E-03
40,2,107643.977,106738.711,106787.742,5.04128635E-03
40,3,107643.977,106787.742,106836.648,5.04128635E-03
40,4,107643.977,106836.648,106885.414,5.04128635E-03
40,5,107643.977,106885.414,106934.031,5.04128635E-03
40,6,107643.977,106934.031,106982.508,5.04128635E-03
40,7,107643.977,106982.508,107030.812,5.04128635E-03
40,8,107643.977,107030.812,107078.961,5.04128635E-03
40,9,107643.977,107078.961,107126.945,5.04128635E-03
40,10,107643.977,107126.945,107174.766,5.04128635E-03
40,11,107643.977,107174.766,107222.430,5.04128635E-03
40,12,107643.977,107222.430,107269.922,5.04128635E-03
40,13,107643.977,107269.922,107317.258,5.04128635E-03
40,14,107643.977,107317.258,107364.430,5.04128635E-03
40,15,107643.977,107364.430,107411.414,5.04128635E-03
40,16,107643.977,107411.414,107458.242,5.04128635E-03
40,17,107643.977,107458.242,107504.922,5.04128635E-03
40,18,107643.977,107504.922,107551.430,5.04128635E-03
40,19,107643.977,107551.430,107597.789,5.04128635E-03
40,20,107643.977,107597.789,107643.977,5.04128635E-03
41,1,107792.227,107643.977,107652.383,1.07164946E-04
41,2,107792.227,107652.383,107660.680,1.07164946E-04
41,3,107792.227,107660.680,107668.844,1.07164946E-04
41,4,107792.227,107668.844,107676.875,1.07164946E-04
41,5,107792.227,107676.875,107684.797,1.07164946E-04
41,6,107792.227,107684.797,107692.586,1.07164946E-04
41,7,107792.227,107692.586,107700.273,1.07164946E-04
41,8,107792.227,107700.273,107707.852,1.07164946E-04
41,9,107792.227,107707.852,107715.336,1.07164946E-04
41,10,107792.227,107715.336,107722.719,1.07164946E-04
41,11,107792.227,107722.719,107730.000,1.07164946E-04
41,12,107792.227,107730.000,107737.188,1.07164946E-04
41,13,107792.227,107737.188,107744.305,1.07164946E-04
41,14,107792.227,107744.305,107751.344,1.07164946E-04
41,15,107792.227,107751.344,107758.305,1.07164946E-04
41,16,107792.227,107758.305,107765.195,1.07164946E-04
41,17,107792.227,107765.195,107772.031,1.07164946E-04
41,18,107792.227,107772.031,107778.805,1.07164946E-04
41,19,107792.227,107778.805,107785.539,1.07164946E-04
41,20,107792.227,107785.539,107792.227,1.07164946E-04
42,1,107903.883,107792.227,107797.711,5.27854194E-04
42,2,107903.883,107797.711,107803.195,5.27854194E-04
42,3,107903.883,107803.195,107808.664,5.27854194E-04
42,4,107903.883,107808.664,107814.148,5.27854194E-04
42,5,107903.883,107814.148,107819.625,5.27854194E-04
42,6,107903.883,107819.625,107825.102,5.27854194E-04
42,7,107903.883,107825.102,107830.570,5.27854194E-04
42,8,107903.883,107830.570,107836.055,5.27854194E-04
42,9,107903.883,107836.055,107841.547,5.27854194E-04
42,10,107903.883,107841.547,107847.055,5.27854194E-04
42,11,107903.883,107847.055,107852.578,5.27854194E-04
42,12,107903.883,107852.578,107858.125,5.27854194E-04
42,13,107903.883,107858.125,107863.695,5.27854194E-04
42,14,107903.883,107863.695,107869.312,5.27854194E-04
42,15,107903.883,107869.312,107874.953,5.27854194E-04
42,16,107903.883,107874.953,107880.633,5.27854194E-04
42,17,107903.883,107880.633,107886.352,5.27854194E-04
42,18,107903.883,107886.352,107892.133,5.27854194E-04
42,19,107903.883,107892.133,107897.977,5.27854194E-04
42,20,107903.883,107897.977,107903.883,5.27854194E-04
43,1,114242.023,107903.883,107991.984,1.14597101E-03
43,2,114242.023,107991.984,108087.375,1.14597101E-03
43,3,114242.023,108087.375,108194.234,1.14597101E-03
43,4,114242.023,108194.234,108317.727,1.14597101E-03
43,5,114242.023,108317.727,108463.570,1.14597101E-03
43,6,114242.023,108463.570,108637.695,1.14597101E-03
43,7,114242.023,108637.695,108845.594,1.14597101E-03
43,8,114242.023,108845.594,109091.656,1.14597101E-03
43,9,114242.023,109091.656,109378.688,1.14597101E-03
43,10,114242.023,109378.688,109707.406,1.14597101E-03
43,11,114242.023,109707.406,110076.312,1.14597101E-03
43,12,114242.023,110076.312,110481.703,1.14597101E-03
43,13,114242.023,110481.703,110918.008,1.14597101E-03
43,14,114242.023,110918.008,111378.258,1.14597101E-03
43,15,114242.023,111378.258,111854.758,1.14597101E-03
43,16,114242.023,111854.758,112339.766,1.14597101E-03
43,17,114242.023,112339.766,112826.164,1.14597101E-03
43,18,114242.023,112826.164,113307.984,1.14597101E-03
43,19,114242.023,113307.984,113780.836,1.14597101E-03
43,20,114242.023,113780.836,114242.023,1.14597101E-03
44,1,116226.469,114242.023,114345.992,3.56097752E-03
44,2,116226.469,114345.992,114449.406,3.56097752E-03
44,3,116226.469,114449.406,114552.273,3.56097752E-03
44,4,116226.469,114552.273,114654.578,3.56097752E-03
44,5,116226.469,114654.578,114756.336,3.56097752E-03
44,6,116226.469,114756.336,114857.555,3.56097752E-03
44,7,116226.469,114857.555,114958.227,3.56097752E-03
44,8,116226.469,114958.227,115058.375,3.56097752E-03
44,9,116226.469,115058.375,115158.016,3.56097752E-03
44,10,116226.469,115158.016,115257.148,3.56097752E-03
44,11,116226.469,115257.148,115355.820,3.56097752E-03
44,12,116226.469,115355.820,115454.023,3.56097752E-03
44,13,116226.469,115454.023,115551.805,3.56097752E-03
44,14,116226.469,115551.805,115649.156,3.56097752E-03
44,15,116226.469,115649.156,115746.141,3.56097752E-03
44,16,116226.469,115746.141,115842.789,3.56097752E-03
44,17,116226.469,115842.789,115939.102,3.56097752E-03
44,18,116226.469,115939.102,116035.133,3.56097752E-03
44,19,116226.469,116035.133,116130.906,3.56097752E-03
44,20,116226.469,116130.906,116226.469,3.56097752E-03
45,1,120880.328,116226.469,116438.586,1.77523145E-03
45,2,120880.328,116438.586,116650.250,1.77523145E-03
45,3,120880.328,116650.250,116862.023,1.77523145E-03
45,4,120880.328,116862.023,117074.461,1.77523145E-03
45,5,120880.328,117074.461,117288.133,1.77523145E-03
45,6,120880.328,117288.133,117503.539,1.77523145E-03
45,7,120880.328,117503.539,117721.164,1.77523145E-03
45,8,120880.328,117721.164,117941.477,1.77523145E-03
45,9,120880.328,117941.477,118164.836,1.77523145E-03
45,10,120880.328,118164.836,118391.609,1.77523145E-03
45,11,120880.328,118391.609,118622.039,1.77523145E-03
45,12,120880.328,118622.039,118856.359,1.77523145E-03
45,13,120880.328,118856.359,119094.734,1.77523145E-03
45,14,120880.328,119094.734,119337.258,1.77523145E-03
45,15,120880.328,119337.258,119584.008,1.77523145E-03
45,16,120880.328,119584.008,119834.992,1.77523145E-03
45,17,120880.328,119834.992,120090.180,1.77523145E-03
45,18,120880.328,120090.180,120349.531,1.77523145E-03
45,19,120880.328,120349.531,120612.961,1.77523145E-03
45,20,120880.328,120612.961,120880.328,1.77523145E-03
46,1,124059.586,120880.328,121036.156,1.39267063E-02
46,2,124059.586,121036.156,121192.336,1.39267063E-02
46,3,124059.586,121192.336,121348.844,1.39267063E-02
46,4,124059.586,121348.844,121505.703,1.39267063E-02
46,5,124059.586,121505.703,121662.906,1.39267063E-02
46,6,124059.586,121662.906,121820.438,1.39267063E-02
46,7,124059.586,121820.438,121978.312,1.39267063E-02
46,8,124059.586,121978.312,122136.508,1.39267063E-02
46,9,124059.586,122136.508,122295.031,1.39267063E-02
46,10,124059.586,122295.031,122453.875,1.39267063E-02
46,11,124059.586,122453.875,122613.055,1.39267063E-02
46,12,124059.586,122613.055,122772.547,1.39267063E-02
46,13,124059.586,122772.547,122932.352,1.39267063E-02
46,14,124059.586,122932.352,123092.469,1.39267063E-02
46,15,124059.586,123092.469,123252.898,1.39267063E-02
46,16,124059.586,123252.898,123413.625,1.39267063E-02
46,17,124059.586,123413.625,123574.664,1.39267063E-02
46,18,124059.586,123574.664,123736.000,1.39267063E-02
46,19,124059.586,123736.000,123897.641,1.39267063E-02
46,20,124059.586,123897.641,124059.586,1.39267063E-02
47,1,126561.062,125589.086,125639.625,3.83732468E-03
47,2,126561.062,125639.625,125689.383,3.83732468E-03
47,3,126561.062,125689.383,125732.984,3.83732468E-03
47,4,126561.062,125732.984,125797.359,3.83732468E-03
47,5,126561.062,125797.359,125804.656,3.83732468E-03
47,6,126561.062,125804.656,125900.391,3.83732468E-03
47,7,126561.062,125900.391,125931.633,3.83732468E-03
47,8,126561.062,125931.633,125946.539,3.83732468E-03
47,9,126561.062,125946.539,126017.672,3.83732468E-03
47,10,126561.062,126017.672,126097.422,3.83732468E-03
47,11,126561.062,126097.422,126134.328,3.83732468E-03
47,12,126561.062,126134.328,126152.445,3.83732468E-03
47,13,126561.062,126152.445,126197.695,3.83732468E-03
47,14,126561.062,126197.695,126272.688,3.83732468E-03
47,15,126561.062,126272.688,126342.758,3.83732468E-03
47,16,126561.062,126342.758,126382.984,3.83732468E-03
47,17,126561.062,126382.984,126402.586,3.83732468E-03
47,18,126561.062,126402.586,126431.086,3.83732468E-03
47,19,126561.062,126431.086,126486.359,3.83732468E-03
47,20,126561.062,126486.359,126561.062,3.83732468E-03
48,1,128766.406,126561.062,126697.305,6.22238545E-03
48,2,128766.406,126697.305,126806.844,6.22238545E-03
48,3,128766.406,126806.844,126892.992,6.22238545E-03
48,4,128766.406,126892.992,126980.906,6.22238545E-03
48,5,128766.406,126980.906,127084.867,6.22238545E-03
48,6,128766.406,127084.867,127221.727,6.22238545E-03
48,7,128766.406,127221.727,127357.680,6.22238545E-03
48,8,128766.406,127357.680,127481.258,6.22238545E-03
48,9,128766.406,127481.258,127590.008,6.22238545E-03
48,10,128766.406,127590.008,127681.219,6.22238545E-03
48,11,128766.406,127681.219,127766.609,6.22238545E-03
48,12,128766.406,127766.609,127867.398,6.22238545E-03
48,13,128766.406,127867.398,127993.484,6.22238545E-03
48,14,128766.406,127993.484,128132.984,6.22238545E-03
48,15,128766.406,128132.984,128265.516,6.22238545E-03
48,16,128766.406,128265.516,128378.391,6.22238545E-03
48,17,128766.406,128378.391,128473.938,6.22238545E-03
48,18,128766.406,128473.938,128563.539,6.22238545E-03
48,19,128766.406,128563.539,128658.828,6.22238545E-03
48,20,128766.406,128658.828,128766.406,6.22238545E-03
49,1,128895.727,128766.406,128776.633,3.06869420E-04
49,2,128895.727,128776.633,128787.148,3.06869420E-04
49,3,128895.727,128787.148,128806.484,3.06869420E-04
49,4,128895.727,128806.484,128818.898,3.06869420E-04
49,5,128895.727,128818.898,128832.812,3.06869420E-04
49,6,128895.727,128832.812,128852.609,3.06869420E-04
49,7,128895.727,128852.609,128872.719,3.06869420E-04
49,8,128895.727,128872.719,128887.508,3.06869420E-04
49,9,128895.727,128887.508,128896.602,3.06869420E-04
49,10,128895.727,128896.602,128902.773,3.06869420E-04
49,11,128895.727,128902.773,128908.359,3.06869420E-04
49,12,128895.727,128908.359,128914.055,3.06869420E-04
49,13,128895.727,128914.055,128917.836,3.06869420E-04
49,14,128895.727,128917.836,128917.656,3.06869420E-04
49,15,128895.727,128917.656,128913.078,3.06869420E-04
49,16,128895.727,128913.078,128905.492,3.06869420E-04
49,17,128895.727,128905.492,128897.328,3.06869420E-04
49,18,128895.727,128897.328,128891.758,3.06869420E-04
49,19,128895.727,128891.758,128890.766,3.06869420E-04
49,20,128895.727,128890.766,128895.727,3.06869420E-04
50,1,135953.031,134849.594,134916.000,3.30410036E-03
50,2,135953.031,134916.000,134984.375,3.30410036E-03
50,3,135953.031,134984.375,135048.438,3.30410036E-03
50,4,135953.031,135048.438,135110.188,3.30410036E-03
50,5,135953.031,135110.188,135164.438,3.30410036E-03
50,6,135953.031,135164.438,135215.219,3.30410036E-03
50,7,135953.031,135215.219,135266.781,3.30410036E-03
50,8,135953.031,135266.781,135317.531,3.30410036E-03
50,9,135953.031,135317.531,135364.562,3.30410036E-03
50,10,135953.031,135364.562,135405.844,3.30410036E-03
50,11,135953.031,135405.844,135443.156,3.30410036E-03
50,12,135953.031,135443.156,135478.938,3.30410036E-03
50,13,135953.031,135478.938,135515.594,3.30410036E-03
50,14,135953.031,135515.594,135554.984,3.30410036E-03
50,15,135953.031,135554.984,135600.094,3.30410036E-03
50,16,135953.031,135600.094,135653.609,3.30410036E-03
50,17,135953.031,135653.609,135717.188,3.30410036E-03
50,18,135953.031,135717.188,135790.688,3.30410036E-03
50,19,135953.031,135790.688,135870.797,3.30410036E-03
50,20,135953.031,135870.797,135953.031,3.30410036E-03
51,1,136409.625,135953.031,136001.844,5.88115596E-04
51,2,136409.625,136001.844,136042.250,5.88115596E-04
51,3,136409.625,136042.250,136074.297,5.88115596E-04
51,4,136409.625,136074.297,136094.562,5.88115596E-04
51,5,136409.625,136094.562,136113.750,5.88115596E-04
51,6,136409.625,136113.750,136130.719,5.88115596E-04
51,7,136409.625,136130.719,136145.281,5.88115596E-04
51,8,136409.625,136145.281,136162.281,5.88115596E-04
51,9,136409.625,136162.281,136183.219,5.88115596E-04
51,10,136409.625,136183.219,136204.297,5.88115596E-04
51,11,136409.625,136204.297,136221.062,5.88115596E-04
51,12,136409.625,136221.062,136233.875,5.88115596E-04
51,13,136409.625,136233.875,136245.906,5.88115596E-04
51,14,136409.625,136245.906,136260.812,5.88115596E-04
51,15,136409.625,136260.812,136280.000,5.88115596E-04
51,16,136409.625,136280.000,136302.438,5.88115596E-04
51,17,136409.625,136302.438,136326.812,5.88115596E-04
51,18,136409.625,136326.812,136353.000,5.88115596E-04
51,19,136409.625,136353.000,136380.328,5.88115596E-04
51,20,136409.625,136380.328,136409.625,5.88115596E-04
52,1,140647.859,140376.422,140385.922,2.64461938E-04
52,2,140647.859,140385.922,140415.922,2.64461938E-04
52,3,140647.859,140415.922,140433.828,2.64461938E-04
52,4,140647.859,140433.828,140420.234,2.64461938E-04
52,5,140647.859,140420.234,140416.953,2.64461938E-04
52,6,140647.859,140416.953,140388.406,2.64461938E-04
52,7,140647.859,140388.406,140376.750,2.64461938E-04
52,8,140647.859,140376.750,140391.297,2.64461938E-04
52,9,140647.859,140391.297,140406.078,2.64461938E-04
52,10,140647.859,140406.078,140413.000,2.64461938E-04
52,11,140647.859,140413.000,140424.719,2.64461938E-04
52,12,140647.859,140424.719,140447.859,2.64461938E-04
52,13,140647.859,140447.859,140476.328,2.64461938E-04
52,14,140647.859,140476.328,140499.812,2.64461938E-04
52,15,140647.859,140499.812,140517.656,2.64461938E-04
52,16,140647.859,140517.656,140537.875,2.64461938E-04
52,17,140647.859,140537.875,140565.812,2.64461938E-04
52,18,140647.859,140565.812,140599.609,2.64461938E-04
52,19,140647.859,140599.609,140630.047,2.64461938E-04
52,20,140647.859,140630.047,140647.859,2.64461938E-04
53,1,141311.672,140647.859,140681.875,1.13557735E-02
53,2,141311.672,140681.875,140716.000,1.13557735E-02
53,3,141311.672,140716.000,140750.391,1.13557735E-02
53,4,141311.672,140750.391,140785.188,1.13557735E-02
53,5,141311.672,140785.188,140820.188,1.13557735E-02
53,6,141311.672,140820.188,140854.906,1.13557735E-02
53,7,141311.672,140854.906,140889.344,1.13557735E-02
53,8,141311.672,140889.344,140923.172,1.13557735E-02
53,9,141311.672,140923.172,140956.312,1.13557735E-02
53,10,141311.672,140956.312,140989.125,1.13557735E-02
53,11,141311.672,140989.125,141021.266,1.13557735E-02
53,12,141311.672,141021.266,141053.172,1.13557735E-02
53,13,141311.672,141053.172,141084.891,1.13557735E-02
53,14,141311.672,141084.891,141116.516,1.13557735E-02
53,15,141311.672,141116.516,141148.203,1.13557735E-02
53,16,141311.672,141148.203,141180.531,1.13557735E-02
53,17,141311.672,141180.531,141212.594,1.13557735E-02
53,18,141311.672,141212.594,141245.234,1.13557735E-02
53,19,141311.672,141245.234,141278.219,1.13557735E-02
53,20,141311.672,141278.219,141311.672,1.13557735E-02
54,1,141331.938,141311.672,141313.062,2.91513890E-04
54,2,141331.938,141313.062,141310.594,2.91513890E-04
54,3,141331.938,141310.594,141307.828,2.91513890E-04
54,4,141331.938,141307.828,141305.781,2.91513890E-04
54,5,141331.938,141305.781,141301.500,2.91513890E-04
54,6,141331.938,141301.500,141294.047,2.91513890E-04
54,7,141331.938,141294.047,141286.641,2.91513890E-04
54,8,141331.938,141286.641,141283.922,2.91513890E-04
54,9,141331.938,141283.922,141288.797,2.91513890E-04
54,10,141331.938,141288.797,141300.984,2.91513890E-04
54,11,141331.938,141300.984,141316.422,2.91513890E-04
54,12,141331.938,141316.422,141330.625,2.91513890E-04
54,13,141331.938,141330.625,141339.844,2.91513890E-04
54,14,141331.938,141339.844,141342.422,2.91513890E-04
54,15,141331.938,141342.422,141339.312,2.91513890E-04
54,16,141331.938,141339.312,141332.484,2.91513890E-04
54,17,141331.938,141332.484,141325.828,2.91513890E-04
54,18,141331.938,141325.828,141322.016,2.91513890E-04
54,19,141331.938,141322.016,141323.875,2.91513890E-04
54,20,141331.938,141323.875,141331.938,2.91513890E-04
55,1,141597.703,141331.938,141351.203,1.29074126E-03
55,2,141597.703,141351.203,141373.438,1.29074126E-03
55,3,141597.703,141373.438,141396.875,1.29074126E-03
55,4,141597.703,141396.875,141419.125,1.29074126E-03
55,5,141597.703,141419.125,141439.625,1.29074126E-03
55,6,141597.703,141439.625,141457.188,1.29074126E-03
55,7,141597.703,141457.188,141471.391,1.29074126E-03
55,8,141597.703,141471.391,141481.766,1.29074126E-03
55,9,141597.703,141481.766,141488.766,1.29074126E-03
55,10,141597.703,141488.766,141492.922,1.29074126E-03
55,11,141597.703,141492.922,141495.062,1.29074126E-03
55,12,141597.703,141495.062,141496.812,1.29074126E-03
55,13,141597.703,141496.812,141499.328,1.29074126E-03
55,14,141597.703,141499.328,141503.562,1.29074126E-03
55,15,141597.703,141503.562,141510.594,1.29074126E-03
55,16,141597.703,141510.594,141521.250,1.29074126E-03
55,17,141597.703,141521.250,141535.797,1.29074126E-03
55,18,141597.703,141535.797,141554.078,1.29074126E-03
55,19,141597.703,141554.078,141574.844,1.29074126E-03
55,20,141597.703,141574.844,141597.703,1.29074126E-03
56,1,141728.266,141597.703,141620.469,5.25850803E-04
56,2,141728.266,141620.469,141642.016,5.25850803E-04
56,3,141728.266,141642.016,141660.984,5.25850803E-04
56,4,141728.266,141660.984,141675.312,5.25850803E-04
56,5,141728.266,141675.312,141684.016,5.25850803E-04
56,6,141728.266,141684.016,141686.812,5.25850803E-04
56,7,141728.266,141686.812,141683.906,5.25850803E-04
56,8,141728.266,141683.906,141677.453,5.25850803E-04
56,9,141728.266,141677.453,141668.766,5.25850803E-04
56,10,141728.266,141668.766,141659.688,5.25850803E-04
56,11,141728.266,141659.688,141651.312,5.25850803E-04
56,12,141728.266,141651.312,141645.219,5.25850803E-04
56,13,141728.266,141645.219,141642.281,5.25850803E-04
56,14,141728.266,141642.281,141643.594,5.25850803E-04
56,15,141728.266,141643.594,141649.578,5.25850803E-04
56,16,141728.266,141649.578,141659.969,5.25850803E-04
56,17,141728.266,141659.969,141674.312,5.25850803E-04
56,18,141728.266,141674.312,141691.266,5.25850803E-04
56,19,141728.266,141691.266,141709.703,5.25850803E-04
56,20,141728.266,141709.703,141728.266,5.25850803E-04
57,1,142750.797,142723.719,142736.797,3.52021918E-04
57,2,142750.797,142736.797,142745.719,3.52021918E-04
57,3,142750.797,142745.719,142754.422,3.52021918E-04
57,4,142750.797,142754.422,142758.547,3.52021918E-04
57,5,142750.797,142758.547,142756.203,3.52021918E-04
57,6,142750.797,142756.203,142749.891,3.52021918E-04
57,7,142750.797,142749.891,142741.328,3.52021918E-04
57,8,142750.797,142741.328,142731.953,3.52021918E-04
57,9,142750.797,142731.953,142721.641,3.52021918E-04
57,10,142750.797,142721.641,142711.031,3.52021918E-04
57,11,142750.797,142711.031,142700.891,3.52021918E-04
57,12,142750.797,142700.891,142691.922,3.52021918E-04
57,13,142750.797,142691.922,142685.656,3.52021918E-04
57,14,142750.797,142685.656,142682.938,3.52021918E-04
57,15,142750.797,142682.938,142684.734,3.52021918E-04
57,16,142750.797,142684.734,142691.344,3.52021918E-04
57,17,142750.797,142691.344,142702.297,3.52021918E-04
57,18,142750.797,142702.297,142716.359,3.52021918E-04
57,19,142750.797,142716.359,142732.938,3.52021918E-04
57,20,142750.797,142732.938,142750.797,3.52021918E-04
58,1,143794.375,142750.797,142854.547,1.74352981E-03
58,2,143794.375,142854.547,142934.609,1.74352981E-03
58,3,143794.375,142934.609,142993.297,1.74352981E-03
58,4,143794.375,142993.297,143049.594,1.74352981E-03
58,5,143794.375,143049.594,143116.422,1.74352981E-03
58,6,143794.375,143116.422,143197.156,1.74352981E-03
58,7,143794.375,143197.156,143258.672,1.74352981E-03
58,8,143794.375,143258.672,143288.625,1.74352981E-03
58,9,143794.375,143288.625,143271.109,1.74352981E-03
58,10,143794.375,143271.109,143235.719,1.74352981E-03
58,11,143794.375,143235.719,143241.953,1.74352981E-03
58,12,143794.375,143241.953,143321.906,1.74352981E-03
58,13,143794.375,143321.906,143456.875,1.74352981E-03
58,14,143794.375,143456.875,143601.141,1.74352981E-03
58,15,143794.375,143601.141,143709.672,1.74352981E-03
58,16,143794.375,143709.672,143759.547,1.74352981E-03
58,17,143794.375,143759.547,143759.578,1.74352981E-03
58,18,143794.375,143759.578,143743.391,1.74352981E-03
58,19,143794.375,143743.391,143748.641,1.74352981E-03
58,20,143794.375,143748.641,143794.375,1.74352981E-03
